id         f_co_150         Best-GMCcat     #Best-GMCcat     #120-GMCcat-orignoise #120-GMCcat-homnoise
#IC5332     7.1              60              12               3                     1
NGC0628    64.5             60              694              329                   228
NGC1087    67.5             120             308              308                   209
NGC1300    52.4             120             407              407                   260
NGC1365    76.4             120             1091             1091                  767
NGC1385    65.5             120             348              348                   263
NGC1433    57.3             120             277              277                   217
NGC1512    53.1             90              318              246                   145
NGC1566    92.3             120             944              944                   771
#NGC1672    -                200             458              -                     -
#NGC2835    25.8             60              190              104                   42
NGC3351    71.7             90              316              228                   93
NGC3627    85.3             90              991              671                   767
NGC4254    82.4             120             847              847                   764
#NGC4303    73.1             150             873              -                     -
NGC4321    72.2             120             1213             1213                  980
NGC4535    66.9             120             644              644                   419
#NGC5068    46.5             60              145              167                   14
#NGC7496    73.3             150             184              -                     -