12.5 8.786469539290023 7.690456015638812
37.5 1.6215422336063163 2.2632511644521465
62.5 1.5401536464632999 1.7963597697706781
87.5 0.5323020193576266 1.19561270001441
112.5 -0.4734537223725803 0.7377438425284853
137.5 -0.33046211826371896 0.6829274727230168
162.5 0.22520968118808882 0.7790453114549687
187.5 -0.6224355838865638 0.5065629160656819
212.5 -0.12504664397399234 0.6151868290029238
237.5 -0.24077359159063916 0.5604004934044335
262.5 0.7844272235818193 0.7249026956421922
287.5 -0.49789381446918357 0.4394364332704866
312.5 0.22493885292805071 0.5702083713519188
337.5 0.40562238635503756 0.5697257263020906
362.5 -0.014178872755390204 0.48571263641421786
387.5 0.05001855432442903 0.4797741878869296
412.5 0.18398495676681792 0.4758002335536947
437.5 0.4897592777609684 0.5046861760262971
462.5 0.5444540019328359 0.517762262996141
487.5 0.10120591428607073 0.4294791662753176
