12.5 9.317829457364342 7.690456015638812
37.5 2.1478123768230195 2.2632511644521465
62.5 2.061334014822387 1.7963597697706781
87.5 1.0483926128590975 1.19561270001441
112.5 0.037547096271274505 0.7377438425284853
137.5 0.17544892552251978 0.6829274727230168
162.5 0.7260309501167115 0.7790453114549687
187.5 -0.12670408981555725 0.5065629160656819
212.5 0.36559507523939816 0.6151868290029238
237.5 0.24477835276513527 0.5604004934044335
262.5 1.2648893930799776 0.7249026956421922
287.5 -0.02252141982864131 0.4394364332704866
312.5 0.6952214727109769 0.5702083713519188
337.5 0.8708152312803477 0.5697257263020906
362.5 0.4459241973123038 0.48571263641421786
387.5 0.505031849534507 0.4797741878869296
412.5 0.6339084771192798 0.4758002335536947
437.5 0.9345930232558142 0.5046861760262971
462.5 0.9841979725700656 0.517762262996141
487.5 0.5358601100656843 0.4294791662753176
512.5 0.4739756367663346 0.4120390159252486
537.5 0.04103660444259072 0.3310448544104175
562.5 0.25345959662019 0.3642765641562001
587.5 0.8951115329852875 0.4280620617347732
612.5 0.9028783835303089 0.4298340295126654
637.5 0.1999861297332286 0.3349597715551847
662.5 0.7135938202476804 0.3773712643180665
687.5 0.2582718850444319 0.32707811131060927
712.5 0.20598006644518274 0.3243979121252318
737.5 0.6036757955936352 0.3529595925274852
762.5 0.5185685219342451 0.34232745486762217
787.5 0.5123854253465647 0.3409224453865934
812.5 0.7872102347960688 0.3683066586109228
837.5 0.4922792056670122 0.3207012021015913
862.5 0.4172018658734451 0.3116097616789637
887.5 0.7990850171559283 0.35623107670690535
912.5 -0.21249075519763339 0.2282962639769695
937.5 0.12482393815142889 0.2667244394941888
962.5 -0.04985881531774472 0.24657728021947573
987.5 1.303912297853926 0.3887196281451834
1012.5 0.13390028098284223 0.2617179712737252
1037.5 0.12737944869604 0.2602038576451406
1062.5 1.1214858218471067 0.3626696616079035
1087.5 -0.06645304140937658 0.22755366625680015
1112.5 0.5973703861745254 0.2941362619285265
1137.5 0.3505012378749137 0.27205723771832546
1162.5 0.7276365603028663 0.3082337743764329
1187.5 0.42699633360246714 0.27672762734245465
1212.5 0.1795209194908427 0.2530667909694601
1237.5 0.5132069274787465 0.2785144247527233
1262.5 0.5869473582792384 0.2786025939323543
1287.5 0.050349733963053644 0.22519822675541143
1312.5 0.5602827641737316 0.27388271968804256
1337.5 0.07922723480263705 0.22633833557244804
1362.5 1.065700982928091 0.318500978920099
1387.5 0.10076416685963796 0.22145383059315546
1412.5 0.02731635289774803 0.21539191350278966
1437.5 0.193798449612403 0.22705225065853926
1462.5 0.12715783988013807 0.2223913892288626
1487.5 0.30299997824526304 0.23955738825658865
1512.5 -0.010807295698758379 0.2029907289718102
1537.5 0.33014095063604754 0.2368160011383942
1562.5 0.24348786980762482 0.22482738666943414
1587.5 -0.07563203534189245 0.18962261990710377
1612.5 0.42984462967752224 0.24013513181457288
1637.5 0.37716791486007084 0.23450366317731008
1662.5 0.012614118796258067 0.19593733688912893
1687.5 -0.10298584725979898 0.18794159626740828
1712.5 0.4585413369049067 0.2353805752617226
1737.5 0.05980066445182719 0.19791987940050138
1762.5 0.32102753721903277 0.22816013727027246
1787.5 0.24057202905834507 0.21417279492412977
1812.5 0.07896342526411226 0.19491012766405513
1837.5 0.5714847942754919 0.23890646172333235
1862.5 0.2414500683994527 0.2112414006572079
1887.5 0.16516933415863444 0.20409848689362212
1912.5 -0.1757946883170498 0.16898518346300948
1937.5 0.5926850840226832 0.23683385992017392
1962.5 0.1737509133513062 0.19965006127420556
1987.5 0.7328517090853395 0.24490131134281978
2012.5 0.1733860105953129 0.19679603308057342
2037.5 0.26224732156588004 0.20891777196309208
2062.5 0.3448530801015339 0.2115461845088942
2087.5 0.5217719178748661 0.22378467518009776
2112.5 0.03285884036181086 0.18359798545739894
2137.5 0.06889744018738475 0.19004056287483495
2162.5 0.3697152078834325 0.20800966917719155
2187.5 0.2553061142235298 0.20236393513373893
2212.5 0.16683306952392551 0.1956901787513859
2237.5 0.2808340016038495 0.2039095276606954
2262.5 0.46941224470204235 0.21836043272802932
2287.5 0.10583753115620365 0.18287784921809633
2312.5 0.4111600248922487 0.20963916399823557
2337.5 0.12835376331767678 0.18662382585970755
2362.5 0.20718604651162797 0.19455689477360624
2387.5 -0.000271830492227787 0.1698921068436604
2412.5 0.07193808676443503 0.1822333963455108
2437.5 -0.00464823015337712 0.17161383804879457
2462.5 -0.213293831772973 0.15204165127825406
2487.5 0.06702098441942117 0.178855636956504
2512.5 -0.0008684133058580734 0.172269004922712
2537.5 -0.18696278197129024 0.15432076328306002
2562.5 0.23622291021671815 0.18977294687737498
2587.5 0.3581055227243737 0.19745390403683255
2612.5 0.0607709815691031 0.17538289766144974
2637.5 0.07880790572978369 0.17374806916473165
2662.5 0.07157536423279809 0.17483258270184684
2687.5 -0.2942496074179316 0.1389340062423793
2712.5 -0.14680663349002632 0.1539404111929365
2737.5 0.25371600647937376 0.19027640568012086
2762.5 -0.3254687763950673 0.13818728248162507
2787.5 0.13480747235989332 0.17830677168476125
2812.5 0.1450119003240331 0.1821550249297736
2837.5 -0.13290490699710245 0.15399618716038524
2862.5 -0.0403477769138334 0.16542722086377845
2887.5 0.15750034423532666 0.1841539888587953
2912.5 0.40357414020978033 0.19998984848188253
2937.5 -0.141423032730156 0.15247643792524687
2962.5 0.12942126068449777 0.17745537789292715
2987.5 -0.13837940179447727 0.15546791386443673
3012.5 0.16622248183709987 0.18555025466897818
3037.5 0.0003435761987586883 0.16999724531320626
3062.5 0.011490694156141235 0.16949744150309265
3087.5 0.05823891870403508 0.17737528137059966
3112.5 -0.08058945429426667 0.16083920206987048
3137.5 0.02169215898106569 0.1712162232286625
3162.5 -0.01898089976765238 0.16669610321543515
3187.5 -0.2287811263797187 0.14903619598983864
3212.5 -0.38705963619617767 0.13110990019398286
3237.5 -0.14528669281334583 0.15421590242815536
3262.5 -0.2163673829849868 0.14871619529642732
3287.5 -0.048619885489845194 0.16646023814779737
3312.5 0.0660369870624653 0.17625849535581375
3337.5 -0.29157411415716294 0.14222460338352677
3362.5 -0.04528097552056609 0.16457249699977236
3387.5 -0.3635731362747229 0.13615083916931764
3412.5 -0.11477154321945593 0.16238838962598212
3437.5 -0.34897060785272804 0.13928563467551508
3462.5 -0.19562638494079732 0.15547078878151077
3487.5 -0.23182561469193252 0.1512732288075248
3512.5 -0.20982270465189579 0.1527153239311255
3537.5 -0.054253697097094045 0.16803510973248134
3562.5 -0.08370802228771801 0.16277626268352344
3587.5 -0.5040440128882362 0.12060778637519275
3612.5 -0.36829615567157103 0.13831715988094603
3637.5 -0.2308467368514635 0.15146678672675443
3662.5 -0.028787308163072955 0.1753447696784103
3687.5 -0.36765090148941715 0.14187817548482756
3712.5 -0.4617702328753004 0.13091765837897154
3737.5 -0.3022779260388867 0.14931264692208737
3762.5 -0.0815637501745623 0.17442436232209962
3787.5 -0.20547195622435033 0.1628747082579665
3812.5 -0.4129312357840297 0.14283446357400803
3837.5 -0.22966431653162156 0.1649159332985092
3862.5 -0.3907263963810328 0.1482545358051441
3887.5 -0.19917859104821212 0.16770128450510333
3912.5 -0.2221500728193616 0.17045020812392855
3937.5 -0.2556275341380434 0.16711253305619966
3962.5 -0.1623902285534482 0.17938259460924652
3987.5 -0.14844114958870736 0.18667546904140847
4012.5 -0.1086691830025569 0.19094221331024577
4037.5 -0.5142434257212952 0.14059212939711743
4062.5 -0.2782865405470538 0.17076926155534172
4087.5 -0.012122711528946173 0.20271937379893967
4112.5 -0.2329103386447805 0.18155001547076735
4137.5 -0.3592884191609079 0.16600075194618857
4162.5 -0.44700593380136144 0.15382895688302958
4187.5 -0.37885976510850117 0.1665609916222193
4212.5 -0.46733958824314115 0.15420619638444288
4237.5 -0.14930142853939132 0.19605555010417242
4262.5 -0.31887189401262295 0.17651032955986468
4287.5 -0.32770703988214245 0.16868055272197804
4312.5 -0.4105536882267441 0.16400103852746584
4337.5 -0.5363930847914175 0.14697088797358188
4362.5 -0.016110107244268312 0.21583680391935042
4387.5 0.04765652951699484 0.22461757450808387
4412.5 -0.033710040413329034 0.21719028251547132
4437.5 -0.33925230075991897 0.1839092703028772
4462.5 -0.24910675108130131 0.19466210550583665
4487.5 -0.024574946257572505 0.2192542246510734
4512.5 -0.3502766165168849 0.18083015727913898
4537.5 -0.27086566930571687 0.19563290154371615
4562.5 -0.17088870431893688 0.2082011150107082
4587.5 0.11944303527087285 0.24575051245477536
4612.5 -0.5121166456237527 0.16305444346526993
4637.5 -0.1738392783249193 0.21426058459286346
4662.5 -0.5422774362721919 0.16222771416426013
4687.5 -0.28385245411609983 0.2075296328921854
4712.5 -0.3426865403609589 0.19888766380634706
4737.5 -0.3172024623803009 0.20662669683655296
4762.5 -0.43223900404448934 0.18983134446019315
4787.5 -0.2836850516977071 0.21680849412235076
4812.5 -0.256575606783792 0.22504635582845864
4837.5 -0.313162240264208 0.21799893452980432
4862.5 -0.4472591362126246 0.1960041608572143
4887.5 -0.4009002250562641 0.21249592841008452
4912.5 -0.1861484214173612 0.2584877997259338
4937.5 -0.5011971435114821 0.20418159791696733
4962.5 -0.07726728430075003 0.2795932405240839
4987.5 -0.5479042594144153 0.2026749338920857
