NGC3627 5.200468398128418 3.8909582031375267 6.550968797021671 37.43 3.2677853370578407 0.29992002114766636
NGC1087 3.5098806808718646 2.8190479948768905 6.411205007006584 37.49 3.2987121567235627 0.3187284055956498
NGC4321 1.5948772184025033 1.0512145911575492 6.421577155604692 37.95 3.650567414337848 0.26769538510240554
NGC4254 7.251259874523706 5.082241394126919 6.65351086132601 37.36 3.2260302774729612 0.28334188589874204
NGC1566 9.020784808903791 6.566918607501577 6.551461619017732 37.14 3.0294166457338663 0.2930641820485079
NGC1512 3.2913378733150847 2.4032972383115543 6.341970954491075 37.41 3.2574763971692655 0.2936505596650045
NGC3351 7.943009051692219 6.626257865692891 6.2242751497136215 36.84 2.7577057560488623 0.32954455221485224
NGC0628 12.325715333998577 10.00361140557716 6.36058897237329 36.63 2.7032218286929353 0.3219799973145009
NGC4535 10.720493126459173 8.885313658148245 6.341525171489176 36.79 2.744733392392688 0.3277434677147684
NGC1385 4.57127135467886 3.243054318528596 6.390477313918001 37.29 3.163471394646885 0.2864353437645767
NGC1365 5.908087891447084 4.571923091370117 6.870600575964697 37.82 3.531339316176306 0.30836203666725764
NGC1433 4.692170981920632 3.311569512875978 6.428665447204739 37.32 3.19028234442949 0.28510957610779036
NGC1300 6.4701473288751 4.845438875697804 6.348807128042162 37.08 2.9711507140003737 0.30040115006474305
