-2155.606911900567 -2553.6062441477793
-2240.057616086487 -2722.581059478112
-4312.356269870932 1050.9156744096467
-4700.37760776198 497.0244679829111
-4572.10200527711 653.3074280054302
-2972.4832367306994 -2871.4597190033824
-3220.7643679773983 -1054.2402124529194
-3307.2717244510723 -1239.957026608937
-2253.013289895002 -3499.18461925175
-2341.998534386092 -3687.714266427096
-2560.8801399158715 -1285.262630106976
-2688.919827390978 -1478.2247609680453
-1537.8861259867383 -2310.8359888266546
-1350.4103127112874 -2535.841742630579
-1563.8149495179343 -2556.0658581935018
-1380.3053799152096 -2745.1059077654777
-5632.943757167178 -958.1811214081046
-5848.163298074841 572.8128785732265
-5594.925810377028 641.2515349070339
-6001.884214896586 -297.449775768748
-6081.253750905559 -622.8335207821675
-5921.3714238584525 -468.48909443353085
-5187.567204014977 1580.257848500677
-3964.169246302549 -781.6657264507686
-2602.2614550139415 -580.9526892876512
-2117.3981288901564 -1097.0588535563436
-2680.703226360149 543.7249568101473
-2453.233983444624 -2.5278372839321213
-2223.0364750734907 -10.720064940715437
-2317.7530140245503 -393.5665351833513
-2346.879856067652 -255.8301668440625
-722.731422248697 -1629.2060873422608
-1252.4664808492387 -1836.0950336110304
-1292.3061150543654 -1657.452445234906
-1054.3031327591493 -1872.037904410229
-1066.3415565890898 -1623.146359148763
-1047.317143832235 -1330.7198166523422
-418.61572835642363 -1905.890638403598
626.2384039265387 -4355.647161810539
651.0889859391302 -3287.92745723981
914.582549783354 -3248.1236307737017
-164.7938445657806 -3888.4429450722123
498.3092565835025 -3772.445434332636
253.98012560346032 -3734.30339338331
-5.146548240557684 -3826.3692071100545
-120.96536169654681 -3640.1078330254677
167.67192142928218 -1930.1956307071348
-1893.5071688710475 -1728.644914060674
25.119448920507974 -718.9868444032354
603.709747226359 103.23830564726047
952.8854346658434 169.52084551978837
918.5327975187182 661.7125574131348
45.88172804189721 -492.4702503080772
-9.342012573127253 -292.8594551163101
219.11130059113285 -528.503591596217
383.35007225113173 -417.5455454222553
549.6165001900025 -358.9849995527448
443.940042439682 -206.73520792918316
669.1823765371159 -122.49626421975378
-3303.5055900051616 1574.6745382814347
-988.5548176161235 -3067.5762434367466
-992.7315214365673 -2877.8552074851414
380.25551176816646 -1611.175006641023
812.7346489270715 -2388.684736360855
1019.2795982770286 -1556.1542350175
737.0416023062318 -2024.687476621811
657.6970661612957 -1678.9309014686635
1638.9751392492392 -1191.9886810430141
1085.2885540799814 -2074.530776725942
1053.284432593562 -1886.7381843992798
1565.887814347718 -1106.125077599253
1257.788765660586 -1589.6568393536138
1467.8196525074432 -1640.1277093000747
1531.5609368329192 -1340.5521575772834
-6178.413845710397 -144.40491868495434
254.95095203860248 236.95700046051508
-973.9948731350678 -223.7841335105613
-526.8118256327866 -1145.1886276336845
-180.19419574855206 -1484.485878420498
1.2188779860083845 411.54054189965007
-831.8207190184897 -885.8396127254409
-901.002723532983 -608.62256594457
-660.5908384278392 39.09555001972144
-599.9899415460438 280.9093986196783
-332.0662702689259 414.27727495818635
1085.1569122644203 -4672.871130228663
2129.707219496998 -4626.704045761962
1484.349291368772 -3557.2839318557685
1496.019445577264 -3108.1918616982457
1426.2075169989641 -3734.3659505171454
1190.2939108043972 -4065.2656551826212
1209.4479333667193 -3300.388562660664
1349.4891781047618 -3098.456419239044
1290.4205877503016 -4066.4863284629214
1232.053641087961 -3852.554711279633
1286.6280828554316 -3546.5453495465413
-4399.297309394747 2403.8066982315786
-4297.64415766184 2585.315782357819
1211.5963918823472 -2258.334013705117
1238.01631962238 -2321.228421772587
-2800.352093242125 3086.9369701145356
-3372.9271861604993 3195.251637633724
-3129.3751296461664 3344.370837582873
-3042.4346406763457 2987.4947823509806
-3190.339410147704 2739.632433151916
-3644.1206492699303 2656.420745649915
-3421.5886706324077 2732.6019438882927
-1641.412718535074 1559.2462020304827
-1501.8004358660278 1231.959922882955
-1312.7982398068903 1691.0387682313526
-1518.780123302841 1488.1932262314876
-2087.031817885399 544.7674924149696
-2128.042826963665 680.4282093882831
-1876.7093645500886 1097.5484165918713
-1714.3752653659956 1322.577637910233
2812.1983228298463 -5595.674694443902
1655.583238149757 -2277.5822871380774
3363.759251211568 -2917.8585966805504
3782.309237515035 -2467.297904162482
3493.8156261352997 -2758.5912567510222
3147.1632825832876 -3186.6222189660875
2991.6913976444757 -2958.747526578354
3262.1842675770504 -2723.0829307405647
3517.532124821175 -2441.3575105299647
3481.634326185296 -2953.033036065637
3603.269936287019 -2638.1230134995913
3375.5001863397238 -2467.6761661914957
3342.224191582468 -2592.3946181108363
1782.7420539482548 -3120.0538003977726
-2246.5677351862832 3353.0976039655725
-2451.677462201584 3195.764704760694
-1930.856228589408 3321.0426102305273
-2506.3489400878025 3189.2603031859817
-2355.979206205701 3231.1784075673227
2093.316574089752 -751.1721534035472
4516.252270368951 -1870.0145372066756
4372.894178802157 -1573.2356417243027
4638.558108018405 -1098.4482016863835
4433.395842552913 -1283.205898830082
-1124.6352227234274 3384.0760207662656
-1395.1898046265164 3467.632313684827
-1166.7649130895427 3669.935275107877
-1289.5789872733749 3858.818392615909
-1397.5773373224113 4090.3404921610054
-1373.3599443634394 4206.6560845369395
-92.22863713903395 1142.3397862454403
-602.1137901777106 1373.3671451195225
126.01362713543169 1220.9444700846432
-258.7742640511143 1447.7044535139403
-106.20147017620177 1348.656007041033
485.32369662506034 658.9938176723361
12.931611470856122 764.6481157349012
294.1221073996251 720.3925777741664
133.95139003076218 882.8734397808663
366.07580950509623 868.4238625858713
2501.5961943128636 -2987.267555655381
2399.6847784086826 -3060.7455908772968
2281.9431653919582 -2983.304129213346
326.7435135624736 1662.1089797971074
478.8595424527112 1481.351791042812
676.2059730767812 1295.3475394247416
2766.631891306276 -812.8691332862729
391.18932028252 3705.5349195920603
-398.4248201195865 3640.147908298201
-73.4254764603113 3703.8941088303472
3267.516293771592 1710.0946313707645
3161.9077361982067 2103.6519322381846
1055.9400804629825 2110.545598071722
1712.2831642319532 2759.3222280793643
1247.3176547637293 3140.53688383777
1400.7610377132096 2749.861681702492
3065.8492201866375 -633.754327936418
2004.1034327275397 1371.535239982151
2137.469021192028 1662.6868173604257
2730.6030215784635 1914.8967652551662
2191.7262147634137 2142.866681797093
2070.720165866522 2461.506198210485
2189.1030407102644 1866.2228350829303
2416.9604062384087 1878.388401209789
4001.017298100962 -1838.8697231240983
3911.5837466103735 -2141.1679737185304
4164.955941780473 -1951.6312424631712
3819.857461345682 363.4672800290723
2809.292526152218 674.186220967325
3577.9804738945118 231.32641924556674
2413.6211746837203 -39.90640779571927
3391.1240116564086 107.65134713993392
3479.814676627918 219.47995642190722
2398.481994856389 291.65751613114486
2474.0595092735384 -48.41152684875442
2710.9095001538612 449.4907363061258
2658.4769364880685 281.8984465413765
2948.3322071575667 146.31355040619633
3178.6610613550715 77.76926131753507
3829.540083733785 1098.3540513207943
5111.440709852985 977.6070458993221
613.6557056060552 2955.616892725805
840.6252226572657 3083.252853226725
4367.899684676385 1295.1713587686415
4511.40699505557 1468.0364344637114
5022.04858747796 1364.2474933191418
4756.573207122249 1424.7465389169033
5965.3916331326145 779.566329205139
5011.629220542034 -90.32663636399535
5449.945810095552 -280.4371412150327
5274.328596420502 -41.672615360052106
5660.5544826584 57.975452998985276
5575.568081095193 -18.890247908570018
5620.508605509033 885.8961444746943
5712.962795286309 914.9106622352444
5797.8577481453085 1271.4391612907707
3929.7522899970036 2218.8970467658332
4023.5105155476203 2344.8379629195006
