12.5 1.1767421841374186 0.46500288088516345
37.5 0.8134949052983653 0.23737021593221855
62.5 0.29207691143985803 0.1543880823600421
87.5 0.314884872651537 0.13388561298908888
112.5 0.39317066900355213 0.12000096767985632
137.5 0.39434198773411877 0.10983232660500555
162.5 0.23471484532104658 0.09396276898225227
187.5 0.19577057046243596 0.08630693348790448
212.5 0.1510857602596012 0.07917733807679778
237.5 0.24736169887070347 0.07853990712199517
262.5 0.306045310482451 0.07752904897196888
287.5 0.09792806963336198 0.06729148830001815
312.5 0.31445949302955656 0.07065601037750853
337.5 0.12560230607046985 0.06308858949527743
362.5 0.14950550765436454 0.06141048898878547
387.5 0.18935543294972756 0.06091932163494937
412.5 0.12035501913901703 0.05687874666364898
437.5 0.10395635830358341 0.05482775057998476
462.5 0.0739618383267251 0.05280996492702737
487.5 0.048024001952191364 0.050580549038439226
512.5 0.0915797332599495 0.050683677528627236
537.5 0.07778065479558527 0.04912705654371264
562.5 0.17798425535588813 0.05064029436633181
587.5 0.04059854219737424 0.0462618922664883
612.5 0.10396068465996655 0.04693346709780983
637.5 0.11031299166591646 0.046416285967002945
662.5 0.10603891022738732 0.045155114156303085
687.5 0.024250004473963527 0.04249433470242106
712.5 0.06470561907097427 0.043326935643315925
737.5 0.09624343915319478 0.04294076034987459
762.5 0.11616621063271326 0.04263026613882892
787.5 0.04526167031119943 0.04034287593755931
812.5 0.015168467855966039 0.039212624313913286
837.5 0.07596230065490639 0.039728811632459775
862.5 0.12662562143845246 0.040499527063219624
887.5 0.02491742628368665 0.03792731359647219
912.5 0.03498430341618253 0.03786389083971376
937.5 0.05547322530592713 0.037585764386364545
962.5 0.008692187177748112 0.0362378384221655
987.5 0.08037994358200495 0.0372281479078357
1012.5 0.104479507897141 0.037202267096425504
1037.5 0.06432804678654414 0.036334641359375607
1062.5 0.003950373558363918 0.034836734127770275
1087.5 0.08552616861834195 0.03580165020297731
1112.5 0.05415708432705979 0.03478042027815915
1137.5 0.054377417720024246 0.03475170692200682
1162.5 0.04559224511128912 0.034155661800597446
1187.5 0.0708086723195489 0.034271159221514746
1212.5 0.0029952611878878432 0.03275167982144518
1237.5 0.04438779120063918 0.03314862782250028
1262.5 0.051818827088557784 0.03318253285883289
1287.5 0.026533943619694744 0.032398562628890244
1312.5 -0.0016353617663296127 0.03149091947442659
1337.5 0.013056403200996547 0.03153129739238764
1362.5 0.04713847724817466 0.03206964264950758
1387.5 0.02478792693523224 0.03131433935527567
1412.5 0.0850418145345726 0.032124325699095325
1437.5 -0.02765912827911088 0.030029999787950738
1462.5 0.045304238729934054 0.03102616689918694
1487.5 0.02799538524484535 0.030501364334122434
1512.5 0.01571713357229676 0.030257033550302743
1537.5 0.032489544150681615 0.03009729209657724
1562.5 -0.03486250226211829 0.02899208245221162
1587.5 0.07466984203943894 0.03037044238340533
1612.5 0.04372115673673749 0.029727228231590876
1637.5 0.03959298404722511 0.02953842492373184
1662.5 0.03330480863985619 0.029098625326925177
1687.5 0.0048572836026277155 0.028697389394707517
1712.5 0.0341390984786456 0.028958308743792686
1737.5 0.07944883319911167 0.029283324093101155
1762.5 0.013587577477252255 0.028338736144598888
1787.5 0.04381373697015323 0.02852700778063963
1812.5 0.009910619408250776 0.02812868200873629
1837.5 0.04167310754522435 0.02829595182059368
1862.5 0.04634256208937981 0.02834566596153734
1887.5 0.052101094918045154 0.02798934724811087
1912.5 0.015154133873575448 0.027358307268803575
1937.5 0.02707698069058706 0.027430220171745203
1962.5 0.017838102725320493 0.027299612895689454
1987.5 0.047013644442787994 0.027418501880019666
2012.5 0.017146186741537894 0.026912482632087897
2037.5 0.03865249828398576 0.02716807855023959
2062.5 0.05680702451902997 0.027194582807201828
2087.5 0.049636876220532145 0.02706604818452225
2112.5 0.04308139064390559 0.026867710930042872
2137.5 0.05431961568459909 0.02685021494842572
2162.5 0.05995626723113001 0.026806501995197667
2187.5 0.030808150295020376 0.02631205048188582
2212.5 0.052733113926270114 0.02650663311021775
2237.5 0.0694513091236364 0.026655762327828996
2262.5 0.06869004084698549 0.026487447026062733
2287.5 0.036100795778736705 0.02608668056373776
2312.5 0.06850267282456479 0.026490473580763996
2337.5 0.04839694144989237 0.025996354881646692
2362.5 0.055908734970210094 0.026117729692329693
2387.5 0.0180658303955612 0.025560995912136453
2412.5 0.0755309217947695 0.026181217694011542
2437.5 0.05052822961526027 0.025778998804067026
2462.5 0.03255645861627188 0.025423778818273804
2487.5 0.06463990755200855 0.025880927218689977
2512.5 0.05194026053502854 0.02556541519593555
2537.5 0.08896035633079302 0.025927946568305302
2562.5 0.008775053772690944 0.024854712991292695
2587.5 0.010580741683198003 0.024799421085466768
2612.5 0.00562474930954826 0.024668127738901924
2637.5 -0.0012729894321982238 0.024474233750418652
2662.5 0.03371669813369249 0.02494449846839196
2687.5 0.04668160138120636 0.025035125922426064
2712.5 0.03167520755876163 0.02478395905249853
2737.5 0.01534844383073053 0.02447820203710182
2762.5 0.05440640798863394 0.0249191141752291
2787.5 0.04275027014073762 0.024650798118493744
2812.5 0.018998357436739832 0.024365529614527284
2837.5 0.10727435151040599 0.025441263455867048
2862.5 0.014714843027086255 0.02412268868394243
2887.5 0.03969394460233344 0.024363060183618376
2912.5 0.01639778605941622 0.02412441755532131
2937.5 0.03680129054350867 0.024261970604023728
2962.5 0.009295971898411581 0.023945833855980356
2987.5 0.043970828214183744 0.024256169044253165
3012.5 0.060045835513470314 0.024424517557288503
3037.5 0.11010618072035361 0.025045495459017398
3062.5 0.039819316041137975 0.024058452773828665
3087.5 -0.008499633403374895 0.02350852025783688
3112.5 0.02319507181136271 0.023855666806187153
3137.5 0.0799640502301826 0.024487205250954793
3162.5 0.06498988902246405 0.024271549744238553
3187.5 0.0030623262975237875 0.023498996562966824
3212.5 0.062135376574160794 0.024115456569896523
3237.5 0.08415055462976118 0.024476374937734136
3262.5 0.05974019391407981 0.02403620056465256
3287.5 0.043930958652972585 0.02393004605095738
3312.5 0.06386678018132108 0.024008260073054056
3337.5 0.08300880601433391 0.02426184483739438
3362.5 0.059833799179212166 0.023915231500319996
3387.5 0.04030492656614815 0.023673247759567535
3412.5 0.052646845578936174 0.023737939520001458
3437.5 0.05690637016595157 0.02383611788324919
3462.5 0.08127667664429783 0.024078377737242255
3487.5 0.051885059854519744 0.023628665172622246
3512.5 0.013719842514698044 0.02321699180920918
3537.5 0.07233163169182166 0.02395424897064151
3562.5 0.03383074123742369 0.023511091570702716
3587.5 0.06922037057949004 0.02385478658225349
3612.5 0.014817935297385176 0.02309238582983446
3637.5 0.0031246119928218796 0.022992340068781373
3662.5 0.031657084844338046 0.023316818900582983
3687.5 0.0028741469423279042 0.022923115150449685
3712.5 0.03974485124103122 0.023372587333062734
3737.5 0.033447035376922285 0.023284293798298935
3762.5 0.01835221770723039 0.023088830222723844
3787.5 0.038738769449976784 0.023434583378942896
3812.5 0.03697717269272638 0.0232249851350497
3837.5 0.020321065207608457 0.023106013036486475
3862.5 0.06658704118085579 0.023599157463886418
3887.5 0.05225279363258095 0.023490256585876543
3912.5 0.03456236965265558 0.023304308749436113
3937.5 0.008717404926047667 0.022905254318116585
3962.5 0.030944717337571204 0.023277627843209577
3987.5 0.029019208939580432 0.02315428656449251
4012.5 0.006314181243510797 0.02283825762191819
4037.5 0.06391570873268648 0.023527735593826402
4062.5 0.06358147151047455 0.023547704935780803
4087.5 0.04468954610025411 0.023223870698935473
4112.5 0.0107679535238836 0.0228235535190263
4137.5 0.03793225591592675 0.023174671103913216
4162.5 0.03782347056206503 0.02313361041574884
4187.5 0.050067280792180036 0.023231053598018758
4212.5 -0.033471296331258116 0.02227712543149754
4237.5 0.035014724413956255 0.02311914581339994
4262.5 0.016163118529771925 0.022858853192828297
4287.5 0.06385229970127071 0.02344428110619813
4312.5 0.01767208066228676 0.022871369757902715
4337.5 0.042788177848743336 0.0231533414652805
4362.5 0.006923889041237974 0.022757156499751147
4387.5 0.04348835942441753 0.023180158667234475
4412.5 0.04902027904545392 0.023196529964095998
4437.5 0.0072676960504389765 0.02272620928234327
4462.5 0.004206261909372788 0.02258969551419165
4487.5 0.036235661257221 0.023097449853768593
4512.5 0.06821650634238452 0.023471912727292214
4537.5 0.04669109054709164 0.02322001158891149
4562.5 0.04587574983446019 0.023157977639576534
4587.5 -0.00022486953363398676 0.022642107999739283
4612.5 0.011770743321692256 0.022791102294184785
4637.5 0.05671934055187977 0.02330525759148797
4662.5 0.021320056714171143 0.02292740858434461
4687.5 0.01339281473736631 0.022734710367861143
4712.5 -0.0017956260495450849 0.022594690176991044
4737.5 0.007321431626012842 0.022771901973161514
4762.5 0.06057758633356647 0.02341947073261303
4787.5 0.013794862230152916 0.022859892276748547
4812.5 0.030608972214546837 0.023073746163481235
4837.5 0.005941172624049473 0.022767919578116164
4862.5 0.03767866754803184 0.02322989344867541
4887.5 0.015989062419843547 0.022921584078902157
4912.5 -0.006226272506059005 0.02280225435367995
4937.5 -0.020352294702663087 0.022545533343931005
4962.5 0.008504535384277423 0.02287209873911659
4987.5 -0.008995527253348179 0.022771887475519167
