-3897.9545271350494 -2849.7912229789454
-3630.2461168550312 506.11123956036835
321.44471606570255 2855.558953297387
3851.4704946030956 -842.2295397584684
-3023.5275300634935 2777.5539224795702
-4932.572932573503 1145.4313968888328
380.51292812381746 2665.1706917279885
-1563.9104532737306 651.144224810907
464.7158241397465 3718.558685777213
3081.0241602243213 -2164.799070774265
-3180.487285839316 2911.7492502248197
-1248.1299148260723 3435.7252166981625
609.3646097387744 4207.811505941365
801.8826476238266 3069.2027588427522
-4471.739035548785 -172.57996470763655
-2106.0105591875067 816.8053471800616
51.048811304624614 3264.276903699259
-4298.983284024123 -1142.943451903224
-2255.3911929595583 3740.1967334066685
531.428340944606 3250.943767247873
1072.3437556723215 3547.9498762734816
1854.3283503114135 -2702.557389477255
836.1615480807513 1126.8729528529834
4296.854256753592 -1624.4770425486695
1524.758189146376 -3891.8039459624633
-1827.1378513773052 -2484.671224834086
-941.7316829782956 2067.027524710136
-1344.8052664369345 -3652.5824415433926
132.46963334285599 571.8731726548314
-240.14593124346786 -2863.7705178641186
4608.049623053775 -1364.9559543896487
-2417.344938331206 273.5341381386509
-3183.3137133056307 -1804.3366086858057
1067.7432072421034 1194.612511345527
3486.8636899429644 -2919.5158779348285
-1568.5150879051546 -629.3979604506729
-3195.919594976411 4351.603975728594
2181.263766182635 -2998.690474973902
3807.834829164372 386.6554990248682
-3389.6319608075764 1416.4040221295775
1985.5982438345097 1504.1625120343936
3434.9139832240135 -3401.620788915981
-1814.8423186759833 970.1172098020648
-593.2414586311841 908.6379389424632
4049.420850653427 470.6338297887333
-3146.1080090096525 2131.643894846072
2635.6997419886666 -4943.129198735711
-3203.3935243372384 3885.921015696003
1696.8256554492955 35.5222452243325
3089.5310493331 -631.6493787285053
-4686.625487945572 467.0994228331309
-2028.1013025925092 -489.3322880520448
2069.1151594604553 -4459.102687115661
3275.690143004104 -4513.783190616926
5476.678915908173 1381.2050328851108
3747.102873950067 -3258.6642261095553
4249.534874707165 -587.4946092070979
1837.1387814685947 -4816.091463256573
2148.2594919136277 767.511640451949
3175.3558289110815 -1236.748628832038
-2139.397174990176 4095.4271296901397
-4354.851068566848 961.2543674634035
3526.191686947581 -1012.2172617764624
-57.03760642310111 1298.4637438248305
-3918.837414581335 -782.0269548569992
-2093.264620484044 324.987630909159
-2215.9707372898524 -2701.035638163694
3398.0134663471554 1857.9302241713824
1218.3946807513726 3076.513864147175
-5272.857747290495 1069.0280512914655
-2704.299086179865 -1528.020180365703
-3898.198667891609 -1186.3993445821557
-2650.6425362436153 -2298.037314133446
-230.38855199203712 2267.923942021937
884.7613946094946 -4085.3198149353557
3028.2210169235536 -3758.5838495686135
-2968.705984622349 2903.7494076956227
5794.215584808781 1229.7024723525885
-391.88819999258317 3341.8199998454447
-5452.988962144614 -1190.1506369658994
-3964.4171440317823 2343.6639879588724
1266.4263465863635 -3227.5417956384554
-3512.9725869750814 2963.866076932864
3796.3234205036547 1823.5687683848148
594.5211640714489 893.1744374715298
-1225.1078033806768 -3413.3737375029127
2601.153469887076 -4499.32258866947
-4354.763297969207 138.46315773974672
154.5940020798605 1463.4288662758427
-3189.160614764753 -2852.4823520296695
2451.2286128428195 1158.0597670480822
-3399.8225976058193 4429.42803622105
2756.8089405247683 -4697.167769465711
-350.29231015555195 -51.78580621486379
-4397.015201923356 497.0189262912193
-718.2350087076852 3539.6529376322937
4593.928545519236 -847.2934451841141
-1903.0236209388368 364.692342741267
2228.9132331070045 -2702.168734939237
-2834.2773680265122 2371.341167661458
1795.7175800533437 342.4525297333635
4929.75544281594 1259.1757121181674
161.9001049419061 3630.6591672730297
-135.81195110320314 -198.7226524122179
-3435.489133763591 3668.676372459333
-5631.667590481203 -957.8157620614442
-50.11884903668265 4520.954293135583
-1803.6301122567631 235.80240820066882
-2488.5423346971247 3700.3251114491127
-2709.651428214917 -975.4521686126834
4119.333594253773 -877.4256848984503
1170.0238594534721 213.66261917332406
-906.3966271423523 2348.816670956617
-919.2651105117861 -460.19599846497596
-5164.521494310113 1562.802897399836
-3363.872669795389 2663.7676465358204
264.0237554494734 278.0712979486269
1624.2287460152781 -3664.0776634840145
3866.0254944977496 -92.81546885851853
4736.709159164084 -440.8916315849703
-1698.5484290355184 312.1486807118834
3381.6488948285046 -1204.0598278218285
2302.823594062512 -2315.8821482194917
3890.5890527647675 683.5581000830445
-2208.1834323864596 4032.5795920464507
-2918.407287274504 2255.6403700285528
-700.6476788502566 -2726.6070134549195
1169.9508636549265 -1533.8646632810185
524.7737994158598 -3590.2212418347444
-3557.159093880957 2867.287053878396
495.0562213375142 -1594.4698564080638
-5698.921898857391 -1929.5491989708196
-53.462718335265436 -4583.6375679156745
1024.564512812636 2011.8067343715322
-1432.277361548894 700.5324499124471
-447.18084601124514 -702.0531883693113
1888.7598866539959 949.3053240121552
407.8394680580012 -1493.1255655223927
-4316.116325325586 2438.7611001407295
1944.4367319035389 2540.925869579586
75.25067460543698 1823.9413034414601
3220.61462725787 1674.260483071891
1437.9521557549665 -4671.872280786789
-595.6951778679289 2874.021919949704
-445.5245855423184 1286.6191425941524
468.70882346989646 2455.843312577256
-1037.065748089636 -1300.484147824363
-3314.6285920288374 3538.8223864581
2522.106544876183 1438.671513336704
468.2533369230979 3142.7790366905847
-575.012802935531 3694.842490403932
47.69170799335553 2022.7879143392113
2430.5296490825663 -3680.708410631834
-3686.847904997715 1863.3099250213086
-4453.245221818314 3029.389285640711
1486.967667145623 -42.715806196538466
-1593.2848609782081 -66.84872184511143
-1257.1834870654432 2780.639439816249
-6060.7878562552105 -461.84202798898224
3794.663538014546 53.791276654475865
1412.0127155083665 -888.7242029323903
26.01655320002499 -1403.6606853578762
4714.12637479337 -193.33288092474393
-4559.776967466365 476.18227776269714
-907.8477860574155 -1622.1717011957373
-1068.679636448022 4112.509042541022
5159.643362622159 1353.5339642996032
-1742.124178453389 3683.8989824853124
-3158.4837012747544 -1044.7673684529166
614.1133349652032 2826.875163728463
498.04883934848016 -3090.7929856535784
2545.609113103274 -2280.2586869781358
184.0911406232437 793.0706989758186
-3164.683774572824 -2081.0366605010004
-1994.8149379339736 -1241.1165960487547
62.00132828115341 409.8074289692462
-1814.3845000977078 -205.47661659792618
-853.342871725226 -4029.9131719449065
-3852.573946633685 1650.7231446063893
4956.647933770779 -700.3012183732045
570.2173997350436 -1873.4378291891298
-3148.623841056346 1559.003857776014
-87.75516021360545 -1067.9190972538765
-2864.7869599747805 2811.550160484884
-1275.344325947849 1592.7780593702678
-4171.9432007113155 2404.135251378399
-1246.385316140649 -2882.269828558416
-2718.436005850039 -2403.602159030633
3779.7496867472137 2088.674822452139
-607.9877275871984 443.8372029607219
-6428.000563831966 -1136.8189278362247
-5576.764148059516 1180.48524226534
2309.6878468702075 -40.76846563916014
-292.62251250502464 -2252.7893936936484
207.64936695961882 3220.105937678334
-2907.6603779671636 3139.029689311689
-3244.567679602571 -3027.428836420237
210.21455839056938 1136.6262243676842
5640.984819808151 1357.7690414023539
-5370.932999490247 -2286.6905824151454
3407.4261091181556 2142.8315278330297
2852.6010190859683 -3326.547691050524
-3976.320167027368 2159.209850497919
873.4906315847606 2020.6688231545359
-1553.3895360382535 1014.1676430895504
206.55447254406522 -524.7932910908155
-6190.084367991584 -1639.3571418882009
3410.9674694036994 1684.0882781142711
126.28210412560199 -1677.5588783781031
5638.524448990602 838.174563154216
-1923.5643906534667 1015.8987179892302
-2552.921454963319 -3219.8196214989744
1311.761714163282 -350.9828783585091
703.7963119794172 -193.01016928844516
1090.8660218753398 3802.1079971942736
-2511.093618079415 -72.23446418899518
-2914.262583184342 4430.555606613728
42.82661724119998 243.31906291189944
832.8280785670706 -2371.181064726243
5041.147278936152 1022.2253016831278
3748.2972425928165 822.596889002294
-231.64885691038086 3401.75361304787
1861.3290892678067 -1481.0421545759798
-734.3022837248045 2906.7143765374904
-4674.8986650079705 -1233.1616622052127
-3896.046138182048 4228.804520253483
-1934.3289702829395 3281.1704735108747
1098.9665258990308 941.91882932702
-1843.8493446916827 2655.6306535325875
2088.999072263483 1641.0700320981139
-127.40347458250193 1437.364829316681
-2195.3958078464125 2700.6885511444348
3537.7069231876526 -1729.6631942501954
1890.2687315591265 -2944.989800224818
840.4453171932382 -5019.677744498754
-3845.9883295301406 -506.21883652218287
-1420.5166888163546 3089.519489597375
745.4462891979475 -2635.2410894297964
2936.5275811230404 1039.427118567739
-3604.0485238754586 1597.7929804673813
-4315.768649433418 369.24415180084907
3136.5446256009122 -4723.249046323344
3927.8814114570305 -3370.0175909507775
314.85833987151284 -1371.8620750562002
1169.9410631378605 -3805.516475293844
-1926.1102131612963 -918.65693465147
-4887.280412301873 2710.6401843183357
-1290.8843302950313 -442.0549665601681
1264.9006486242931 -1051.4450670505569
1721.906306997371 -3080.131560959216
512.6567733740397 -494.83728109521
2651.890887292454 247.7160327245367
5111.375471424404 1652.319422821403
-5729.943375519419 268.5410052061735
2382.6153217344213 -3028.8549130687006
-3610.6748159056538 2639.7108191547127
1322.0943166226514 1037.9717254234326
-1548.6589240711976 3116.680242182001
-4410.456445414861 637.1529428706674
174.0469086294332 -2576.451462631227
-3394.0965241777317 3801.998915921372
-969.0005547942991 413.0701714312029
-4772.167301029469 806.9472766627317
-2311.4361606209736 4676.249832215981
-1853.9570612476425 4295.806334003353
-2138.246078071196 15.424873070295401
1822.4501157512952 -1623.8637396196766
1936.434928721588 -1176.39593139699
-6039.7368807190005 217.07414034368682
-893.087835161564 3192.1694775406395
161.4957400202678 -3908.8138066350907
-3540.814502680055 4437.696732621488
-2746.2375585428485 624.9113422791169
-149.237889105093 -913.3667452003842
634.4681559554754 1369.3177924970103
3383.8966961164147 -3016.1882646734775
4655.4265042686 -1089.5551042469058
-4401.303364163475 3173.4550267514237
62.97856354535757 -368.723827130934
-1939.1405554479745 1304.6161391736964
-3066.3019468433686 3298.866099687839
-1368.557079862783 -2300.220339763335
482.80574348650475 -371.2271140674298
1381.817656219112 -1162.3392955981262
1283.7549138430281 -4428.6082322161965
-4216.701114194174 4134.677301162419
-3121.5855696685294 -2393.5103111738576
-2160.945246667772 -786.6267532683996
-1293.1319483110674 -823.8033942156571
-890.2487725329352 -881.7333530485349
-550.6428222517766 -488.15014005073454
-1707.088887425031 -2889.1591712593213
-5239.306473011887 -595.2250988015338
-342.788862492475 2712.99527855159
4005.5632691853043 -902.2009993935662
5291.811666487654 -64.87363613304963
2154.880076797995 -5454.729128788228
2845.315127716156 247.7841533928644
1410.8213558712266 -455.6390775400711
3285.934796208178 1515.8979749164812
870.0339333223598 -4339.187832893434
-1398.4842606836173 1291.420025284927
1245.5813725317153 -123.16144245755801
-4454.699134377037 -1659.4382592628199
1626.2893887224984 500.79173644774284
-4321.081276512325 -2184.6805116493847
1025.941235467605 440.2470040934937
738.9408927189573 -2130.728028653593
-1644.3300261099607 -2143.4772074416005
-1584.47950901013 -3470.814263868255
5025.633536309059 -243.09721739288986
-628.2585855257296 1403.4694874825668
2361.9354997394166 -249.14418191168733
-2874.7004486368146 -2033.7470944146676
-1826.7805929872898 -1650.1611027946803
-2235.791262078144 -370.47651235527223
-4180.7608164930625 1176.8917145858422
1587.0357746834488 1510.2763182848566
-4475.602119704203 2324.9363729612487
-2591.143405825183 2233.5573799675876
-3177.6344870218268 739.6868181251681
-1124.8987628703412 719.1985582378029
-1963.222667642576 1621.6239058929173
-858.967633251283 1913.3851507252307
2292.9001105121797 -4883.824830035083
2114.5411471365537 2039.2399314754002
206.33956857425343 -116.52502260299026
1392.9870495136145 -5147.7032299855455
-191.91741581157703 1539.7915995721662
-2004.744317593405 -3162.355723776899
3796.301709532733 1072.9281740287709
1945.8142577584053 -208.16048698998105
576.3764660927795 -1280.3763572124885
2964.963826123086 -1119.8400205356218
1886.2899067106493 -4604.180400991095
-2074.513409686286 -675.8096595442338
-4047.2661952564617 -107.82270776903152
-473.56631228878666 3543.8970067795713
2127.303850217978 -763.2372676028862
-4201.907737893337 3168.03105303573
-5649.184138624811 -717.7095781949014
-1356.0599807481708 -1408.7443710810337
-2604.872545417917 -2807.90301941647
285.799427543272 3074.9725638449468
-5919.142889896869 -460.455331639977
-845.3039916082106 4847.935422336013
5085.133476682224 949.6139229075692
-2184.9340453090012 154.76724618341598
1893.2540671416236 1062.1779931845124
-1047.9172262098405 -534.990618234161
-114.75530113918143 -2493.0932754498676
-3479.367402960078 989.1439661802777
553.8117041579239 55.38968024561253
2978.3578919477113 148.82674089534868
2786.0401316152265 -1209.57885894531
-60.430517019892434 2572.1127842923684
937.6917241329309 -2123.3698437973535
-181.88061943875041 -4095.469099898582
-4426.303199001634 -936.9984314855992
384.8847396936829 -310.5225845254316
-3115.564037863907 3604.1616016244707
129.16754238944566 -4408.04743094502
380.4830611906243 -1903.0294858094105
3145.0616841788355 -4376.973187119862
-380.76919927409386 -3350.981091651482
631.0513960238396 -3094.0030862844637
278.30553973975475 -429.86566463945
-624.6519841759704 -862.6094163767762
3107.969821071147 -465.7796022920587
1103.8887968430672 -2843.568830848418
1074.8127074383242 -2183.5675258818824
3308.6666676173504 -895.0810434740783
2322.601148265595 589.9623460438121
-116.63669383816585 1738.1381016387652
1882.070427167995 -4030.802483120347
-5829.2718492010545 390.07552060136817
-1194.181482145259 1860.129204309382
591.5980916396646 -2056.6178893451893
-5598.515992454757 652.6417659704078
1021.6227307105214 -1220.1226702510469
3982.1301802120684 355.8883418217245
-1014.9353207448637 98.03627926401468
-961.7042359193689 -3135.1507973229423
1619.466062056755 656.3645140092146
-3167.4177088757124 -1585.0466886450208
4523.494954851841 1678.5612250740924
-3904.540984147088 4095.006293840704
2040.0760432157085 -4919.676656091765
-4074.0191548068556 2035.67564883633
3482.157822892884 -4419.730424958701
4109.672774005804 -2471.2149667194603
1696.783049010451 851.1936538432475
2756.051411921255 -507.0786009589279
-4635.112751400669 -2673.6081494510154
-1874.8159068296397 -1762.1753637166628
-2530.103490631353 227.44150316752626
-1263.6974535027507 142.32433910243614
1585.8052322814417 1773.3973898771521
-2603.718730838633 -1819.9116901487907
-570.8339239194012 327.3019456898603
-2300.0390507457587 1616.2253190265474
-2453.0744975664074 1965.7635012684361
-800.8850688302946 2491.5101293034754
3154.2201829526125 -2669.6402504339435
1315.0965013541165 -2364.312876322532
-4892.021594087906 -671.0904182951817
746.0371465531506 -889.6233355566201
1978.9999527764933 -1033.6264970593456
4631.124500711085 803.3128049325737
2927.045803411521 329.7470737986568
-241.7818039287281 -497.2798758636627
3169.7620130944783 -288.01512681279337
-3408.111010518344 -791.0482677286236
1892.064020031769 -544.2941899477765
-5061.072020415491 2198.661572170092
-4204.673480924315 780.3645816020424
-1545.8036208941119 -1194.5637332092201
-1529.6615020954432 3976.209914921606
3967.003214391294 -2121.277971365548
-1071.234846772701 -3081.6767338092986
2746.964200659059 -5155.789413748495
2617.694018739749 -5855.87214188151
814.7589533907724 -1975.8800311523592
-1189.9582829724259 3651.683686917563
-4742.607144586577 2207.094932801903
2184.5850281322373 -4747.443931447244
4608.574453171954 -1576.9832699706285
3911.019144169934 1919.8227140534696
5729.125395032372 1029.0516390088305
1135.3548630752096 -1811.7995296528102
2833.3373104203 711.8000324802944
-860.2390129899435 1274.94564984347
-3874.407550144421 3269.7916568688383
-4029.401259852663 3957.561649369172
-4286.241809535767 -28.11627362435446
1325.334108790853 -3536.299497620644
-155.1604265755325 -479.6278271890311
-1129.923939227283 -1573.0458986884244
2681.088843169892 -94.45658293183875
806.5886962151365 3259.622745206916
-5088.710087423165 -928.8333824435979
-3103.238700275108 3706.4760725577803
-2217.9106716312826 630.3237754375281
3015.4115622587688 -500.41626568224785
3287.122103181711 -1159.4132910555936
-1853.9688998043482 3435.809513763501
721.2916872420324 -1165.0965015508314
1458.2877505066817 3373.029082481137
4848.1863699448 -1026.419680682225
5033.842852846861 -113.71401422559447
-1374.6922817964657 2029.3641067349354
2028.2418197338552 -3890.7499063483997
-471.6646159985329 -1009.3501761037458
-4495.32300546426 -1988.1030962460686
-4317.432753827779 1572.813484493724
3150.745947522015 1166.3235275930572
-4422.441372774035 2900.332369567701
4136.813518105915 -648.3191128640763
-4487.274819023304 3488.9022077794934
-2307.9294171786037 -417.80062723532836
1349.1851138479306 83.94912257713996
-3588.042575586121 -768.0561135171347
-574.7126155225734 2012.5990651167954
-920.8374335258577 605.8152746827872
-1452.5932247986366 -3481.0920197669925
-6368.904014178899 -1862.0589477079845
-3951.1171065157832 4019.836799075056
-1977.4776317920112 212.20313023675925
1183.1789847992814 -5042.895096154228
-1175.4495224316688 -2466.5012122179796
-2822.8860703527253 787.6405726811007
-2716.476069627112 2304.4223088993713
2184.70542132937 253.2634258531219
-2878.723619225555 3407.3648864770857
-1014.3330660904858 3464.6247224524873
-5574.974309955215 -437.7319549310698
473.50686249493805 -3781.034256571614
-692.2296369811472 -1289.213906193055
3020.247169638888 1291.6383971593923
-2840.3738902921586 1949.0402032870393
786.5645180627001 -140.69949642742023
3474.8091194522394 1324.4442092544566
-3698.897541136967 1725.4112611559246
3941.605289570427 -722.5758541257804
-3434.6741522274283 3212.5240476094746
-1348.566699126515 4209.536483209164
-5690.67363463339 398.1821121884677
-646.2351713404638 3378.725050844677
-3404.122364851781 -487.00011258070236
982.5945142161456 -5133.279399857234
-3186.3624824367234 -1271.1184199325614
-1385.1044658498797 3546.2681410698888
-4313.0120957182635 504.04263439389763
-2587.3420615622927 -1380.6676137680674
4506.670630999052 -1563.1131319568117
4632.594857730331 1868.9896959472012
715.6099258323592 2600.090585372187
2829.803759994788 -352.92306433950307
-3763.0749556602773 2858.974038857122
1935.4672979260563 -4324.382857082458
-4442.674489531016 -2130.126935126056
2342.012602887818 -2786.43109117472
2959.3265301067377 -3853.429005596996
3497.422051994064 209.210685829037
929.9559850557908 34.29745398339629
-4182.4822539535935 3020.1437663708443
-338.3696939648205 2900.878547537462
4576.63984924848 1988.2103598722827
-2564.133348257568 -339.6627022211529
-2502.9338938560945 -1569.770845248007
-3201.7196483708717 1041.2615880649637
1460.2232122594555 768.1731270391963
1096.5337081304835 4004.4164370385456
200.59630319382958 -885.5544802088474
2715.7549543286673 1356.3664726351205
-3739.0217235559794 356.45296423494386
1336.4515757080171 -2961.674813693033
-2551.7534298647683 3466.0344167928597
202.00318177813404 -1917.0660084217968
-593.5310553200486 4460.575578247567
-3394.3407773524923 -1732.9681936812244
4436.397640466581 1443.5777894025296
-1119.3901723917138 -2112.7182511376623
-2746.7764753817073 503.04145568343864
-493.17979408000457 1932.3077473298115
-2691.213409551328 -1663.9264273166766
3774.2138374027368 1387.037623282057
-2468.304359018537 3204.838243966018
2560.2116281794224 -5100.408640542302
315.99438211649124 -874.2724327803838
2913.743362746573 -3439.8147685929607
-1022.7045253122689 -798.2738401082239
-2430.788301022963 174.03346424704063
89.4347862623816 4226.148758085282
-1556.4589678828024 -1516.5060275380788
-2589.132856403871 -1226.4016146100953
-3808.473324283394 -403.16258004318433
-2373.5764539749534 3198.5157387986387
2160.758152383485 -4578.350791136734
-5780.723160443831 -716.3488816765309
-4038.941755437297 -499.3947076314328
3696.1185178805363 -902.6531858581595
-3333.3534291647866 1942.1858431501478
4405.411339556953 -2546.196380827575
3148.9501947044077 -21.213237140402956
2308.4895482239194 -1227.8861184711322
-2438.7505882177616 -1893.3161944562987
-5755.281616777744 -489.0463024833297
-4551.814485652255 2088.5256966752113
3628.1399373361473 -2120.9682989406974
847.1303643508862 237.90586747699993
-3009.392433761293 -2425.3761155736897
-3647.481501046121 -448.6308417321174
-191.63492822488035 1150.3055190962618
392.3704622367423 1063.4957475918743
-2558.021811903208 3158.175652870347
1762.4549976814662 -5318.685703387279
-769.4454844554641 2066.786414073738
478.73454093943485 -4654.788675321103
-224.15293701695336 -3644.5275771933802
-2902.2198611588506 51.18719513217061
397.25924344228133 -2754.0633205312174
-4016.727642335214 1374.726399282465
2064.1131922357945 2366.875612418621
-1671.176272836059 -1698.3029736638161
-4031.109642453879 3152.10146835976
2488.246392471957 503.2125275692962
-3320.710054501761 1533.1843290072686
-2676.268255329946 -2164.1546358646347
1731.148751037692 689.3472804908752
-6454.416140851983 -784.381198668353
-197.91797012303985 398.572920575841
-5164.274678545299 1203.2709387912541
-1290.4313894373363 2575.504566669157
3662.8774240394587 -2663.494982392652
-416.8182823762876 -1787.0462847484282
4770.3982633575215 257.35658654803416
1776.1537640866497 -274.3534843625252
2731.3612288983777 -3005.7692533685213
2300.7058121247455 -359.0963930406262
-438.54142328930396 2504.1439918024375
-2910.1600652323227 1141.2403452754218
4206.7077868226825 -1565.6617690073451
-457.7568056918458 4270.269552615917
-3151.0383192822605 2695.64728335902
1632.2555915717783 -1335.3923130878688
-1649.9731243249678 1185.5965905430342
-4409.603088530173 746.5006989204572
-4529.208905714199 -11.24813569649668
4745.1849164611 510.9610380800293
544.1177536006928 -3428.978129845875
-356.24948553824765 1850.7802774472468
20.37527288373106 -1566.352064525405
3477.506030348256 61.30063338353103
-495.1718195759825 -1301.9814005374428
-1633.9731746434718 1501.1852721805947
3177.657128275338 -3050.9270710264473
-2876.97982232707 -198.26209994717146
-1072.1699189073925 3754.5385212893534
14.28240051882533 3335.6179087696637
3369.1265770101645 -2419.505812618257
37.170587108180165 -2175.9347886868118
1946.9127293014747 -1573.9905678880507
4064.0348792917953 -794.4219587727143
-1079.0838244223883 -878.6845273640732
1128.9826333490905 -4566.16616887859
2410.4167746379503 1319.849970192111
-4580.169062562348 2909.324594725487
-2093.7779922371387 -3121.157952607327
5694.225858362243 1488.9381637243691
4902.286184866248 -1455.9224296480486
108.22686023707159 -3352.3986424352456
-1730.1107513495779 4054.192366433486
1447.325668989901 264.33652978968524
4144.122592374436 -1277.5389485194128
1682.5562088186641 1990.905522673014
5026.011290847953 1558.5226033307192
-1698.668339429814 -109.2488638079335
-5611.490304494425 -2217.961905272519
3706.4892125828196 -2764.5946437215584
504.9944336373342 -1981.5562179141639
-2089.0803550695477 2303.7387067232225
3611.3143054433453 290.67798638765873
-2637.7448231079647 1306.166620636103
-1845.6762450719523 3844.026243313694
-229.04243898304387 2104.031390386925
914.7617839457903 -3625.0239687480193
-665.5918281621314 2806.9138304782214
610.7632838421933 661.8912526911212
1189.946148035395 2783.3855223090764
-2.139899305954814 -1843.0529378001895
660.6765012018267 -1728.1312290764897
-1184.0654065736069 3910.7300254059905
5425.078048286289 1072.8567245390232
-1497.7880715859899 2599.081877274794
892.5850101667735 -3254.653991337708
508.24882283923637 4287.7130405931375
-2373.9827063852426 789.2825545269084
3734.5098366954835 1190.173600462065
-551.9951327878975 -1666.4177618185058
4382.891817804757 1937.2062779010805
5447.150584232024 906.5950737770431
3115.5414135571946 -4620.261589466877
679.0254365846744 -4282.734235190513
2377.4841247883733 -844.105129767587
-1893.7655761922506 -1291.222539787239
-4641.438974451815 2159.9728031707846
-987.494704212953 2699.413368039348
1654.261635536414 -4744.6703736903355
2701.33758289537 -1074.5468536168582
5537.215378010533 617.1343501929999
-1236.2153092753845 -3998.489752247034
3907.4361600246157 1559.2062217932978
-617.6521341100448 2313.756646713025
2164.205930007697 2359.6879953495973
264.98883748471485 -2299.783907792081
2975.1857180594257 -4912.379093290853
-5144.392788566793 -2044.3495760713913
548.2124435208509 1820.620297909629
-4048.0863626234805 4195.334349957903
-990.4943677258839 -1427.42916302883
-2761.073445543412 -2243.883459601731
-5189.663551355633 -1530.728477510404
2329.2427271139095 1566.822296937031
-1806.9884276715165 -3229.170358513404
1508.1760730917117 -3488.9426696903315
-455.0028882049888 -3653.3460687146835
-1502.294334225842 -2583.988527344611
2847.343411597403 -26.486131505441083
-3771.7753087051938 -691.0708036816814
2466.4412779632876 -123.43009313157624
1609.2781017074628 -3419.6244155805075
-1688.4291420495738 -3066.6598397278913
-5843.115132329714 559.3960926882052
943.2026541879372 311.9181404451405
-3681.4000372002247 2370.543488408542
-6080.687101866365 -130.17436710976236
4092.3141748176877 -2042.2285370837133
4308.179761526478 -1816.6803266865738
-2688.32098643984 -365.3101588369522
-307.2545797926665 -1058.370358101952
4410.562854554381 1259.8567272900468
-2707.60884811154 3798.5525868496597
-1900.0369459777125 -37.7096879718787
-2280.2031890112553 -3034.332894989471
-4950.068009424058 -873.226349260155
228.39490668250778 1004.7520875119878
-2790.785665810839 266.9038694910284
-1341.170151649601 321.72927637899676
-1064.5303750221208 -1881.9780072333797
-2376.464083661651 -3245.8948861056415
-3351.7810549398328 3342.4588388952584
4810.335915396838 1004.3850842730583
-5800.025151871486 -2150.3898113916075
-808.717893062596 513.1026598238532
-3716.2737246691036 -1925.2242074942985
4143.136136629512 1512.9557919799295
3693.1883868006025 1631.6957990733295
3521.111941240239 -4554.816905723059
-1390.674281119364 -3351.6636173353672
-5071.189860884934 1719.8285463759028
-2820.7151079979244 2150.2953753977927
-309.68467917877734 1461.8008907510225
-3039.593141272403 697.3681552736765
4327.6539749318345 -408.79684706803346
-5158.089962061931 1882.745199139464
599.9382207579889 -134.7198564478057
-2173.2534779263083 -57.8760419384402
1497.018389531295 -1642.2073733102286
-649.3014339394201 1883.3892956062168
4223.288673338341 -1156.5597020281446
964.7401429781137 629.6732780049343
2358.5759399754425 1888.4065905993612
-1198.9061045666697 -1798.6712134271154
2529.441348224233 -3091.5364045526194
-1167.5719326988283 532.1204874441048
878.0705614127496 1216.7766796540045
3940.934113341857 1422.0050151215983
4588.979889833844 504.71007197228215
-4300.141954837953 2903.5495757716094
-2257.056211461187 968.1553020851738
2542.35082838574 -2876.0343492643397
-1382.3584668309168 -546.908281955632
5236.098774879431 -548.9386271884641
-1081.1096489288575 -660.6771989644698
343.13043267040473 424.16231497699994
470.57806548548564 1369.4200620429297
824.5794919844284 -4580.3579080242
440.22835926729414 -1297.9246962734726
-653.8083222133289 4229.595648586818
1125.8934693406163 -2109.8138166048657
-1731.9471539453266 2452.3211637182653
772.1463416529641 1813.0759976779239
3733.6466171671445 -2371.829074448447
-1149.456138920837 -349.1690287012834
-4323.221660414503 2663.3335798508538
-4154.412378458756 1391.8369035246872
241.0317644112351 -1289.3314974072464
-2045.3535247131822 1452.7457981709972
3104.5212142330224 -3878.265820880842
-3653.80163625923 1257.8193394911234
-222.07579393276524 -2405.722056864065
1561.3955340595514 -276.4112648824885
-3013.189996437747 -1949.7128852506019
328.1101598457217 -4601.451653795197
-5431.033433570637 402.63098558721083
3651.13293410703 -621.1568538737758
-2808.36153352037 -2823.0869444850878
-903.0606660118633 -161.53547211997486
-1682.0415167533124 3861.4711986684492
-1188.0447408542186 2111.003631702343
712.2439168262162 1562.1702081391875
-3579.323650501429 3638.90614507625
2795.171441736475 608.3979046377149
-796.1951811854516 -1574.0613999124198
-4991.8022940171595 2350.685265246709
5061.593405986974 -399.0915195320353
-4070.804610769353 2303.8822747094046
-248.2047679419871 -1384.6662511043126
-2940.415030698139 -666.3096178481045
-1998.8961010021999 3441.066105275572
1356.2442119317961 187.8016382984979
885.1864163049988 438.2758633858209
2892.049887284903 -2904.830946391643
-1404.2215362442403 3453.030214877788
4543.242401030173 1326.0689485427497
900.2588217276401 -65.75861805538337
486.72591356617926 1505.0645036970081
-3750.4525430506546 -1677.1665880571995
-2729.784930800991 -200.84043310879218
-3977.0009188127933 2745.8958073294657
-761.4275889574079 -3667.4740272678655
-5156.667240189073 1455.7865537007776
-3645.342649698523 -900.3681573050285
2931.6017105027377 78.09053393700562
1709.0075199039704 -2244.2663568771763
2139.7963427277637 -566.6842279746962
1189.2151669047976 -1903.1723847501569
875.5824620085115 1330.872328090525
3252.3301806201225 1006.9868035837125
-402.47182103377367 576.1935684265575
-2621.910184971157 1121.80473775256
-4657.550109989369 3152.601575590269
617.6236249339875 1219.2247920672255
-1559.3946550727967 4354.731810096767
-4671.457799762381 1601.2598605227697
-1827.183533978623 65.15584075414242
-2236.2282767908673 -2560.1672836645157
848.2828406162605 -3156.47313417805
605.1181832961416 -420.141873304505
-1113.5532547307778 141.86289621730324
-2293.3999976873197 -2129.5896645716402
-5427.305668379509 -1736.445925622554
-2270.9913843688782 500.1856907471069
-3284.4687487885362 -1287.1450825771806
2153.769606406977 -12.685816872579624
-5272.179324716788 1768.4622629964251
-690.4708587705834 -3568.1941521716044
-2938.7609596533653 -2645.600551885312
2185.2316577110137 1756.0807342866176
4301.100790950649 1552.9054556505175
1897.126495726262 1846.0573897911313
-1622.5232922025189 3931.0253670266825
-3289.552870539602 2795.029551425424
-715.3034259859708 2649.8563028566077
467.37868463256785 4147.086224699798
2963.084014397355 -5226.254434071119
3337.3886254275517 -4468.3098439714095
-4173.606878251705 428.93925389242696
2348.0745906056254 1469.1434551491234
16.868442804211742 -1755.4349915853422
5572.524622701444 1019.0538677144386
-2703.572142949447 -1889.4608093434385
2338.7078543209445 89.35620511751506
3842.5150968753305 -1856.5899838910343
1286.0952902369704 1418.4791824390704
-6735.838193899418 -1490.217206508845
-3955.937241825885 1497.3948192513237
396.88039247807257 -423.45330023504977
-5777.817374006763 -1031.530767993005
-707.7318791593324 789.323904052038
304.7326867884547 3233.2951325082818
-1252.6337368348675 -4133.181359455804
-3859.3507264441814 1086.245013111543
-3213.084077310821 85.33764679918508
-945.2660902665752 2624.412368218825
-466.19968820889926 1578.997603305378
3601.157849978957 2269.873406104391
4164.619570308699 -1989.7471314302866
-4372.406110816646 820.2263106520425
-2258.0828774475463 3177.3462400138906
-2616.638391795348 -630.2958304260266
490.09678080873334 2891.3871682890526
-84.06523948665803 2135.177111851893
2265.6517940652843 2151.8208648217724
1463.2907029680407 55.44723541503645
1178.0790266222102 -3276.908945031365
421.54111327911704 775.261094604922
-5564.549882869936 -2031.0480066558239
3339.7798628543364 136.7043426590298
-674.5723942959627 224.1671169750393
-464.82507172459185 -198.28421272094485
-2841.1576696886755 1588.7658082863934
-4890.152177363492 -45.39151431417063
685.7317410036358 64.7290793162504
-476.53891376056885 -3889.4869231949965
3153.0581854359402 -3337.292646089721
2571.8419052708778 -944.0988900524338
-2587.3989573149634 -3089.9228856619247
1271.9291681868417 2411.437400232541
190.8149511810431 2243.1376943306323
-1240.3125126329548 1971.166916936766
-1381.1933969476381 4647.3250252995385
-3164.2358783965187 -1962.7928018179305
-1186.0453537016492 -77.78380836543695
367.20503225247813 -3160.764031295306
-848.4225982791564 -4343.050009924403
5580.6650810039455 149.91635443884783
593.3167930028009 -3860.976688648279
2631.5991116879113 -3236.7927110428054
3958.92779952699 -1686.727993865097
-1761.5007026180479 2046.1587284395202
3646.5556948588983 -2027.5831896432799
-353.7452741656754 -341.3977703978781
-981.0207686585813 3556.2514094041394
-3059.0345101160947 1748.7695964701056
-2538.1746978357014 1183.9083687016484
-5308.639702942017 -1338.275919452712
798.8700019864478 27.750522739874707
4470.076291913114 -528.510122457578
-1570.995125400141 189.0485090635627
2886.878356279889 -1531.0792101184004
976.4909399216364 -1784.4086174958663
-37.572026897557045 -2559.5098766834108
-290.4592226986553 -2166.6583320841187
-896.495109725916 1797.1546066621056
-601.5008534042537 600.7991541022317
-3705.4615431883212 -1766.9236101032423
-2172.7748910750283 2109.8277853871277
396.5631811068295 -4122.251769853045
5214.431513813311 616.5272963917911
1895.3217104490045 -3282.200695346066
2650.8335224291714 803.5974717231298
539.2312753754557 1981.7826017274836
2384.7429388550263 -5599.286396601087
-1893.890014467413 2182.2248646893495
2489.276285310618 2325.2725984985173
2217.7410819190645 533.1991332862061
-1772.0007479171386 1245.7203008440322
2555.127408725928 -442.4253538142932
2985.7195324551876 -3273.7721500303496
3299.147736912644 -776.8557810881816
-2194.598713721637 1667.193911681369
1690.4317657669808 -2081.7493574654263
-305.7138393222208 554.1577888496463
719.6877244017612 -3233.488268774199
-97.21704496219492 2493.624224371014
2217.647184292555 -5070.768118586854
-6019.749927505432 120.02067343980966
2849.3871295621598 -5370.833939017742
-2706.223956915111 -556.0634364783973
5200.808861067637 384.7790936082696
-919.1683790428884 4659.301505677018
2764.0954603249793 -2788.914791577484
-1500.701948303503 2088.395657387101
-2739.1968454262546 -1299.6607969361987
1870.6923126581612 -4294.469245194607
3005.4739875172836 -3126.761372492388
4056.22348588783 -1910.1484529939723
-11.095621028369038 2724.911038829781
-3225.3663329928254 1262.1341167692399
-2363.9350572434246 -2966.136886359568
-41.21309149314132 463.1045153802475
3044.46209458951 -3002.7502138969576
-764.013868471316 1868.5771603055462
-1428.9081522054278 -1091.4789475865468
-2679.3328931868555 361.0004152193888
-579.8455499196052 -3056.922478930079
-2979.08168918191 3311.134943892993
-1051.6363429270878 -3811.846607941352
2287.046519460138 -1743.1063579417155
-3312.4639613852696 -122.81352622367287
4979.281301736601 153.82986109467637
1542.613061328679 874.3555669001503
4317.626990035493 442.3261932189676
-992.6031896255811 260.8274620156236
-1106.8466276789293 -13.263159307480006
225.67798936099697 -4558.216633255858
-972.4911206489443 -3902.2267195302825
-696.1412782352126 -3127.4779180048545
-1719.3710174231257 -1112.953962281229
842.0748312747946 572.3128363821922
-3496.4101099956315 -1053.0656505384989
215.88455842449105 3750.4630215390503
1332.564377569966 -3433.6454635324417
-367.3413131270812 186.11946551668558
522.4939555450683 -182.35842513054948
-6751.099367370581 -1583.6881867641935
-1915.1489475620424 1950.2338018259484
4136.562178291276 -2739.0027296813773
-1028.6557720018761 4408.427657440208
1050.8085260139762 -4127.114943617582
1416.991336703173 -3571.5042592612594
-3449.9846239605495 1287.4913014919855
-1592.9295147190041 2551.5905649949236
3121.7153170878123 -3223.5005090418226
-614.034172416587 4744.222391108531
710.3481922302406 -1869.973377467565
-620.3409480223069 -1120.7278996964953
-1126.5253570111859 -200.3356556751934
2808.050686058343 1980.5294189392193
3365.308374707653 -733.6977622380194
5464.8276114902355 1142.246170052592
4275.230166546619 -1462.4891205302174
-5891.245416973166 222.0743869916057
-4241.509991891518 1018.4428217702903
370.811376319389 4343.573517741786
2654.9718204513883 1563.3789830653604
938.9021964228778 -761.8241607042517
-2636.9852200724226 2062.533766079568
-2851.20463396068 -3359.8056916323235
-3268.702765548522 -245.56344830214806
3335.000528965999 983.3923907670613
718.8053872957562 1354.726907599471
1888.8184491723498 2340.623323921286
-6962.154027066726 -1678.6309219056066
-709.5168000035274 662.6484780014
-944.4433208131575 -676.25787499316
5396.673436578764 -265.3737067435947
-2877.401930214814 -1489.5187771606543
-4882.661022447158 1664.057406158592
3056.2824510418623 -3664.7314602031015
-3028.2890577683875 1033.6128118918587
1197.0777766714589 -3100.9946543868255
-2888.7323346194894 -2434.3909680395304
-98.41062921430179 -1590.1741964686498
-1585.57972379534 443.64973180872084
-3250.6225025800636 1745.612005206938
-5602.382433083766 176.90397848014408
-141.9522801703064 2573.519211837755
-2382.5136809714354 1195.3538823918254
4273.902060130685 833.5822225701945
-4938.855793517898 -467.567968922988
-2082.7397742831454 540.2364484910398
-2786.4817475565305 3820.659801441287
-1310.4726938996666 485.7053554241636
-1451.1324902714832 361.23257564462784
-2276.673292134023 -2467.5891627315145
-1381.1674440290942 3738.5141626363597
-269.2040746514574 1977.833290238799
-2320.4595324709817 1054.1418087822237
-4588.136463047725 -1174.8071227880805
-3256.916377466132 -880.4931563659409
618.1574000985493 3347.499968302186
-1896.708907180223 3367.8682515199675
471.6449424897797 3565.061146959847
1778.4129408173035 1578.3282006426155
780.6111207395163 4033.6606636194797
3804.630945405029 -964.7863609499893
2765.7011643674896 -5573.857714403756
1086.2853008275233 3676.2288088263317
-1365.1182680091447 -78.30905875481997
-44.565606670586234 -2091.4710596258633
4914.225379930176 -140.92656676722723
518.9851132233003 -3236.2921876540654
-4962.688829910288 -1458.2222677889063
-750.1096229030411 3985.7834389886493
2880.871615713979 -447.45687101795676
4570.387071302563 -1675.1009317060023
-2040.3760862840545 -3454.524200667752
4415.228186931314 1363.5929876477614
675.1644207016237 -2581.2059925870676
-2086.5850011820135 -1401.1347022728382
-4705.067966076936 -1750.0960928946727
444.18628090368543 1749.22818077808
-4263.334103275094 160.04665535203608
-733.2279630106586 4557.7178598760975
-36.187743882469725 4020.5916798460644
5146.699731018914 -259.5624119557291
4205.895468921337 -2807.0148536970764
-3479.8005883027254 -1718.9664265365232
-778.9081863174306 1619.0476515230812
-442.4873518106484 1391.6198516319394
4919.269410106638 -588.8759433456431
-2374.2719188534147 -3090.988271861534
985.7722988791272 -3285.4697797641807
-2380.610117053794 -1628.0857229078233
1230.6586820232599 836.4730419819019
-1113.719517756357 4273.322082718295
-2176.2727593442364 250.76246435159345
-66.75453568673095 -3805.5546047431344
-2471.2307416505987 3559.8441818281995
-3336.2709997219363 -621.1672622924123
694.0924308861045 4132.65806856479
-936.247106568304 4064.662773277103
-315.84211647092974 391.22244548917536
-439.51333131616155 341.8504289645947
-1340.8058354121854 1748.5779086110306
1195.4690123330563 616.4174321953915
-471.13105345675467 608.0360825215863
975.655847237442 1106.8200164531004
1476.6661542900408 -1527.5152889738952
889.075986281911 2911.7960079672475
40.76850954803908 2484.5560450791513
-1571.2041807265239 -3325.1332622958694
-99.36753049634449 -3940.679492020011
-3185.268227911944 3019.9666186523996
2777.314779867351 -79.84806696757515
1464.0907686413495 2783.0032542783547
1032.3802157899283 -3019.968880312064
-5402.908434350168 1207.2683463954324
-452.9695221303532 -1082.3819143302105
5014.036669295814 307.36668230373664
-2863.2439062680446 -3256.817467050396
-1224.292254044203 1468.7051244290285
-2130.362013791111 -3394.2993239122893
2215.9230896632353 -4541.933871864706
-220.28081308291272 2616.9932779019537
920.0733867877701 -2278.334245844537
1992.3097016411177 2443.603372504679
-860.4050973694004 3993.5061385854447
-1750.8762297755814 2612.6341107015205
-774.0574946152641 -1206.7088557395634
1032.7829900498925 -4436.585418839652
-2887.802729572728 1476.8806496697143
-1327.6444647201274 786.8369453189401
2312.5400235141205 2011.3869910748888
3376.5522454502266 -1776.0333682254193
-1990.882802929727 -330.89903974855287
-2818.1081011316155 887.5511397284072
-2966.413596119995 -1714.8416815425464
6042.052182187147 1064.8810387848737
-1584.0767023405028 -2577.492507419277
-1470.8752534755163 237.0948293447006
1422.512864360814 1884.0483062762232
1532.5724027569 2710.2293931485606
1697.387177460124 1239.5735433103896
-6530.476737796291 -834.9411452230349
4475.8447178715105 766.1997891683958
-489.43547947233156 4473.346032583877
-2913.1362867277967 806.6524620193978
1133.5541012747801 1679.1607763554382
-1305.4870998070933 -2443.985904318388
-4770.178750148806 1757.2107083981475
3759.9511857196685 2291.6381952576453
1016.123283053965 -4857.38714300326
3915.9110158428925 941.5153347230829
3342.3326342749347 1058.3229370815861
955.0317856777511 1210.3933108057963
-109.40363028884451 4251.872969877061
-3049.272559737927 3474.60186164966
-485.48357924249666 3418.176383439334
-456.2507231113198 3859.5958005654984
-5628.333612265904 48.372347654108715
-1308.886746598266 -567.1468988511219
1311.3172513765949 -4204.471152624849
1319.1611414439733 -476.38895460220255
-3418.547623626005 174.73514038847156
-6148.614904409313 -729.0719849368218
4377.871680029854 -1884.5206672382742
-6157.4950872355885 -1853.3629840586818
862.6519711961755 -2842.676137641904
-2494.927481542655 1614.470560510639
-4886.065495073335 -851.9741377335347
721.4494149851038 -4199.239114797879
-3692.9782477279455 3059.4277451640583
3002.3042408730175 1956.8627737486654
254.04039031142784 -4666.563824301427
1213.6777336383639 -2130.594723174249
-2395.1578316877517 3331.0971847125847
-70.51059822145537 337.89406672532385
-1516.6770342537804 1725.4327597430351
-1698.0817840231302 4280.707629014418
-4116.248745676507 1240.5020003926059
-1282.0612262735533 -3602.96625156739
2413.8315630126426 -3174.3324312908044
923.5883666478451 -2625.317096444581
-1788.7100603698545 2352.202081588067
4998.336072706057 673.1693196132342
746.6725706164713 -2972.7267834746567
4146.812559942226 432.81623729128
3066.2083053794804 229.96828241730645
187.71724347644457 -1451.2927016115746
3654.5074278944194 160.67741327260487
503.66753820585177 -2086.534934684693
-1103.316894012485 3412.8846978570173
-121.93005519240404 -2420.138214388088
-467.0326173434643 56.838901808417404
1659.586649204308 2516.770094512133
339.75441601538176 -3780.7250505432153
2315.7435363761615 -3627.5445131476185
5104.804045192361 307.4284164341589
248.90216154803574 4128.376670083766
4074.6428877398116 -1827.0039297555763
3017.393368987317 -1233.9739528239263
912.959151562009 1514.9801616373338
408.07114464853 3617.911244261651
5606.943564251746 479.0346432679926
-3099.8759802112068 1193.2084554050514
-745.8818833096948 -3782.5563732285195
2577.8916862290616 -710.6314103658918
933.0373084331585 3894.3525116671244
1562.7436077878012 -4636.104201402821
-384.3385704834448 -1992.0270898622744
4771.765483954461 -743.0526808187167
2117.228383680521 -1009.0412570083695
324.21786826582206 -4228.858113585539
4595.1111854402 1059.0722311674515
3560.322660945524 1548.2802248817102
955.247272041796 -1950.1355469001116
-1504.3727964480336 -3616.679366049254
-2557.5036549486085 2023.184395368253
3416.230790754675 -174.47365064680247
-1021.7633918584709 -282.9229476036286
182.95098029413091 4248.146552602905
-861.44575297175 4347.647843821237
5018.899884300673 -630.1012370692141
1141.0520569743283 1963.3301670862843
-666.7188258373875 -2001.9569291183311
5264.3402511057475 95.8137868784433
-3930.529151901482 1419.1635034297876
-4140.5764120506965 2808.6271531212988
4948.786853526996 408.71872537591344
2796.2230051327497 1631.4192379597578
113.57801630801322 2531.561743975914
2454.4960826181177 -3521.4592880458886
-4285.442312529501 2005.9237023983062
-1879.2835314417198 -2927.560911115027
4890.843851609656 -482.2239308227042
3554.7165771971086 1241.4416634852657
-1068.054963872226 -452.24654970306244
2308.2626047261165 1634.0194957356346
-84.00787371123384 3431.7658252478873
5100.777997335202 500.9423784153414
1836.7299950459346 -1231.9597422342897
-2717.756626804731 16.448211966430257
1004.2350850281734 760.0455937309342
5931.7111449218 855.629020079749
-2383.279431016928 -3494.235233565644
-4227.975519110279 3952.3953559699526
-288.59681086384523 4464.119867940232
1001.655223206811 104.47526243072382
2605.3430070921554 -5479.659345668842
-6320.6502678600145 -704.3618025184994
2700.0947569908512 -797.076027203401
4042.859322642054 1687.1192819299476
2746.5664826311054 414.8811439615175
4196.720287420155 1011.3057038411314
464.81765931694 634.1575894327805
-5165.478031291415 -1291.3205343913664
5384.626200195835 29.85796881840235
-4788.367572478176 2108.872882101671
4745.863587295441 1189.5587240230664
1787.7414949905578 -1996.9343630594917
-691.9038270758512 2021.4702380959604
784.0027666748776 -1895.2158800033249
-6118.890527854727 -623.6663166867555
-3112.2115637262914 3411.6240308497904
1476.8205626718327 202.33977791678782
-3524.4711419065275 2608.9007483338423
-2418.886509764667 -1335.4517888051942
-5762.456628303627 706.2960486307231
-3807.9174488462086 1207.69503420496
306.7566423120696 -337.08221499920836
3032.2851124978124 -29.754814623894863
263.4906771964231 648.9006009411513
-675.4243298439892 515.9246340774278
1217.6511672965632 -2243.42047352683
-97.97574909410179 -1775.8806846111763
-2293.8852179263777 -2762.362028652929
549.3602728396 2704.2509736417987
-1423.5747398214432 -2418.3665483057025
259.01195517640826 1491.735766788306
4008.813315722965 797.559857760691
4254.992396962898 -1236.229853281459
1726.4701965135152 -2662.733337932304
-1012.9557116398408 2787.902470738062
2710.351137266797 -3314.657334888458
2359.7934290297785 -1357.199126639626
-942.0328399775775 3768.9146124688064
-1114.2322825902838 -744.0809942340869
-1925.4377137287909 2294.1423470137747
-1436.9149202874887 -1352.4106633400718
4520.417462747235 1578.7950211516454
570.0056611450248 1508.7720617929751
-3101.516507832243 1688.8153960150523
2448.1648917914895 -1035.1689943682043
-1683.05345314668 -2379.742188831481
5702.390165143744 914.5784570619602
3542.206149928701 -162.11846597601692
337.2588150366236 -4379.239524688967
3578.737700356812 1318.7989749662918
1544.8227086743802 1930.7219922686959
2770.892010861516 26.440961621136374
4237.938070157702 -2110.6021358508006
2133.7204694843103 -5196.229731543612
1565.7103941030273 188.76799150309645
3185.2641628747256 -3631.9892689775897
-1745.3546540926102 -1801.4737958094192
-2634.61876941181 -802.0223839264817
-1254.1902606587096 -2491.378760186803
827.0479674000802 -805.9682762141114
1054.5089649838126 661.6428749394281
3578.5184688053964 -743.6838888188944
-356.7266702899503 1396.8135835659164
-4570.106044362464 724.6999185276707
801.0123508944688 -3263.3022808963246
-3232.542415620672 -342.8477087450542
1131.9424808066622 2292.198902414561
-563.9085698322706 4342.611434452384
2926.5205129170445 -147.14336471692712
5478.746750325475 459.1024146626637
-2562.5573440834396 -2221.0314683906813
1370.5962901609519 -2833.364362514156
-119.2935646670621 3878.5067095169434
-5476.020705415368 870.3417416312016
-723.2991379353024 -3447.6694269539285
1664.8016033443541 932.8678537421387
-2026.7069429306032 -3373.262380851008
2707.407020092619 -5444.587686853605
4615.536529392078 -653.3959858398963
1812.3960116674368 -2858.891173376597
-2655.7289578748214 1204.722162005289
1659.813669620912 -2325.7064674082417
495.0760850242931 155.21589517922777
5269.919054583966 940.3814580613229
2376.335477750139 -3293.930736639333
215.00852714070524 -1831.5053687815332
-1621.927473417074 3835.7893533130837
2532.465252085457 827.547713411696
2933.5401194161923 705.2950191489865
-4263.162523570116 -2375.3973770301864
5612.392801516598 735.514525483113
1240.5494097582814 -4116.6807984759325
1052.8040035015551 2233.470003443056
1768.7934395076434 867.6342702459323
5248.299509087699 819.6200350144732
367.53261468839594 -2598.703430919467
-6213.424250578336 -218.67776885810028
4035.3514391173444 1319.0487760932187
-1682.857937413848 77.60782635011911
-2826.3568663185847 145.2380892432121
-2329.4042112279935 1322.702416545173
1542.499545152132 940.1572994694164
3067.458358792395 940.7537784423115
1818.051451039439 -4213.486657919418
1581.3169008546215 -2262.920771241987
-1532.7472214785419 -2920.7749184785803
2464.057356451316 -733.1212607073022
-1633.6629873450117 -268.87323809678793
-2758.4916167355987 -3104.483021961976
-452.9172188894763 3706.1177335739335
4658.611002917426 900.6515510363547
-2733.333211377562 3286.691392956203
4922.9156132256285 -1135.8397984950677
2826.376148471405 -986.2921984556659
-6412.5683497012715 -937.1741800009894
2279.639372313066 -1632.6929368556064
3841.2515856530567 2308.5071334449167
-437.745181542605 -1232.9699535518714
1774.8405759916038 -4964.723337646128
-885.4504945815686 -56.29406104883175
585.5158073495546 -2907.6985650314205
2768.101701188374 1425.164920172882
-1782.8050835980907 -1141.9243806242403
-5096.992565786699 -1181.2592002939111
1775.1440003650287 2571.4760483900873
-5078.517652932528 1796.5654174315075
2671.9484679760562 -5574.413255617012
-1463.4052831157937 4608.555566991263
-1389.4587800909312 -3210.934779023545
4940.759143960768 1627.759896811582
176.18018396437188 494.6004840025918
-2908.7749628155443 -391.12653601397204
-1249.6451502872264 -1244.5983829546935
-2493.5561604658537 -674.9522994367239
-2983.6794314018184 -2271.0248467539477
4498.516235391752 -1043.1407062115234
-5234.7381956263525 1227.3915696241718
1168.3702255740825 2342.0750504482826
-2062.366102129203 1775.440916001811
-773.1932427782593 -176.41980395490106
-4707.636661078485 2431.525167121541
272.63049683681623 -3707.7777068291784
-2872.7483831053337 1351.61285225467
827.0469262648587 3923.431301737707
1194.1023566108818 3480.5231012843487
-2961.03440597133 -2051.772407754258
-2416.205650239875 -1398.464279671721
-3966.4048004753777 3109.350749893196
-2593.270252437706 341.0315533887588
-621.0922357603523 3834.625138208799
-3188.184215097905 3486.3299232173526
-4205.0265515300825 1895.9505991685103
1393.9585292998413 -4266.601367436611
-245.96529844949367 244.53833564320777
-1005.9376214638067 -1217.106833053528
242.38169613315392 -4441.993256922103
-2578.576305880931 945.7857926003708
-2641.268037968388 -2454.1561226755043
-3784.9016743519737 1278.9599365241593
-323.5737956829047 2376.640441883909
4205.199289918023 761.8582564069517
-1875.7765258552377 886.2197307555705
-6558.286822844019 -1851.0797592406489
2060.3038106353406 2295.8446821904554
4093.945475476158 -2606.6054502410384
-2723.0285276598916 -3395.9945545089377
3060.322057349145 -5422.754747866455
1168.1829291880942 -2295.934461103858
-4315.186003595398 1917.1789944275781
-1196.7091901966958 2885.554711852163
1114.0142318951334 -572.3747742665723
4131.256944500117 597.9146689394065
4827.5127802726975 1315.669304657543
-1625.9632181640275 2002.9121433224145
3617.1932307976194 803.4056313581293
2923.449627902934 1937.854637532322
4505.671557650522 -1140.8633465507658
-6336.809453510291 -1616.0148265487373
5163.466792161327 671.693826247486
-6230.987823004592 -554.1401976767748
-789.8505861101539 -3606.104257865863
430.51999257493895 -28.093486307227924
-1350.017980352457 -2821.963975111557
1069.8182815145226 -2420.214006523841
-2658.6642505013765 -28.21759910114019
-4822.835835941995 1897.485295901796
827.7534501248392 -3686.3445497882294
-3962.6524924880414 2481.8196311957913
-6550.926384182625 -1699.8616735391054
3116.7964051233585 345.5423844936911
-1659.4059928783731 1253.6170902708493
-681.5705982867117 -772.8990898494771
-3416.1883907541883 -608.0279449332702
150.80235552198494 1846.6320639824924
-639.233729187422 -530.9574440749527
1833.8634650345361 2601.447602169753
5100.151680864613 -63.31144230905459
1123.7181894150733 2395.2956635906057
-291.1964764973391 1719.7138695382666
1251.615148803867 -1609.3158771368255
892.4422705422932 -4874.934624774439
-6757.668006330179 -1736.3656907816126
-2498.7364621361694 -2256.3408232721654
274.42021124793496 -3814.2996291304294
1460.3173503147075 -1949.830496350225
-60.78111638495289 -3710.892940272476
-697.1790717148491 -862.5130727343118
3666.724163050346 1404.7841312475077
1885.519679366449 -1872.169309314715
-6012.046498395256 332.1544909090431
497.14486070603965 -2808.1567090484627
-848.0344432226598 1490.51960079558
1005.3064724132126 3930.8393473356214
-3272.2646358031825 -960.6304820039707
-2937.418804339996 998.2805312801058
-1792.0788741592883 1722.1383638875302
-1117.0025631850356 -1330.6440384968394
-2524.8869198543257 3765.905822662607
-3426.54251095557 1498.3079786216465
-2856.6070030386268 -3202.3700799664375
1156.7484950430614 1771.2584875064592
2053.510886365477 -1286.8856253767103
-681.6989736244284 2274.1851908397816
978.6204755829527 549.2107402297663
-2027.6057448217623 -2997.8577300923575
766.8092784393199 -4453.45963774301
-2402.3278653538696 980.1563334089738
934.1767613081562 -2699.2818036663552
1659.8688073603291 -2962.9290759074393
564.5509910023984 546.2089923901726
120.1855531455405 -2673.437840392303
-1420.5193903957731 -2745.5114067083264
-3048.5412668736394 -3126.996648046169
-4471.519249457321 -2249.911211595861
-2915.548587886399 1687.1174649136499
-2607.5796098770807 -1993.9151890094283
-3383.1042670649576 -1208.0929554793347
-1796.9832209895758 4702.453138630162
2070.4909882876277 1574.7327021900705
1444.447039413652 -4535.7952391747995
5307.822326086499 1272.7491482695684
-573.9581895493284 -575.8225588552029
-2682.713686787191 -1158.9586298517497
21.982501626228323 3856.22033093363
1801.0983281577144 2516.248929667424
-179.47441940478313 4178.904447427836
-2355.5485208694563 1258.3176497245358
4197.523443988396 2129.3002624802734
-4523.27437524172 1728.7155043130838
2152.6621372701725 2477.442244619349
-302.6521240029575 -450.0661242328363
-2935.6987972872525 -2146.621432243568
1132.44447549015 -3312.149808888141
2079.134005647733 2217.0274634009875
879.5077071241797 -3824.8591708333506
1173.3041406163711 -4402.7696943160845
-3258.4818484177276 4293.891659025924
416.19318642141997 1470.9253218659605
1817.2824205333895 -5213.375540414423
-53.9741199676388 2392.924364989943
5167.589769110811 -457.8400468125169
-1310.806917130355 609.2917776573171
-1010.5418690081121 530.1393793799218
-2615.7402678356557 1800.5063942553352
1518.4268703155797 623.2875146216851
-3738.875173747986 -501.21295569161714
2928.390786300569 -707.0659336092049
804.4795911440596 460.55471716513495
-6378.125474591951 -1685.6530978626497
-1284.6278117910786 4055.3867005526795
2519.3636589110597 1534.860034011347
4206.146090864722 1186.8200131749886
343.3439811367517 -3958.3060815546764
-1265.650239894555 -658.4061945900086
828.3518263071769 -1784.7252753751845
-800.1438686473005 3784.85705402199
4629.596842532247 392.31325986139046
-1453.3198057543098 -2923.0803186925186
1214.6770865467147 -5249.174047817862
-647.7011360086304 720.4898890584976
-4641.611235485874 2824.6627142227753
2215.937233760054 1851.6133277037477
-2777.432805545488 3598.4042627844497
2843.7406106744174 1205.7468633028627
132.9351086002273 -4134.664541247767
-3269.8394993715706 563.384121351762
-1031.1668804676917 2905.5105341500075
1955.1761748827187 -3261.89927727127
-547.2837688585653 2674.4843544486566
-1594.579779593334 -2195.30864806784
-3734.3614144319768 -885.7967168927352
4795.837244326452 612.6647083790785
-2761.0017205388185 2502.6713402625714
1414.4618211503805 1310.4219736319344
1082.063720785844 -690.683644977745
-5614.1677486472545 1009.6029506289578
1594.0813095181554 1657.103459297689
391.5852023429086 -2310.713318562276
893.9621954706279 3733.3070075913415
1198.170955675711 -2467.4117856488792
4747.91711468357 1415.4327563246666
3139.050109016262 -5453.421003552336
-2735.289956315736 434.0047286748773
-3846.048688285803 -1732.9168476330087
-416.0103642453839 3488.8905982690235
-2081.478045949108 2181.9757759200465
1461.366027398529 -1030.6971785677458
2043.3357347166566 -514.4812877322598
4394.818634373366 -1227.4104641170202
382.2029954907489 2916.6067079096683
-2261.991550096055 1988.6444590839499
-2663.560454994629 3498.1649978540295
-1907.1732457099886 -324.1826195039317
-2952.3220514808622 -157.59011707108152
-4666.62998862461 2333.308621808978
-2495.4531158660466 1301.9936783801581
4974.2072766398005 -343.4622618730658
1435.6413375754835 -2032.8876752075976
-4902.517687329652 -397.81544033017235
-5202.55429777655 2053.5140531348643
36.82839799118407 -2418.5306901354306
-825.1496236337405 -1248.8400280070755
1205.4096815903592 -3043.4139241391435
-1557.5184145367007 63.202345111632496
2358.4728397948847 -988.7219793712792
417.2287691893527 -2134.9740281959257
2870.8145178333034 -595.4175967776616
-3416.2856387900106 -1089.917045825645
-4378.419692774448 2163.360825742416
2048.708699926473 2483.9912931231315
4665.7640834190015 -299.0515609112549
2129.742333418727 -2662.1860849575164
1419.334022981804 -2125.167061145267
4197.26691540362 -2511.499170301045
4252.862118634588 -2220.838099368384
1459.0669608758963 -372.2788517302407
1183.795837365059 -641.2350701719344
-204.37689925111408 -278.7842236090386
842.154207840737 -3007.246132157553
-2617.4036892217 3341.3687140710986
4708.294825028465 1553.7536042890597
-2806.630745759996 448.4962170793029
-4843.330073890929 1992.2376273063699
-2869.2620079428243 2525.042502735363
1188.2580762106475 1905.795941950955
-5642.410092195831 894.5498105436818
926.1034024828854 -4617.087727475196
-1171.8745917311894 -1966.3459189158825
383.1094725948203 2169.1155927251416
3103.9428347626936 -1184.3997627290441
4495.277352386649 215.04280326167336
-50.850452829999135 -4115.0548711464135
-1157.4131622034438 2468.933581594087
2980.1566789954873 384.58236140935946
-2210.5039735536857 -2438.2910212315833
-5530.210102461442 -1167.183750865695
-6895.366858918658 -1573.2372222928147
1070.2378649687564 -2628.3821514758215
4385.7804355535445 -1000.633534746782
-1529.0723808376508 -2524.5521270186455
-5766.2558510045055 -940.6841982658968
3574.776740930862 568.0388766171682
3197.0605290342683 407.1986456890041
5351.252116225141 -195.81797855622492
-3042.8381232075362 -2816.4726026931453
3050.5588230762355 1431.314210392269
4412.773507982837 479.5539719772728
4631.207370487787 1312.5021036063163
-1859.1883594316394 -2390.2068063063607
5782.926605236973 482.75398849771034
5454.928563237754 305.91715944594137
3955.918703131011 -2774.2842102860122
2883.11187477214 1690.60102453981
296.8031992129528 -2366.3015038169137
4426.679644542828 -2225.124707570958
-492.7851289326868 2387.888054337601
-2349.42053380527 2044.4709575553368
1620.1322929778169 -1836.1365202506959
3184.693020569921 703.7205842823554
-2460.0178454305733 -804.1325101040824
4161.08202013051 -1812.5522706570548
2002.6346539319509 -1467.1848175948494
5116.186734798031 771.2689350908287
4703.824167026484 -349.3047892788871
-1639.5916533435707 -1891.0101126999323
672.4502797010409 -2746.6543697322995
1953.804453173539 -4402.553821261448
3078.258410713303 72.89082764753395
3637.153221744273 889.3103267201066
-6508.9957605441905 -1079.2080885940763
4741.0997390870325 -665.5515163796492
-4447.097062585887 1947.226575344399
188.84125708588115 -357.9114523500651
-5070.698366045957 2126.617375930789
-370.97073382024746 4493.2849877728995
-1435.0885048520674 1933.4051449532562
2970.0649241017113 -2917.1766288529216
1619.6978960080396 -1495.7090700167012
-725.7853767975187 345.36778524365207
-1308.0173597850385 3308.4188536571573
2815.580535180703 -3121.2503717652085
4848.118146371114 -772.8493479970938
2968.8319344934807 -974.888629322086
2133.4811997053826 -2855.1166583125446
4181.556101072256 667.8923620688422
-885.1224630219169 1403.344366164775
-5436.925645145726 512.3088922510535
-1425.0419804726575 -3274.251469463105
-4796.717761625609 2838.7880857592336
-2723.8948086321134 -1222.4030891633986
-1325.0332837982344 3993.06974570223
-778.173472522177 -1865.0804037935648
-276.9433418154722 -3810.5343948149493
-1678.9564240448656 1664.8591478886665
-913.6408374350765 3934.244666407877
5225.770035087776 1029.9201249086916
1832.2888167211456 -4535.763950265437
-953.7933551738365 1966.5619122766782
3016.396845508086 -3484.5232328341176
4540.940450764706 -2238.2552394021245
827.5310632261337 -230.76234995923284
-3781.9756032071855 -585.5996792577064
388.8736661788596 4134.628958464461
-479.5615189652949 1709.1186503675397
693.8604273843043 -4519.18800643221
-2571.169998106148 -1508.9868278496785
-3377.0597116820372 4201.869249930875
2731.50096747039 1763.8533000419156
-5117.35630840743 -1476.1310299167478
1821.561997192403 -5376.846461893158
2487.669429122745 -5605.377390537735
-1565.6194106004766 -2650.705398494433
-1186.9135106694757 4218.358984566041
5464.282116181232 982.1007892351038
-3708.810180563779 2652.1848335766417
-1391.1947099625256 4530.246398492124
3343.96731058572 2039.2841452000043
1822.1300713181747 1529.1257122605487
2233.449751376345 -785.04646135736
5686.517869365187 512.6190493244109
-398.77365886446944 4196.534190427021
3647.243951438531 1079.327129630669
4036.1180893329392 -1762.6135344059915
4425.886010476074 1190.3396367713449
-2779.0128314595013 -739.1836582104203
773.4735547905889 -2726.5105965974717
765.0542048556882 -790.683634626472
-4109.830893552308 2703.435567930305
-3191.5621431166123 1188.6558617561789
-1933.428119352546 -1112.857334675838
3156.3397427971304 -4238.468352800396
2868.107851858295 2062.452927665071
-6342.138572244304 -574.6783272388747
136.25749253628086 2335.3031609835493
1295.189708821686 -171.91442786715825
1223.3921939993143 -2679.2501787483347
2288.018743245492 1331.5581504786405
302.6702850714619 -2444.009243123824
-556.63921249296 -1150.161819583168
1625.2883629127523 -2895.261451484902
-3094.597449449047 2188.3336176072517
441.69783174582324 -3672.3155649183786
-1136.6946876295865 -1497.868319785002
-2794.7753657745384 3297.760376528894
-3744.0932997304703 -755.1848007333252
-4364.414818874604 1847.1418573456222
-3001.841535970479 3854.2544924614403
-3274.2952752162832 -3221.111474744705
-4472.815636208603 1886.896867250869
-3338.2388870389063 3186.1109112760305
1032.4180624071587 -653.5670379065909
-1207.9866714348636 359.5175425160008
-4011.80623312207 1012.7882633180103
-1536.952217211926 -2839.4730404199627
2539.713500734812 -1057.8287745150315
-716.1712697517843 -1017.8702887298729
843.509768416307 -4799.670188680512
-3778.612969770151 1572.6358265922263
-685.2932040826113 1818.099160120917
-2596.0035286512934 1564.859595048146
2719.633160048197 -216.55303414238233
5355.385724723259 1123.7251845081419
-2807.0568916057045 -2500.931175727466
4238.061441263176 -2393.6544747540834
-71.08754673598688 521.1379222615847
5396.911549411826 718.3209746858993
1386.3903820509147 -4154.798530641189
1153.91386881777 -2669.7096811064825
-759.076007550534 4381.215567283232
-3049.047703572141 -345.37900221210646
-2848.3018355959043 -1597.411998483114
-2152.933843516052 1545.8359411678662
-2193.2903056637247 1154.480087708812
3573.989332043002 677.7179263695588
2996.6768428814494 1388.9924288011566
-4109.72106636013 4220.012978306428
-3250.462037313222 -2267.160558665211
-3057.0177653345268 2618.884752161354
-3005.1927524556277 -511.1560774724319
-4661.634072860739 2973.212776880597
173.68802268757267 3961.655566400239
-3492.5520580517996 547.4193883292712
2198.938324151796 -3316.645023602323
80.03874065063262 -3708.0282239254198
-941.3442655126529 -1214.1271991938456
-756.1262325816883 2181.4013733577185
-1748.0521159900384 4425.59229568385
-2397.1100576613458 -422.62788095635284
-2338.6602874931978 -3330.5311383179765
-2053.8068730490554 1601.07676579971
815.724604663589 -4396.996186969336
-4642.2560173939 2509.924906601016
2971.3274521418793 1800.723615429591
62.20526148693996 2114.491630475801
-190.57600812300203 -401.1858501476617
132.9872692348857 -1512.196173622436
791.1954782556548 1487.4710709774708
3204.18347697071 214.88644441043866
2339.5736325167554 -3479.4297593559813
-3181.8708554835803 -1701.051469950576
4261.274627268419 1946.6801774274195
3583.6603001109875 1832.5014559399137
186.42567256492998 -2053.9385736239547
-3274.339286484211 4448.592406931975
-5818.722220940199 -210.98428057439352
1699.7793860517427 1614.169676366822
2142.6230913080517 -1588.1933237673545
-2687.748384659317 3209.093745852262
-2352.914289971063 535.9779345882401
-59.89723972745307 3769.790503703852
-1031.7989353865237 -403.6041848415073
-436.0057739912469 2305.349222285876
4884.85636745386 130.86672215761214
1351.852637154638 -4442.426546997286
-3028.097757059915 3722.2677579545903
-235.37155127102548 497.6892837753609
3530.140257064839 -1845.4635555549858
4766.718457319681 54.456310169898416
841.7344483504932 4044.4768575655207
3191.1389354426756 1324.0826503792775
2091.5441588818308 -1879.9652631408699
754.1656707090318 619.7095994200777
1056.0060395697192 3273.298716068953
891.0151180627547 -4190.48904891688
-950.1935250853944 -570.9097604396037
1892.817153220636 -5353.449614022518
-5515.7110070651115 -908.3101726688116
-367.21790240651313 2332.6731318133043
4240.327378134801 -2864.038870155793
-3525.29752592653 3374.6294605649227
-5057.930667279846 1861.0314915859853
-5668.657108159632 825.5112423503044
-2590.340943803098 736.0636455727084
2762.3840521678117 272.7843858655187
-1824.8046448703385 1509.3179633406098
-6149.713020989891 -504.39338031637936
-2008.8682590398819 2108.24473688371
-4872.250298550041 2409.4250315457853
-497.0966733679206 384.5119437033376
-5811.279363631442 323.59145400955373
1009.4403211619818 3766.8394031853427
-228.09205206848964 1851.8589343811518
5076.389268533326 -899.7910821273621
-3278.1275893742854 1142.4382447048379
2483.9654584147643 -3333.420739658202
5191.175785355596 537.8428273498141
-3469.153149763839 1338.200547200125
611.4199424919487 -4144.368346809451
-2366.92338639277 -2305.341571491157
-1821.449895536983 4888.319877647811
330.92766999926994 -195.75927328964156
271.43019915147875 2250.7462998366605
-1663.8446377830587 1866.4615747904545
-2701.9138080048483 -2710.522319526371
3706.6854207887236 -2098.876091835518
-1139.7949268182517 3840.5735018353876
1073.6825989040528 783.0362634848171
3898.453362627266 1053.6730331000688
-1327.609148574446 3846.5339743212385
-581.8035362211725 -1044.2862963540529
1215.8651208517763 137.41642367743086
1702.1468014646507 -1276.2208912649992
2410.2470156543313 1924.8168564686368
1311.5201778344203 2923.705563698489
-3833.5562601733236 -1245.7956338773076
-3186.892298309949 660.5821567126285
-1617.582464667576 -2379.6958379755088
2455.538567877166 -604.9429094085809
1681.7324347051483 -1735.4521255441373
594.3883969904887 -4423.027485499099
-4299.482884605619 3930.0882933864445
-1514.7826997931284 583.9758462334473
-600.9585176234469 3978.679160418751
-614.0073171445963 1504.295828442611
241.00377613259815 -2088.1504794868265
-842.6594064954436 -3647.5949168169427
3501.514072513514 410.13462090419574
-2280.124460518719 -2262.320389842753
-2723.332803718926 1806.8717584364908
-2465.5011417608653 763.1339494655308
-482.3256508840645 -3755.912854510889
-2726.189936366567 1114.3454162532878
-1069.8601754135732 -3330.5666115844815
5969.578571083932 941.945676326114
-1490.5620099005234 1554.2137391382003
-3236.5079901829135 -1944.7833237936406
4623.6287107361895 -2050.4125793944104
166.1121354326492 4464.286434077195
-6573.5559201472415 -994.1458248546028
3468.2081973203076 2211.9161120510475
4156.35648009894 513.9387386592089
-521.7702248392113 3941.6071783892385
3439.112008414613 1155.3267591494744
139.64885174580894 -4293.385926802041
-5723.544613491172 577.7999818749656
-2575.2439928715353 1680.909644874091
4326.073959412853 889.6250331515565
4314.88260177049 -941.971797437678
197.27645041137396 4161.571629731724
226.7019684395348 -4089.3577964909746
3679.9475930318804 -510.29247571364664
-706.3390339534963 4313.05235017055
-2691.0631636567127 659.6567627967169
-1177.2298447084625 2761.9766952282976
-4124.728412820425 1889.4920226164002
4595.502968166532 1442.265365106531
655.1144164788707 -1916.413144418983
-5389.8473172022395 726.0428572031263
-3897.673489331555 2448.948895780744
3615.5059339068507 -2912.5309726546866
-145.6579743636914 4467.282183322114
1306.2443622258386 -4513.770330090678
5647.580110384095 644.6460511350389
-3593.474645983885 4358.7629799812885
47.996476679376265 4051.203305628806
826.9886011057887 1020.2779275425115
496.0415346188917 -3936.4972298196935
-1097.673603958066 4464.802821429377
967.4241719943499 -2393.7029752817507
-1126.5308930948677 396.3530688487157
-1124.2579728534915 -3962.717187447892
1217.8589250328919 3259.309346543226
783.1053962131339 -2236.2964865495615
-860.0199960217162 -1374.5507341278023
-3002.747714432593 -924.3540369500455
-969.2653175054319 3881.627746321288
-3222.2643839555044 -694.826730450379
-1551.534403016771 -3184.4539136816625
-4347.502650674007 2280.703489289463
-3809.971268721141 -1773.4119002096593
1231.2992205031646 -2778.2585829349223
2436.4166359501523 -3265.9175738933673
-1197.00040191648 -2041.6015127870398
-2521.5040830313674 -2476.5291966893524
-6047.348261604542 -963.5749785294516
1302.875029255562 527.3972008926364
36.25065276719612 -3802.7075944949124
3472.0427086532645 317.82528114813266
2474.912641865545 -366.4628183958496
1979.6995047977853 -1806.7378208390767
-5232.492113237477 -1413.3867241437536
-1599.3540238542832 4508.65598228594
2909.2041505573065 839.6345004425946
1.8662802202359825 4441.590842550695
1978.8330226686603 1905.4036970886698
-2053.1947384525106 -2847.647857965241
-823.6924763437138 2005.8662048049289
-1110.483841443012 1821.559122780756
-1799.5083723424025 -1307.5738188788669
-6176.360044179214 -903.4380473762116
960.8237666326656 3829.724275030024
3728.5426189899085 1737.6605297828305
661.1240830924249 -3299.1280389546723
-303.3360824816575 3537.7549736658707
3776.5945355571857 -2198.0245073382994
-2507.0138493581494 -1904.43592192674
-391.9192658580991 1457.2283349336076
2762.1548738704278 -5876.591807726009
-845.7866026751072 2281.08050941037
-731.8922988393547 -3906.866935014323
-1255.191370486074 -3006.2365012958926
-441.5111281553974 -449.2418836292
-2427.0313540447355 -2387.360786183736
-3781.8216089911693 2584.1220843319156
-1759.409277569764 -1707.3328385605344
168.7978719412842 4347.08531461948
-2720.679855924766 -1782.2355829292233
-3110.404315821964 29.28795570104563
-4815.67594826045 2494.1802050297006
3208.9175520028602 908.3654397909331
-4217.060015980432 950.245458305006
1275.3949090589722 168.00472071082046
-2470.27792514477 -2349.2438628111327
-5817.261124020682 -405.1362857413318
-3621.573529061659 -1853.48594686133
-1246.9212986083776 3950.475648662352
2891.5429990663247 1320.8827622565818
-1711.6361830687977 -1011.2955189482168
-1734.1792345960462 -1938.9903361194376
-405.1031714695895 4345.449966899702
-3313.3493006432363 3623.6968930692374
2294.4193156424703 -3129.4227478893727
-633.0205191995418 280.0193107607699
-1096.3776050083109 -3149.0279524208318
-850.6577405282412 -1479.273114724034
1071.547474682135 3167.595936024635
1569.6711481099032 757.4902717204883
67.51590082271284 -3508.014321383984
-133.8341070546047 -615.8334289619295
5798.061209742701 822.3744257125242
-508.87411536144396 4373.282723457063
4827.288477596081 94.50277658197449
-6620.323477962714 -1061.7680511151389
1728.5516582588425 -990.8658450403142
3008.982148654157 -3201.447082048946
-81.3589945668058 -474.24426850223404
-2977.846121504024 -102.44400819373638
991.031006505438 3672.3051369667733
5833.685099653748 953.9648427084038
-4531.128922174288 91.66786010969464
-2954.6939553382826 1276.0638343151995
-4202.734298938154 1981.3075761084806
-6821.344111553047 -1368.8480369420447
-160.34942875718144 4338.150945372859
-1968.6641715436854 -2993.9576386580343
-3004.2515846770366 3137.2821920518245
-2976.2334242249763 127.53406097829702
-2852.180229890592 -592.4478353521375
4949.915244745809 1012.3265815235882
800.7792430124346 385.84600312946753
4225.312618557418 1461.0973564445399
643.8268851442768 -3200.5733514870326
4953.436181266489 -907.5419728370728
4302.708791316008 1219.8769325807395
1046.1090133054538 3064.4478947974035
-1996.0010057891363 -2557.980405446578
-4181.644083777257 4264.974226743652
2999.5288956632035 1559.3931639727753
1684.869983370586 1476.3166155757444
2773.0962212989903 -893.4871775483382
-617.3662086244113 -370.48562962625584
-3942.2611998578377 2564.2730919726337
-407.84592303080495 -833.7332633560804
634.5721224169515 1511.610644340543
5809.50296199342 698.8411417206271
2838.6543708124304 -184.36483167451286
-985.5798437910114 2235.478699661698
-871.5806293873031 657.0520133816202
4413.316977308948 -2135.584662953059
4076.419911673475 1780.2159045495002
3091.721908057462 1248.4295337126728
-959.1266959614068 3652.0033527357873
-4659.9039833486195 2067.435462570166
-3194.090817413779 3154.68488412806
1493.0381333638463 -4231.858040124297
-1813.3387503832066 1658.151169270622
-5225.451440978371 1840.4984835711089
-2905.564247841466 -38.72883338048404
3603.284666907994 -1911.7657143831211
-3112.193543117515 -3170.6381770358807
-2977.0912589623345 -839.9841525358742
-2720.595753011221 3698.4020002996194
-1456.7823279774143 -1167.5484201538047
36.501815952680005 -3316.082126743471
-5046.5440850092255 -1538.4225369037492
-953.3587642764453 4149.966321968229
4309.6375171402005 -1098.808289474246
-1106.1153726128782 310.09822280296953
-653.3531372022069 2159.1500345484937
-2120.493099171426 951.4313476632741
472.5373754938992 -4081.4080235039037
506.9693105587182 -4202.215776310393
4823.946126768927 -161.48196445635696
96.84351383840153 4120.016176709571
-4317.919929183364 2047.0618556796746
1980.9298246362569 -1300.6851546242099
3902.586474480928 428.17161465347596
4358.299609224779 -1742.4642601459593
-2085.6957276292414 998.9172001411673
141.52014321516182 1964.6032936290112
400.0062422503294 -2671.2934600593953
2169.014861560297 -1921.6216909403836
-3119.8292030181146 -1333.9983180117913
5162.956334951277 245.1462756305776
-1527.328627724502 403.9577390476726
214.4018086432385 -1986.974733567298
3242.521674981159 343.03747394280157
-1783.3628519841784 -3059.136606081604
-594.6835783872689 1681.2553628267337
1038.2385581722835 159.09417313132192
4449.247330918989 420.4348267652262
-2478.2105678386088 983.1728957364836
958.3853697072713 3294.747370521236
4081.8001127654775 823.4949493830139
-3820.5936677688173 953.8644154440046
-6016.7859836459465 -290.3074553762685
-4592.213543505186 -2071.1806252860597
4613.114847084758 -495.569289968642
-773.3666890951732 4273.772004202477
2662.2373662410987 -415.7545697575241
-1613.671593393957 -2730.1070596681466
799.767446964204 3155.027814904049
1159.605413599415 1076.2248684729973
-3855.5167934290266 1338.8704509732574
4966.81468418845 1451.0273810974027
-1922.8258214388213 -1461.7243964831891
-4133.573223868072 2134.6739681983995
904.4667065395125 -2771.3262174777587
-1472.8038165339258 83.57043698812552
2657.7855565387545 1907.6662557872057
3477.5561310180647 -764.0832991929693
-2839.4046549657883 -2622.8516651528466
-231.3477550505838 -991.7326778270855
2163.7736791522857 -3391.5726150294718
4305.89212970016 -1989.011744720443
1142.3071372660952 558.9396390371016
-1506.2676200462176 -231.06294479973243
761.5810108266886 -4059.6190071987585
2861.6618864815177 1875.2054172271119
4217.986480429677 -1486.211403206609
-2504.618375712591 -2858.988612161889
-4809.370950576505 2581.8359585194826
3167.928038982585 257.61632950342613
3685.664126354865 666.8277854857644
364.1180140823663 -1784.6786872492669
-215.10858652027284 -856.2816607698056
-694.4679520224696 1369.6169530074842
2936.36155213602 894.0188030018671
909.2892816823683 -3989.1528549151767
2087.282262103925 -4963.842614289346
-2889.3004216267072 -1064.5519619001814
1131.9126145337639 -4316.050511890176
-2266.9756138033513 1785.8692808349354
4299.838630659642 1463.591935442031
-3346.2034530374235 -1325.7797483486215
-3320.971716872302 -438.6067102411936
2409.4943347297385 -3555.992441279416
-5559.071149745661 907.258368701317
-2074.1597042714634 -2935.046903815774
3136.4648745337518 1811.8953933163448
3962.710846584192 1134.2151642015172
-697.4964834665303 2412.937506967232
-2747.1042711733267 702.0312746224763
-2905.4577597600296 1771.2898276664173
37.01262957329685 4245.125616415308
2689.1933323651897 -4681.219435203309
-1055.9610156481817 4183.627598115517
2963.2014807687733 -60.59690915902138
990.000174806403 895.0793164511156
2489.7477616641077 1902.8593538147506
2874.4663441985954 -770.6074878985737
1065.4346992218423 -2932.2540342303264
-2818.706219932618 -346.35354710125193
-2477.887965759825 1077.102997639363
-5256.4527918188505 -1677.4000574816725
-4524.760896704797 3095.250713750785
3651.9440864203675 1559.4941968788391
4353.3246631420025 976.330544413521
2204.551639670397 -1078.45862040094
2605.294990177837 -3329.9203774689204
1686.6074990588868 1081.282845016004
-2451.725747034402 865.0794360055507
-390.1429129529533 4623.967638076739
4172.861497609574 -2241.164851998726
-5660.331219537653 -380.3264539504096
3949.093926624454 -2577.3422393772125
-2498.8292283177625 -1784.606649401055
-2926.11222444376 -1372.4647246309512
4133.77640475689 915.400326839277
-6352.4869081936995 -463.6723356553455
-3215.698392012763 -3115.94538054387
577.8323405859435 -3367.411749004527
-2833.466067495383 -1821.3187001777712
2932.409042122604 -1246.7582938802423
2638.765521801194 60.17354694246341
-4290.262884883717 90.29080087586682
-1829.5135244349256 3252.9108924594684
4708.833260272962 -104.72030897882696
2720.442739088227 666.5963797074947
-2265.9855452913393 1495.6566330926173
4247.5658271926 -1767.4169113740106
4156.709569513763 -3073.276966854023
-4909.209035583196 1373.9797546291168
-5073.223034504745 1284.1519020820579
1339.9533187867175 -3628.980049607254
4856.606158891647 495.1953608377047
3750.854831455122 472.02824093372476
-4073.7908023072423 3043.7829043422935
2423.5598675663173 1417.864810876769
2009.4027280792259 -4095.5185583915927
-2350.356922479185 -3414.540815203037
-919.7690957109007 217.4467998660474
-2856.8384756590904 -444.31839948508605
1681.6652832427412 -1941.9776549103294
-2431.3130454822094 -1619.281301609636
-3096.014125800845 2084.4718344837147
3570.0340707123287 -103.14781519849839
-2454.4289015531285 -2504.467856818354
223.82728558110372 -2201.007198133955
-2395.612387365178 -2599.6625256030816
70.44706962081668 4347.321461669449
3017.2282765246887 866.6121403728124
-5465.365440542871 350.50911538898214
3109.079461667423 481.63416316889897
840.7068596399967 2996.503428991605
4104.478435672436 1183.2003852814626
5082.627299611362 817.7815172266347
175.95160873213408 -4016.4936151398165
4536.918706289749 -398.5926445399259
-3194.9566892477674 1098.8931759425257
-772.5037698025928 281.66275589764496
1791.361179468161 -1888.5797871222603
-6539.812439583281 -1764.4501721701752
-4427.151875028467 2403.193055417769
581.7547376764976 1449.3637731853853
4339.350301251988 -2357.1881810782756
-3068.6760479946265 -2269.373811245964
1058.9607957012481 -2358.250850597019
-3288.9862642401567 -1.3608263134078895
-5659.436692269106 1125.1400610789553
2210.0083891931213 41.407835767575435
-2993.5197847833506 774.1900689974462
464.6992038544884 1612.1532694722016
2016.4111177806396 -2965.0451636890666
5085.263640431912 624.9879365216001
1302.5208007016645 -2600.2115704843486
3117.7852532991474 -798.0569385784048
286.3526253645033 -4486.3708148259475
-3058.98738020019 -1407.370844737693
-2699.4148263216052 3117.6800893995583
-3113.1592717006574 -322.2685650206789
-2476.906763252782 -1727.5180247585765
-2025.1045000448355 1083.1297839344472
-4227.207158317789 2924.2089332011064
1389.2040916989608 -4566.0393838169375
-1713.888636161092 -2281.4950154225357
2226.560633762124 -1733.379991857426
-32.85977948700819 2091.011671835358
4522.85217838233 -1979.7266230571463
1951.9182824206803 -1924.2073942705888
674.5083583332445 1673.276852353993
5585.069253893858 1208.2248005526865
-1597.5597471102292 -2037.52818798077
5383.711731937311 -390.15776403859104
2532.7399676484024 -3025.3477228491133
-239.7173825083244 4319.294288584639
-329.183073224922 326.3789947938091
-1285.3335067626817 -3483.814277481231
-5113.73897238448 1134.6404829657279
2798.5575812466745 -140.91538568655693
-1971.934293556341 2174.1327788522212
356.2424506427571 -102.19875027947661
3891.114807342303 -2044.822937465629
2076.7410582124135 -5171.923408502845
-2425.0183769833375 -3303.943893323504
2741.9233011701813 184.76431293468576
106.30552674274058 3870.154919183516
2043.8435484364934 2162.088049635087
4330.359356524037 785.3419749209025
-4261.480027499182 2799.2414044605516
-5666.5631293213855 -2214.6275082682096
1491.9718804518843 -1356.9565687905356
-599.8200359500445 2672.1261635847313
1444.5055429466258 -3702.4479171412027
-5942.326597053013 -694.5008594017551
-3310.7189663377476 -1165.2212944371788
4588.648121812972 -1492.6949133550445
-1417.3750321572757 -54.81550983332833
-4249.68223797502 -2166.181668536529
-2780.9394890315266 -68.61927970883463
-5522.366689746209 1080.7406737057568
4227.823202363316 1083.0477483623463
-1782.172998735662 -2800.6113591581266
-1664.1671074968397 393.72726707603596
2623.53366227856 -3018.7101584771644
5515.047605139985 868.5973180354114
-669.8166655086563 -922.6032444302745
467.26794163482083 -4943.037109049039
-1433.3510666940927 3909.7909656496417
-6081.7508728644925 -850.4225390298855
3154.550223134956 1899.0255531972848
-512.3081215521325 -612.2043333809512
3382.954525990092 246.22143032034265
-2182.71593230619 -2499.0628292342576
4494.450253301503 -1829.1454492841287
202.3379315578937 -3802.9976643708537
981.7550469783827 -3874.4587273306993
-256.77094050555723 1406.607279479973
-1376.0902087377358 1452.178703870368
-3328.3784768621626 -375.0476795689971
-993.0775063931704 -1728.5899331033618
-2601.255153401896 3441.255097046608
1746.5847059978812 -1074.994707141805
1378.86857527469 -3695.7713510626827
-1228.2668367466065 -310.1885887492701
2279.4966087677544 -3206.1156446314644
1996.1615848869524 2222.751461446206
4553.44101265721 1141.3043487841749
-1568.7270178692722 2652.9058189730413
-3287.3943384390363 1001.6146436520054
3957.459900032237 -3447.2536222381964
-3229.400565824785 2767.77298237031
-599.6709169686847 1560.8409897667213
2050.3756431576116 -3086.5925758422904
2460.998930978334 2023.2363955408705
-2914.0046401273553 -2818.8876340585284
-6311.531846017026 -1698.4865410935083
2075.837119192157 -1161.3963198568733
2276.069053241188 -2853.550978987248
4597.528025108294 -1726.108983453993
-4997.698120114616 2518.5114915662134
4991.894914196302 455.91712979082655
1899.4496692175917 -4946.672676401504
-729.5229254736445 -1411.978937436226
-4639.1146778255425 2627.0392800380123
564.9508996104936 1372.5259364168728
-3139.6048533154085 3266.365230917161
485.68810132253475 953.8637693444261
1119.6719811991834 -2474.733179028789
3709.546021413976 566.1258275925168
-5337.27528101346 1320.5324133845518
1762.5822222799727 -1556.7037455779198
-3109.8635352607266 -2311.01934512853
-1308.9020394320735 2645.509094226519
567.4463107158043 -70.0302646348163
-5983.708085151706 -806.6427050706684
910.2163580206225 3220.148879983776
3433.480831447436 880.2217419233526
3141.7366686909113 -1014.4332162300257
418.39213580558516 -3890.096948311803
413.4232522169695 -203.97058470618882
-4586.602206166256 1789.8618773904386
-1088.002606658196 -587.0765904554574
-1300.9868871722615 3387.6279523111475
-1527.356851256745 1851.0513546474208
4506.436416860113 1992.2057049592986
4566.746885714058 -2034.7630462911693
-398.12654413842034 -1915.7664006410787
-2696.1506803950588 1740.5992828699495
-1150.1095469043487 -276.51327110816237
1598.2421926761192 -1627.5805329958637
3135.861211102603 -145.9047751210586
-384.649668878311 -3429.2706233566237
-2447.363324807609 -2083.615031173536
3198.6463831585957 1124.3371106438688
-1828.7106125297373 -2001.635232342199
-495.6911912565271 3808.967713870342
1406.7205318530332 -4073.6506045805404
-2618.2763527101083 -3228.408878064185
-3454.473235171522 3561.5517859260203
-193.19110514357925 -141.31727114841226
-70.25368357360212 1819.097968372365
2800.916893035885 -5742.110774160345
1016.7299658116896 -4801.010020772183
3242.966723052976 -806.9601615595875
1100.775989036684 -3925.43088120253
-3031.170550190324 -3001.732958287433
-47.164842708642844 4337.598490492224
-2504.3401311425478 -3515.0508195346542
-2001.9589461978073 4055.4730944958324
3036.1002354919947 -306.8426009316504
-2338.4463671797175 -1457.899797496705
2755.917827275674 1858.627668023761
-3134.920315141181 -2962.822077061209
-3366.917470550075 3700.2294741207256
-4341.4522449377855 3055.6032731042887
-718.160633556178 -1088.6745258107217
4189.124232785312 -1882.1074458208589
-385.1923200446507 -512.4385644981055
-4566.645502370844 2291.6955823312205
-6131.493138851597 -1583.3619400955163
-2971.653517555184 1108.7079334102966
-3046.0007247737867 -147.07625667350092
-564.7214609146813 1848.9157841706008
2514.931900826731 1370.6885035316038
3761.54345427861 755.7772598409729
-1872.1251681830308 1755.1121961012
-297.06455983654143 -621.2303934244811
1088.5371966012085 -4472.30328082761
1102.142493127643 -4891.659751591358
-1411.9515787696744 -393.60621143823437
-2937.429692103448 3831.489725755395
-2412.6474552895843 -1041.8258645852516
970.6185073999562 2885.274624362263
-4444.22254975546 2097.1240211993068
-1544.0615504211291 -1958.8461492121312
3404.0318326452866 2362.3339177237144
-1959.659316261964 1159.645999026559
-591.5746006393717 2130.1710423354853
1582.7085216027178 1188.9721580635764
366.73984474982586 511.10212536915753
-3219.40447469243 -1349.088887251133
3055.7433279993825 1095.0017972578416
4868.73445440341 883.6510720922546
4446.549476554778 679.8262344827067
2396.1777404113845 -353.98674752574857
-5957.451771159769 505.8238044519658
-3460.4170377695696 2493.0784445779336
-1476.890667416892 4116.848226952787
629.187492463453 -2178.8268561436976
5059.0146571309215 97.94926743553782
4356.715087242346 1197.8313390564215
-826.8897323144834 -2922.7005160966155
-919.1653533922193 -372.5189886098367
-1057.6817474027098 432.44038264651715
-6126.911223906448 -284.37525145593116
442.34969534752776 2022.414305556856
748.899544016663 -4641.757653626358
-466.60244627775893 2254.2434553740077
4477.862076775252 -2089.605204975403
5068.723965959955 -769.9056887469862
-3066.0169117144237 3175.6159587094353
-718.0663056198186 -1638.8455181434679
2697.558125975922 1645.7869762568332
2497.2605166371727 -3200.0088967007378
-2491.419646407042 -2684.970367607513
-1330.542493804643 1833.3412403186992
1516.2877855534095 1528.712293632263
-2945.981294268478 -763.0561169912212
4144.545277600351 -1111.1064588764455
-3724.705965353587 2591.4012090987867
4267.00212942215 -1374.5040047053544
4756.741818058561 985.3996544227489
-2964.455539576453 -1076.203866564886
4117.561195012682 1625.026144533613
-2122.026771337681 1068.877874174989
287.5020676841445 4421.671028823551
-1442.2907744647064 443.61980386830083
-2939.873852647382 643.0849560956455
-3010.174219474097 -1542.5580881332455
-140.34568327784623 2268.2383987197873
2940.3255514054413 -5915.162182066244
3705.2636469016766 333.9871727021168
-2870.8248774697627 2944.2954895493367
-5460.961683934289 -1807.1765923915868
212.16327418144746 1259.624135530598
-1381.7741108598734 -3493.241969853683
1090.68817915702 535.9338786372307
73.86680380745487 -2003.9371282377597
-1210.345745560795 3785.891491238297
1205.5432657431618 1812.8378266181123
3641.781911089893 -2733.489297390075
1647.9377214061813 2592.042533722871
2424.479806633362 -550.7514506156166
3596.391531964692 -2320.6005707578192
5499.118069403457 773.4854156754112
2918.2656001147693 -1316.1324932836803
-1820.5632643910549 -979.3640165962327
-1128.8761755350388 -3013.5847933581836
-5925.873744355534 -39.96030197870543
-1048.9633806995646 4661.375336201861
-1531.432303460794 4434.241902233003
2743.0999214238113 -3650.9975703621267
1893.063418117001 -1703.9147292674345
1481.2198293300548 1614.9026860320803
116.05649636738556 1765.9139893264849
-5457.177737239421 691.3836741449747
-758.0263234049113 404.3556807686161
-5315.620801890097 -1201.9942701311984
-6281.035262157899 -207.19023763828642
2932.228569812551 633.777536898073
-785.8742965237728 1362.443841436932
-6524.093555089583 -908.3166934139422
-833.3949432314439 4142.265344770418
3200.2047211261897 -1311.337593962097
-4059.255243814928 2107.047699599148
1761.1754145003622 -2130.0197329540633
1227.225110920196 689.1693916052484
1954.18226769732 -4955.94410861907
-109.19029927887813 4582.36003241224
-340.67784096051093 2103.8050971734633
-728.9535499052905 4184.604404155299
-985.8841159325034 -1119.9746595057504
2760.5683891513645 1123.6229821432753
1537.6920496458156 3376.154989895942
3382.783207553195 797.2012385304098
3566.437397688876 2213.6186141816233
-1414.6876356473524 -2367.8260548918606
-3252.0040910365824 -2958.8163126688873
-2693.3093989205345 2140.6225162062947
4842.457844557939 1426.383151923086
-817.0941733527959 3578.945085872375
-1345.523002425332 3782.666703936352
-1407.343358707631 4378.536888577265
1356.1720623523324 -1915.929765283044
-5886.638606982123 294.8424367826627
-4321.506324731708 2996.5746703252435
-2368.5194045051353 1484.5971468169691
-2339.0172972365417 1691.1440821080848
-347.69656371540276 250.47355380440024
-3231.455701871086 1403.1260559418358
-3968.3054224594393 -677.3862658489702
5763.178783227492 588.7435648829525
-3837.6975746016533 -1644.4135526869266
1389.3112871567314 2743.8975389077873
4577.136116326421 1250.5807882059155
1136.0119145270064 -4992.257840432461
355.9239864719404 968.9679396307698
4456.9309594476035 -2431.2090054157748
4467.630346857293 -861.5786639456455
4602.867380579641 -398.97510052669355
690.3483325676158 2869.7899989643806
1100.7897105273598 1020.6511031250484
509.7237830533442 435.50327407023724
-2157.917573997852 -3247.335631966411
1135.0935229664458 3162.0370865621885
-3126.3368130166727 -241.24942610109298
-2870.09348090825 -2313.423420663487
-5861.15046297845 14.64624022063479
-1798.1706499748138 2156.520128352733
-159.98187842977384 -981.1589505266647
-1803.1883545505643 1141.1972867888246
2832.8612128942573 -5222.796215854167
-3528.948543159435 -969.1383058302454
4853.872978061328 -933.0158860797449
5064.299462895355 1405.2744444369173
-6238.056168830473 -775.8379252130949
-1521.7139717958291 -1783.0474323835538
-1051.0436949512127 3968.0496725674807
-725.2968661671233 1920.5412487297353
1273.0551419880865 -4595.768818148097
-3396.9921933950386 -921.4513741156046
-2842.1024994690724 3833.0668367264234
-5286.016469577711 1297.675072755086
559.4066493490337 -2202.656557906452
-3841.4618946716264 2735.85202555786
1890.4146339274555 -1388.4432142855057
-5366.10860177754 950.8521671194303
-6574.33241664717 -1643.61661994613
-378.39622902331524 125.67762997678174
-2090.3824217945116 -2722.8108313744756
1482.7473435660577 1708.2341875236086
-4828.72938777843 2293.386589535464
-5821.3162605484085 160.79190612201378
-2814.4287524708807 -2018.2297331138827
-5379.35158416001 1462.7012314600854
-670.9193575866733 -1866.693783883529
4883.269819550775 -711.6235976873035
4259.291037922033 -713.7751873639263
4681.973592926053 645.3851123494233
-3590.399384881475 -1087.1940213772716
2458.984306827773 -5469.220724934938
-3065.5923253681617 -1093.9649646936439
2800.748720238562 -3421.3980648579623
-2218.335182557768 765.6445650044786
-1150.2560236022534 4505.424543008184
3165.6516476322854 993.0752552447276
-1766.4871012014155 -2199.7038968048128
-901.7686391803518 -3933.964068356463
4840.793589187156 -94.39161905277811
1456.9482579257844 -2208.0768569087913
1294.380990082391 -2016.1556568901615
