12.5 1.5993819160478202 0.29556796500926236
37.5 0.9576321476891058 0.15086625753186364
62.5 0.4188591501162163 0.10202026503202566
87.5 -0.08688137853962896 0.06920996381339264
112.5 0.004521330507252064 0.06357991336466506
137.5 -0.032222145838546656 0.05693889505112854
162.5 0.11148179938663236 0.05559842965382018
187.5 -0.04613694492700546 0.04851774279045743
212.5 0.0431562210172306 0.047564856491095146
237.5 0.005895973461387871 0.04405501250854202
262.5 -0.008385560767425915 0.04142199312576787
287.5 -0.002214250217242114 0.03986225273302233
312.5 0.01658228289705513 0.03855817663952092
337.5 -0.009016582920587046 0.036741889011984885
362.5 -0.026655354331356074 0.035007458726113966
387.5 0.01700426228857299 0.034814927893018155
412.5 0.0013963745766005509 0.033229757055257096
437.5 -0.042968193013702874 0.031537983152929334
462.5 -0.015045243454470225 0.03119988501232588
487.5 -0.008652793414279547 0.03041444564685158
