2420.3818994490016 199.400142340188
1995.17511879902 133.42430435173233
2256.08713691359 519.2937979730345
1893.7790391224257 -34.589185776414936
1828.9865849288703 149.51026281185835
1956.717659092894 219.8189566691719
1974.5031381846572 25.645393746460748
1742.9949318108268 -587.9307665205167
1397.3075592327598 -2725.154449827954
1765.6256868488579 -2040.2334365314125
1647.3436951164817 -847.4736563723849
1499.119958766455 -2396.1040588385786
1554.560453222261 -2149.29254179018
1871.3337839903504 -1141.9354841919805
1662.314203127834 -927.7981984140905
1564.258151749443 -1720.1469936178325
1697.3583684709986 -1509.3770255613913
1532.3982908196008 -1318.441269408243
1159.633429921623 800.9691259648038
2059.085551661399 1673.4314148625738
5490.0840846456285 -4416.911701411291
1139.682929862941 -2383.2401146907023
1020.6891773106181 -2125.402749199947
2654.410144189955 3908.0515348515773
2659.1158101276933 -3395.117625145647
2505.347825315094 -3641.695347190954
1062.7616924441807 -1464.5946594322754
1084.9859099167245 -1589.5384746685831
509.86610795676563 -4050.0456857596246
614.7196612500167 -3568.4713431984696
538.4638025195834 -3526.522783268634
405.9470516412877 -3812.334526333607
452.27109508969085 891.5950606160734
712.5417500732982 942.7181102608729
426.6593178329477 667.8729026317782
383.6542645180328 556.1000248267981
736.1664091980919 -2122.406819644422
473.2047582704761 -1545.7492798184435
374.0722142527206 -1148.7571241787402
483.6869696878534 -1363.5258352202204
543.4005609454515 -1809.833494069552
1122.5345567284596 -4026.2173215011485
1037.785428157994 -4087.4522648325237
2396.1416864377293 -5118.353835915193
2059.2030294747155 -5927.575241336165
2117.4648698682236 -5863.372016570594
2173.5669011661225 -5435.069106901761
2014.8634625248326 -5293.273450264249
-1.3469312539054454 -2241.4490175819365
3143.645639991734 -5881.296943771583
3077.0072328672873 -5659.687755583372
618.0128339097552 -2554.4395055892746
-1282.096274682923 -2519.6941381543515
231.22278641573945 -4384.122370609993
358.6927345436857 -4605.453145744867
753.3619557913912 -4546.7669665588155
611.2206338241202 -4638.820738739075
1139.4180640001232 -5775.976597283573
1258.1360894842605 -6027.172468800681
-634.2917431710882 -5513.861811294865
-623.9181244994325 -5659.9820970157025
-850.6532557845552 -5376.565945355142
-436.62350355335093 -4510.612884240719
-359.7349267338568 -4572.1772974507585
-742.5969922497421 -4967.069888297864
-1055.533262366185 -5326.782146288949
-1303.6954352029113 -5268.299547178939
-471.1214892046028 -4676.652406833728
-487.6381421891638 -4684.731491690934
-1265.5568118083963 -4020.927185009066
-2273.045240154898 -3516.406332892104
-2287.761013097179 -3278.505941758045
-546.1638113638408 -337.33562034432384
636.7678882985241 1345.7677542859287
-1276.1288818529658 2812.1133909209693
-402.8364700051906 -1247.304813516492
1526.6306591790403 3411.1659326073127
-1293.8597877975967 -443.03556119020766
-1738.1019365792113 -4256.033621028793
2767.767769903154 2532.106119309764
1453.0209569081464 3506.5490655587614
-2296.3078582230632 1542.37431528586
504.6110408768751 -579.7518801254714
167.2947488500851 1632.1050436688092
-1165.3864311776497 164.27136653496626
-2014.0215471205343 407.56640078757283
-1784.7639685701372 -3648.1678472392286
-3155.7897396718395 553.8699553322933
-32.49288757198909 1676.8225067264311
-1981.1978434168223 -3975.679594792245
-3193.2036668650585 843.9588711715984
2448.9827282442598 1951.6990601301525
-1595.3017413436173 1406.8390159424227
-61.67034843508216 1799.9231858888832
-1668.1159543032363 -4474.054936392829
-1684.8001809711245 -4627.257304692274
-2893.7210242046162 660.9802374025564
2641.710109855982 2354.1702914757248
-820.365109575622 186.51835439651288
-71.80631744999188 1086.2981821880564
2644.0571302333656 1915.5994940862502
2880.928212731779 2286.5106218745927
568.1015141941115 2557.7728041641117
-150.04467406316496 1429.43349334756
-235.71282700374283 1552.736981398105
-1861.1305743041048 22.480027523480135
-1996.336447740597 1273.3719638018458
320.5971963811017 2731.7814651102017
-1705.3226665759705 351.44723511397683
-1885.8605626087817 536.500647213554
-3051.010799463513 1028.2782498214235
-2875.3698892751536 -304.3641387627837
564.05584078765 1527.0015748486467
312.19642802216305 1645.7861143987377
-2253.803369246548 1800.7890565952569
-962.5566605200185 -1754.237146727382
-1116.926446297618 -538.2945469017478
-1128.1409223106416 -449.11687047991904
-2633.392788408904 -22.623779087098992
-1233.1913224086727 662.4936463621051
-2868.726462289336 902.1564669006136
-1713.7896249992227 1523.8305615901909
-2710.568797568314 457.2267492623669
1506.627203045185 3355.7203483718267
-2527.8679482995726 -11.551455757698365
-1467.529003009922 734.342867500447
-2193.4015581279195 1151.4269906113784
80.7273055138534 2380.053459079537
-2390.060650073854 466.0621285309448
-1727.319138307484 1524.161534600971
-2251.1679946732293 1039.41023393834
-1740.8332842508073 -917.0298875417017
-2410.7313798896344 709.4528937934488
-2207.2445975262017 -188.09089602582912
-1315.9574088646586 -1726.7672606909885
-2667.3218354486708 5.248618304171078
-2620.3978686674304 344.3905252923162
-2306.2487027491948 -524.6161295806846
-2361.2982187477774 9.060316171766516
2293.098873204419 2305.547374468257
1319.1149289714706 2381.2520974046156
-291.5816574582427 -1251.0183937864579
1932.5172191910813 3001.780529726486
2191.7534413697913 2680.233859891619
900.7140537738666 3331.8853433487384
-417.86337531822846 2985.2093602497885
717.1900189256725 3725.7968496646067
562.044508958605 3783.833290599998
-304.6210060045795 1020.1807335075721
-2008.5378659994217 -2351.945436883984
-173.6103828348118 3227.125278786332
411.7266219448175 3424.610469258927
142.18909456779465 3391.1167019482164
-447.53347160747546 -81.99897624729573
-1413.863903684798 -1773.4306921854422
-1501.332242531749 -1210.7234214602536
-1800.9079978856123 -888.2595518178365
456.16443093729237 2271.14362173401
311.8794159447385 2067.5583726963027
-6.467088837727682 339.54104911853244
640.7375750706675 2717.171298136439
441.6161397521039 2657.2788785484236
1569.202820842451 3148.5720300811067
990.8881886995883 3891.5658578191583
-1043.5458963284657 109.61534959041981
-1264.9866360618464 54.07387236937015
-1476.0129931138588 -2012.3597800728153
-2094.4191650436605 -2637.826847029879
-689.7365723044599 -1154.87713038541
-1973.9143376905386 -1329.6232885157017
1224.4425988268429 3113.3690131270796
929.6958641026407 3070.5385560026134
1047.7383474303585 3579.81828509693
845.8847845972066 3708.68915112912
-67.69402248965106 675.0568313958909
-153.59046507226003 337.97722945954035
-1004.0442627873957 2321.8391223664057
-1243.4154330429094 -2017.0775990558386
-1691.8311598774199 -2322.214173392964
-2237.872179890797 -572.6037627564975
-1376.9132137697086 735.8255776035539
-1184.4805964967488 -2099.8285743343063
-1024.7692164041907 -1972.601384717243
-1741.0018417758479 -2719.316675885706
-1118.5047278017012 -1721.3801687436123
-1755.3699833582846 -1882.582436338982
-2008.3890583763803 -1678.2990417667897
-1938.4628980303464 -1087.1573159426553
-1963.8617729111822 -817.6028876033553
327.4878427908454 -706.683222983831
-1714.2034076191292 -2778.9293055743005
-743.1397379337852 -1462.4051189869783
-1598.811935692757 -2928.2305543611237
-1751.3506256680937 -3025.396264954551
-542.4278555421175 -1051.0901755079447
-638.3288502016486 -1094.9302886891303
-696.9151991742863 2686.242449409596
-749.4693361710903 3071.368183924233
-1605.5139019162675 1207.6188133969945
-391.1048771379323 -566.022422935027
-459.05445599227346 3087.3237931722747
-19.761080209143476 -145.3652691749853
-1284.4481968282898 1048.1948286444767
-506.5932892466823 319.7977289199526
-885.0304958500432 589.51859940725
-352.0456380234878 -1232.360666798046
-328.13614489577265 -1269.8313537209822
-314.5115831757645 44.03783637769615
-144.60083357036626 2626.061169581047
-285.6374538886212 2425.209336800293
-270.62663785795405 2618.189035951772
-373.030001154962 2046.544246546511
-910.8432632030135 1193.6330953928152
1.1986440013431816 -1104.7875887348982
-631.9672283983315 1089.7333946384842
-184.17077033994312 -766.308330071358
-212.02100153241258 -315.7875883050364
-459.4167487702285 1317.3065793789046
-464.96463227370936 1500.7277283750495
-490.3913024164022 1456.7397120661271
-768.5324004512635 1118.1150273407213
-2237.9607339085246 1299.027251372484
-2489.150829350771 -3686.724481332966
-2494.5455358480585 -3861.0989444562683
-2629.6370442858147 -3865.747640600248
-2824.118951388612 -2353.628915010735
-3643.8810602453386 -446.7817107808448
-1889.783904975345 303.58533736650134
-2975.029812138507 -3684.3921374625857
-3108.9701165873807 -3540.6208924388366
-3444.5631994759037 -3510.41605169438
-3566.406954601965 1398.5178766697795
-3638.8512113180227 1593.1926353224862
-5095.421570092247 -2849.9930535724197
-6107.452082194976 -2540.1481892154907
-4604.389551598919 -3590.0293525613756
-6018.715969746226 -2586.324939354246
-5753.47572224375 -2412.7157030102935
-4831.100052547154 -3226.18771732734
-4383.658482742955 -3333.198853495275
-5243.3936232340875 -2707.35822211322
-5677.219064855301 -2578.141722588468
-4877.513152834759 -2662.4472652112104
-5469.25582045602 -2833.0896447478653
-4152.781923073048 -2539.504911610187
-5205.803559029521 -3335.977177622062
-5299.673913518679 -3230.19471248526
-4181.863120069266 -2626.5968363497304
-4540.667221409315 -2640.2580650068326
