-3495.062025300992 -59.16961543891092
1819.626960954282 7099.888352202995
-6249.408489336265 -6172.071536519474
-20.19337271003387 5495.431540772038
-4482.573886893534 -3228.902952343832
-6364.780069068865 -6470.360035098772
-3588.2051166863253 -2228.860754472504
3526.3598039532185 7024.80914074424
-7538.898965112292 -6078.823019900702
-2349.965249917165 -4376.992695137062
-4967.793704028656 -9406.629830954114
-5635.543502047447 -7375.5914382489445
3520.855389558733 4662.789475909496
5933.179407425044 3311.460324234363
4345.169154560301 5763.669653645778
4545.403362696464 -5231.4276364553825
-2921.395825977642 -5070.323869421019
-4208.683592633526 -577.6374566600052
-3645.5521670345843 -565.7435196186603
-1574.0207454447238 -7143.600968242969
5412.725621782596 4851.311122422021
5872.582870680113 3589.661089135163
-1237.1205723651444 -5606.000132239501
2112.3065005587478 3375.5455430297457
2000.6030851771525 -6409.631533822555
1027.374744696533 5943.278329172436
-5785.153126139529 2550.781426165923
5252.608731722591 4231.578045527083
208.41310618023454 6848.987349040377
4708.1955988333175 -2986.5081089378286
4997.561722384801 724.6671796656924
-1249.1732419282646 -4069.1106856530373
6467.617029197431 4384.0555190863615
-924.3525804520059 -6994.724052446784
-6824.520670978316 -7298.648218092008
2399.8514095300925 5728.16493990739
-512.9100522639989 -6342.321625636147
2427.591158058506 -3448.0369213591534
5372.121788809636 5899.201153494213
-1303.296820956273 2758.374277575322
1582.8928862213602 -5718.060474387358
3118.29893330585 1521.0513800609635
-1464.8477927157023 -238.4791055715067
-668.7151476155015 5750.745889629987
5111.430243449163 -3805.685984834838
-7464.144081282011 -3189.9834289143328
4517.590752617119 6089.7604197552355
-2450.1965242990163 22.950465065914695
1184.5402261676802 -1479.7917850017832
-1910.2644776054792 -4953.718045447447
-4084.5044872118015 -1548.0540501397552
-3957.293986535866 -2910.228480020065
-2957.955217412196 6005.486663963253
5322.013911350817 -3788.5162118461776
-6874.162289889839 -6884.215375992585
-4427.335313098116 -4067.0034928744094
-3689.7468420389764 -968.3877191309725
-513.9095185662305 751.1264566318221
-3590.028745189723 2605.3903806084095
-7511.055857770659 -5722.041929637732
3087.4767165346057 -3925.2930461718956
5143.43499201971 1122.4622105810427
4629.494994765773 6356.781403997628
1446.607267630551 1075.9991004169972
7112.339062987987 2401.607151106221
983.9422853859878 -3544.7842153850775
353.2467500942719 3092.804531651338
7648.95000618596 2170.1852557545167
-1601.603582808824 -4166.259122974914
5962.136194758107 2015.0604285193888
3478.032697306002 3836.112052107837
5015.224464696025 1840.6852803537508
-3120.968384612364 1836.5169453472536
5702.680719365839 3411.2716958875476
5914.557030471568 1270.0197687405425
-1839.7015900023416 -6515.126285107837
7272.39686599948 1622.6114633399925
-4886.406055917556 -8963.962114797101
6133.551988076049 3152.976443248406
4248.639483775564 -757.5028523922763
5805.089379506204 -42.54766985665032
-1186.819645278147 -3004.5110747732674
2287.242165875251 -35.616873284146195
-2782.133017007268 -7884.066438168197
-5479.344570087479 -4106.666350382208
1190.1678235019256 2438.7406171799207
4415.092525403254 7336.488810518458
4340.023566647206 -925.8067527870071
-483.8598363587907 -5880.837657614173
2032.160329407979 551.0616263702282
-2998.037678258092 3225.396974923949
-1418.7119833424726 -4687.972731606064
5670.269701624156 -1540.5729898375578
-3955.3145928108233 -1380.3278314307938
-6911.924130837572 -6078.885408030896
4973.931977787728 4955.308781320635
-6004.889515951774 -7628.554476074332
-151.81291777642753 -3238.4840756902263
-3495.139555513746 584.9373688176963
2848.8873739434803 -6334.261283380893
-3076.6163290942127 2820.1677739792285
-6984.540257163489 -1813.4133144725902
-1795.142123583359 -6856.630904195542
-4452.159198031864 -9931.774936669493
-1109.6172203365268 84.82655836909913
2015.908271508052 -1013.7977795120764
-2193.2593930469716 -1212.7456496117234
-1200.7970284881958 -2398.9129724892728
3719.5232340234943 -4114.5461502858
6405.523180109673 -876.9558665216641
-2581.9456331213783 -8445.229372245514
3216.8282791587944 333.77935320020293
2897.899204803145 -4979.9691981476835
5772.648626046317 1448.1704777092439
6026.938407271751 2194.1950196667644
-1910.2862732165736 -310.2653773088935
1835.7245753857378 8724.556445087785
579.7307197736236 6511.576771830734
-1105.3736319369318 4078.6988647587104
-1967.6605598235883 -842.6198844232869
6627.174693777647 -292.26182151119514
4788.134249750545 -5017.62577964277
2383.3585290010437 -2856.0089480413444
-754.158108214465 473.96044483631414
-464.05089573962806 3020.864651968751
1159.6906724762976 -5273.798432411003
3165.0369279667993 -2344.665005706601
-408.10864976846085 5423.701981772904
136.57723335438678 3470.9472058978167
5070.527349963524 6547.183886346944
2261.3380931369084 -5713.905681821441
-5981.610076452762 -3850.596134432168
5456.99514276087 2315.031974302282
5621.240456301706 4246.866787093694
-5473.903404046171 -8299.177096634847
4268.98879675513 -4542.952232918213
4957.291442544687 3830.970685674948
-1101.5686553378557 1423.9299227243755
2280.4591966838993 573.4166805897542
4026.3536091263218 1174.905064202775
1294.7072214077466 -1883.9589433667195
2374.738279294013 -5623.597630818381
-2667.1459718609867 -722.2419821876233
-6884.452701649744 -1058.5885337942198
-6593.328861405296 -9092.504523631686
2210.8135212104685 -3222.46352337442
377.03431741316956 -6333.62309736359
4521.620548443596 6632.576263018727
4466.3931373145515 4141.136578809625
-2866.1400941724964 -893.4735121888328
-5913.588231031784 -8594.986632739627
4597.373332955714 -3758.7226752194492
7244.105932369136 1954.825402939834
-6127.702069095918 -2869.3325980075965
442.56735638574867 -3877.099289222799
2989.680005903404 -179.09893738053884
-600.6902224765533 2268.322913966882
586.4542367455571 2971.7128520912593
-2834.2795687456746 3394.7616092630833
-6849.935258779331 -6599.34693796753
-2517.0956719437563 -8178.444636095774
-1571.3860061614753 -2891.398818460441
6075.261984001524 1105.049773956582
-5770.280309212418 -497.9170599804189
3600.7830659060637 8904.375011698132
-6232.980079670809 -4460.253107206467
-2210.9139868286284 -2343.0262938790884
-2538.408981363588 -4796.155365026259
-3125.3584484333346 54.4882556234349
57.42834988289082 -5129.0552078040155
-4209.103366237811 -4505.628113830168
-5671.076371581509 1043.9198854098922
3588.086038641749 -1696.376276269616
-4855.629116763508 2370.8533340671147
-5239.369020931155 360.5156623990217
1434.5054597050334 9133.565090785656
734.3075572545796 -3808.4266801891836
4973.767845093909 5753.310211226393
-5577.851380108078 237.82710420218007
6448.509685838837 2446.202202291634
3761.2724741923453 -1501.2329907455485
-2529.2146560072147 -586.3707130426425
-5787.9448943123 -11267.613563529565
-1586.0450603123102 -6202.631874728373
-5073.3728217268435 502.20582946431523
-3584.488790551192 -2594.0834427261466
-1800.8107565589808 -3316.53114547453
1216.514427055727 3253.688052960833
-6958.661551353665 -2723.0370711202804
-5988.562419455348 -277.5696868357514
6856.796321393284 2348.176641100747
-3302.28014050255 1693.931430403966
811.8036715600887 -5661.241367277536
1565.7837533248298 6088.428032118821
-4365.693153708592 -4936.316067415749
2326.7225768042877 -5431.8214456375545
-191.79003379428357 4372.000576521469
-6230.88771378224 -5531.972605416348
-4497.626224100552 2721.242460599732
-793.2926455781596 2878.190682852824
4320.458507827685 -2545.1874115063765
-4535.693908933183 -5540.514863652418
-1325.4264083440567 -3192.911341388306
1454.5496422558147 -2162.0425091439297
2015.1694310670703 4946.163904712922
-976.8360599313481 -4146.4545972100495
1145.308602630522 -2381.5606631336996
3111.5432462010685 1310.1174525694007
-5090.534412806256 -10606.235045385793
1502.2971568924575 1532.4869163741323
6899.864985518752 1990.2639377978874
3513.6600911778432 -445.10384658122183
6329.245359420096 293.86916764026506
-3087.924565754863 -7425.396402663166
-3209.164955462631 -6868.238173131243
2954.1571753828516 -945.8389309563539
1857.1735638963596 4386.6513470037935
-4449.707556926677 -3795.8648710256643
-6230.537101516626 101.67753008482177
5245.092223479885 3540.5412868576386
3643.342344573602 -2465.819276231246
-1710.6860648290917 2477.3366674795934
-5469.990838778803 -457.76279470488066
4053.173565590141 2126.5828759272313
-330.3664561159319 -3138.2288704101284
232.81590647957947 -2720.8881238908443
1276.0894309268103 5565.1460711054715
7236.204600298604 691.7617613999134
783.505255372137 -2182.3358120177927
-2827.6884771687764 2981.6158997891503
-6157.385724080661 -4749.678218738977
2575.207586645111 8860.900743203407
-4622.112669701764 1650.1042384945515
6496.416437263713 983.9437534181825
2049.770005247493 8712.845955130215
6473.886853654403 3858.2079550460594
-5346.010227458455 -8407.883306805488
1117.3292048532346 2788.9725985353284
-3238.0965961026523 -7317.656671899308
-5336.997299604638 -7429.786916617155
-1851.239912256043 76.89283719736488
-2553.494558091902 2554.267712381276
3363.179546252798 -1990.2023856895673
-3369.8923482029363 -3103.8784844713064
2018.4054216629727 1857.0735693802628
-6920.274193994294 -7779.643444779972
6352.2579113978245 3992.445089484704
1893.5797148004306 -1804.6982323595741
5262.017043523985 193.54480637576472
6007.993834849293 -830.7733439108963
3578.935184944775 -640.7911027943385
6594.447606260696 3055.964911793344
5119.428721219619 2007.0636946484426
565.9367849887296 6288.154429908473
5516.321918802254 3487.4214582528093
-340.4013068473886 1805.600646581658
-2001.5876665460241 -3966.4197781501016
-4185.1820355308955 -1741.2999591252992
639.6078311322082 5984.460430328691
5021.654404655385 -3022.1030265110303
-5447.408464521177 1190.3626067838466
2756.9719925541785 8998.743108988918
784.6079591536121 -3349.9253899652854
2050.979039442101 3844.4309723687584
-5721.901185458585 -7182.719142436811
4281.888246430008 -2055.1864658387785
5346.225071511262 4425.7641551341685
-467.31394066905835 1656.096891306572
1780.7146969668077 -3106.5123778345164
226.794791000567 -3408.097212070973
750.9923038335335 3243.8613613642146
5464.963883159028 1458.322084612951
-104.50907512817892 -4652.121129936886
3011.6577394047363 2779.019265851215
-1918.8598571813595 -2155.9196287794534
-445.25338034103885 -4387.002299602715
-7004.126108351102 -6834.262128935417
3856.8982048197095 7637.673426397463
-4347.975018240746 -3726.524159167021
-1568.0381925023516 1373.6628197864366
1006.516615856746 5609.017695136384
1171.1271848435836 -5559.90139233227
-2116.908062148368 3583.9578075050968
-6856.85461131514 -8759.812337096588
969.6922272461646 -5734.729027616889
-6501.2669979377715 -3736.849918004158
1529.4527147236697 1777.7980884354822
2261.0566374812715 -3717.0541704641023
3515.3191759267593 -2276.04893322131
3518.8908905634657 8131.669393790839
5492.278355515375 605.5776115449224
1645.60602841105 -1327.3331614776316
-3157.212953431142 4540.773453134555
926.0926317385822 112.78281610879576
-2773.2829201030877 1843.505676014362
4115.892817078069 -2186.9748794803213
-7424.073829910233 -1833.1717475983262
-747.92198303849 -2638.0149490712142
4950.927709617447 104.02270364298195
-2078.5900380343583 1560.2962598249117
-1574.9087829248494 -2395.954528992285
6229.467145648173 2252.6283234539333
585.2273459835257 -4547.210589064221
-3686.5855478722756 -6529.63215734868
1116.3314562084327 3807.799383058057
6225.40404991828 -224.36644331118475
2304.960546774757 -5937.45391247787
1333.3550120534908 -5876.777170117718
2562.178720877159 1417.123004071422
-4516.473677763843 2508.8376185387133
-1847.79134511895 -5884.820411937301
-695.7992625779806 4823.776825484118
-5173.161281810053 -9008.332481066722
2742.9325305696593 8773.741483551537
-4851.928251003036 -9200.01422375
-1411.3369614498451 1421.2563530956327
-3350.7873165565306 -2616.295232935712
-4270.712909466313 -9281.92474926816
-2327.9058451517835 4242.092095085502
-3258.8937022219516 -157.8259430927107
-1896.38338391562 -8021.395768025908
5256.057914523496 3327.781546914021
4558.640808710424 -1071.5746621147264
-6992.962319715683 -3574.074792422037
768.0346439662692 -3206.1490138845616
-1399.198974192644 -6005.014348468126
5297.92552269073 -596.9292703212119
-1171.3864243423052 -7663.990131121257
4564.733073961292 -640.7724771194747
-1539.492614705385 361.6241137028962
1199.925483351106 -4212.783578656523
-4604.356477879118 508.1198763851096
-3037.1447256120478 -5199.042422125681
-2268.9641175793554 -1592.228520652691
-2944.306096070465 -1222.515893805918
-4215.9675684746835 -5062.223086294945
1294.6772812322363 4795.09845605173
1191.5396345462088 -3244.648331704745
-84.30232423559801 -6339.881635237433
-4149.896838889687 -6807.7255841065835
2889.1163872813872 399.4884870549305
439.5713551279522 1898.79682826405
-557.3931628939673 -3341.2007032840816
-781.3517987487794 -5015.371949185495
5766.263405684835 -438.21464084587575
3505.153681571108 1594.5868680664826
-4162.51248285421 273.0679713450942
1464.0181043776952 8760.606359029229
2277.2039281373727 2551.8121722337632
5627.118899776126 1143.26787036009
2982.2650791568626 -2400.472997106876
-6895.868352328791 -3831.9709732733495
2147.7331597577036 -821.2095509353999
1534.1486724718998 3809.045485242401
5258.854712344272 -3376.326357937883
5217.788185976842 5508.862602180872
-2108.5056004558783 -112.26401684851503
-3926.146275359669 1555.4114467088887
-1257.0031207262136 3335.3210077527774
-1631.9861179292475 -4482.8347274692105
2098.319900443358 986.682201293751
-1155.1425558803646 -7205.707172977551
-4141.595737733725 -6213.760068119994
5205.036820311866 3900.5612833480122
-6667.853420208685 -819.8701239431169
-941.8307482797621 3565.0084147356743
-5474.7302607180645 -1777.8576651983017
-6345.979830950151 -6657.570652286423
1524.4970590372513 2066.658893426992
-4224.582918860529 -1189.074802411994
-6851.747330461384 -5836.073605670316
-895.3820608701164 -4728.612013292482
4802.640010961661 457.1267686480339
-5894.019617712927 -2318.512590630026
4548.6563735965965 -2130.611068138999
2282.1262829897355 3326.436343458188
-1937.1369210403145 -7743.253346798904
3280.588149947655 -1620.6095281400742
-4305.066849999657 -6128.799945966363
4669.245860227214 74.38756831693075
2217.2248944479334 9056.324396084063
-2259.129924245503 -2721.743108578424
-5694.010763192527 -8482.726163706284
2321.75664334497 7171.632001763839
3797.07661536341 2885.4497838170705
-430.86060553078187 -4041.2464009884425
2703.3179721959127 -6091.253565223076
1883.1926468106017 8927.261879401887
1725.0302056743953 1106.4978696964677
7150.811421184099 1731.1381620408183
-5475.159276653939 -1290.9493212807033
-2282.5217577988765 -7662.775676801768
2036.670706365508 -3440.2862155150015
6996.591674030998 2840.5802817074195
-3036.90302000696 -398.41342710774256
2104.923422148339 -2600.4490614570254
3350.8084376007682 -2611.1673435994785
-5934.976103648779 -11041.144626599016
5062.63484126322 -5244.9367529619585
-2368.6463502601973 -2625.7195855037908
654.7229687781441 -4130.022725139169
492.497567555162 -4435.684528101698
5260.219580665091 4573.877357249043
-368.3516553597731 -6169.0567545641015
5625.703311304408 -1036.2636551653382
582.1938729466619 3459.7983565618006
411.78133939756634 -4928.602132071018
4156.034220916824 -3653.549858506934
4246.397769894121 -3810.4102032098845
-3131.2454558693553 -1900.2741193522272
1320.1285070641102 -6147.222135116097
1970.1301061908298 -4050.464798015187
4186.5459148392 1.8226289297559848
-1806.697192057952 -1172.1629973772253
2728.5295711383046 -2892.3682015373247
3547.48717129959 4417.896252312428
7036.715323694767 -431.2638214917431
-1850.4145474945387 -2572.5767247660483
4179.859681632593 -5426.864008673727
2608.200782532928 -5201.617719000028
-6752.857173010929 -6451.520633898161
-3256.6663524641963 -499.1024703110926
-399.21437461384517 3939.773699789992
2156.4526686539702 -584.6075341409207
3210.894976280018 139.31932953532447
-4293.752788995742 1813.832552626089
-4071.0703761333107 -4872.0329272219205
1642.8619445341492 -2580.774733794918
774.5816593496972 4095.780828163215
1389.4604656255835 3731.6191916755806
-4895.267152321916 461.39318383594997
1574.4085534157723 3016.683350785612
2423.730484659359 3442.5318223505224
-2544.9813700451323 1007.7226559488116
-6456.014871669111 -5261.302838873784
-5322.769228842681 -1407.2181154735845
-191.22017423840063 -966.7605722405877
2894.5771119112505 -1820.4753211601621
1753.337445501802 9089.881069245048
-3311.5880675731723 4587.58865651828
4092.160008838498 -1061.1745336698461
-6337.594306438111 -3093.4225998281827
4458.084156639109 -517.3629049918151
1071.9897676923765 -4040.7908559506977
-2705.803762045012 1628.2782856941321
-7226.857514538786 -6777.4339479557275
-263.5562872356708 -2939.1564751719343
1133.0573955775515 422.23652142347424
-2936.97880356851 -6751.407711503401
4679.270959811138 -1620.914785968494
3898.569771898399 -2426.010052747937
-556.4053196248691 -2997.460832806384
-6837.45464371698 -857.038117197675
2385.7467790123674 -4726.494059764189
3514.7751630695484 -3519.2306791798505
5508.0840671409405 1244.9393142293284
-4041.3175222534637 -6358.154960373415
2073.0878283086195 -1371.6487607291606
-0.09660692141119294 3221.618178355544
-1532.8809327786942 -3494.73731818421
3973.3714521598004 -1948.265393783685
-2252.7080397928303 -5853.327728628181
-6554.3448083323965 -4088.335224837666
6384.6875889918165 1354.4040725052687
-5328.223501944329 1459.5362415081695
-885.507148661385 -2591.292256508553
720.175388632598 -4943.564429011493
-5890.320365669935 2256.737832037827
-4425.470316069397 719.4660844184928
251.13778203959998 -6168.2605241020265
-6617.697940881786 -6683.349275692162
1783.4768131852043 4821.6498198288
-2265.530802479182 -766.9405809227263
-7186.831957708331 -8341.915338414647
-425.7781999697703 3507.033105569913
-655.482137042253 4297.905223296794
-4633.974670206832 907.8265177409954
2772.135554318792 -4004.8633030068722
2345.872005012499 -4127.101165707425
4505.162253216363 -4205.961072049542
79.50784503775813 -4928.459229355435
-6207.194553915057 -467.4022857687336
6197.425168164237 -595.9672685238257
-3065.585883553185 -7110.986610280441
-6707.649314814998 -9145.12910941778
1658.0763360816338 2278.602317338486
3446.4418736848197 -2731.234617890177
-7042.739541486228 -8525.791991787954
-2170.79570079796 -7514.6884921090095
-7372.775628568044 -5286.397860878795
-210.16122975255394 -5388.834226300892
-3169.4700996331794 -7766.655692800136
-1921.3578479719183 4412.295962526763
-6139.358690646759 -8286.840492233638
2514.0247797057586 937.1762042365016
-746.2418876094284 -3252.653503227435
6543.170215590934 2691.6314188752904
4880.173416340771 -5358.129220716703
3524.218766369567 4119.002777483511
4023.2148481121776 1873.2473241882885
2338.9716481570317 -422.56550417025767
384.6820026483979 4070.447272904473
4744.9829269248885 -204.85766937716758
-671.1598661842285 -2464.161429433147
1560.6455012396339 7540.992743040641
2569.8754450704514 1786.4269897828824
3891.471001832401 2583.1629142252514
516.1236703890378 -559.7142844819133
-5105.291655456452 -616.5194606087081
-1055.9254515711373 -5179.72956834625
-2346.8559908980596 276.5293504244632
2404.9996728807196 -4312.421752738015
4292.290982027354 -3562.733217250792
677.9813910531849 -465.23737549153424
-6164.894342419906 -3538.357186947587
-3277.4453217551873 2491.876461539694
1785.50640402214 1543.483665491746
5371.573332934289 4600.262590631766
2659.317467012517 269.7846648019039
2996.303852562622 -6083.147342209621
-3702.2176013641006 1990.9441682643496
1658.7259029412323 -3329.415364530436
863.1177969836243 -2939.837511956048
1368.3792525247084 2872.6293154107584
5368.241929292929 2610.5171444057696
-5204.01128733007 -762.8973272821313
-2366.753395077603 2096.035520219237
-5688.832014624661 -4437.509580739393
-2180.7674803434898 -1994.2433394647185
-4528.714554157619 -5300.3036851558345
3947.0489169411917 7542.705776986343
-4931.301166861091 -189.88233435653626
435.5534702713002 -2804.208926238759
3343.0224615016623 1591.4080019129663
1368.7818175158336 2607.934271968337
3005.051411848463 -3388.3431716698383
-1480.8960351525402 -3176.4874507023005
4399.9701023666885 -1493.2074111815407
699.8360116578524 -2728.9667660223045
-2764.709886859062 4040.6701664367633
-5977.938894305211 485.52237217350574
5681.666237268695 3593.9867545620405
766.487450376926 -271.4132052725902
-1356.7764976431372 -5128.424159632984
1680.5413823194338 1889.392958269252
462.44156365951466 2660.2856425599143
-6799.072292025761 -8498.69140169238
-1631.5325121829967 3850.921349711931
-5838.072627693278 -3674.9613297934893
-6594.190193068575 -4307.611599253923
2845.244036744475 1045.5110978054956
-2594.422768326687 -7410.300679176306
-5175.555876783339 -9477.430960385389
-1231.2625631139013 4299.8131610576265
1216.0921072659598 -2786.804928115368
2400.9157432110137 2236.4876958337522
-1292.5243316983729 -7560.688130621248
-945.2607813160104 -6135.58818927782
3913.868988863373 -1329.6364687771675
3798.211723960973 -4320.176740697475
3374.388926422401 9343.247033915408
2592.2947259987404 8545.594149912646
421.16382295153716 -3196.8922520397823
-7227.52225510854 -7057.4915887069565
-2229.261554161136 1135.190462860457
7438.269408444904 1161.9365793953446
-2343.2611956044425 3156.2597396816795
-1328.423954530086 -7100.770063730278
843.6343357384542 6245.150881599319
1874.4551067057992 -3870.2569276584227
5663.437057026093 953.150607058307
876.5920318099072 3376.3615699974553
-2028.8146469646679 -1499.7159831364108
6570.040723655658 2570.4708254990082
-5767.830711535092 -10548.41371197158
-4092.3466074907715 1978.1802565546564
-3501.455451601068 2068.037008208555
6724.343332022931 1581.0035640403964
-1848.494764410955 -2365.0781371068006
6952.714640682977 3369.354742960122
-8.343524611041536 -5649.719401668159
-506.05584289773253 -5311.022599735318
-5388.636947762389 581.349905381121
2822.6736195682656 1232.1549438191505
3562.1469877407003 1033.7478784311159
4418.455653826103 -5433.93100172338
1250.5945946461516 -5736.672137822704
2288.6992951252305 -6219.995833718773
-7156.769844339953 -7592.7308718695695
3297.5861976285396 -4044.872147918465
3572.0745883375735 -825.4533384154141
-5738.088326810861 1827.1338142018708
3133.4708219702297 1698.8135600498056
2307.077321512426 -1396.1680245498667
-2517.223151559267 -7216.5210649272285
1364.1938105489423 -3898.6405809580324
2046.3587309147033 3647.6228204480376
-7178.126929921096 -1670.0587404315118
593.4279119401192 4559.759708302876
-4189.977933612273 -3640.7996684534714
-786.3600618784078 -5322.093525717547
3091.996410789771 -1851.5789167392809
1438.4323527265697 -1579.11623784122
-875.1651113616766 -3562.599451087686
-1341.6719832917581 3030.5184530489346
-4596.106318337029 -5038.724317593935
-6330.697669835954 -5053.202387375586
-6460.70266875855 -6220.671147183413
-3729.741326333206 -731.1216895410363
4187.420377924822 2548.1921158729783
6584.176114608465 3350.0190015263834
6639.3575567026855 3875.248335135451
5381.879861496615 704.017902798445
5479.922751871142 410.71972604459006
-2105.918023691495 -5298.326281828558
2536.337428086004 -5298.876999571728
1229.5275561248764 -1152.6784289654624
6797.30838037215 4118.256508958164
2619.0310860748264 1578.3975133453469
-6878.032024300567 -1437.6482483460347
-3176.628723273922 -6454.019658420045
2488.376046908151 2128.8855392272935
4380.292561380309 -5195.027461424023
-6084.476457961356 -6213.487857611162
-4100.745114559717 3073.2887734533692
-3480.380587949435 2973.0980657966234
-2378.7395232886456 1149.0305888641537
-1178.2683655246694 3484.5220369499784
3455.416670523687 -626.5771759537963
324.34761740733 5697.317417237734
-6887.833910469787 -7121.313549170881
-3159.25837771915 -3072.9176575305664
986.8831168461328 -2893.348883242327
-2593.5985319760193 -1558.4727254763134
-2993.8242645349947 881.8228782112876
-6895.154210856988 -4064.8399856313235
1032.4817707837533 -6358.403779198505
6685.4896569830025 4366.088544665672
671.9611756878528 -3557.2052435649266
2873.9666886737546 -5385.6247066732685
-61.183416556379264 -3742.034887026078
-6974.540972348776 -2105.609287370303
-6723.944640031017 -4925.259162014304
-752.724427302828 3437.2799784747717
1359.0015293985905 519.1805174401811
1882.08448264971 4122.785517140359
6965.969199621428 2482.9867048774686
2057.193828780205 9023.433409151636
-965.413465144008 -7506.985101406135
-3511.8422731848023 -2957.3129117677004
3316.791018445704 -2202.784393594388
-206.50286616361063 3404.617804409593
3145.624772165477 -1594.0289806573855
-4673.313282922125 1219.7802750658786
6808.11953232647 3159.3569928815245
-2642.0104659577837 -897.2170257918199
1994.7036280180723 2142.3438597451445
-6038.903514811627 -5997.040077221832
-741.805620866958 3731.3092190227508
-6521.165707805612 -3445.5455427264674
2051.611336948548 1250.4928731210402
-2216.440747312102 -5656.183513895202
6673.428577837565 2369.3215340975817
2646.5066416010072 -4754.280624746501
1061.2016301408803 3417.146042635522
-3129.9700051806344 1293.2872521281863
1364.2096123161498 -2533.559451109407
4241.149802114494 2714.1572500011134
-3933.489734181485 4662.196393131858
-1522.6273455267617 4046.328550350705
2459.596715225703 -4966.074314060163
-1651.270060206618 4343.017981201973
-7033.574301978095 -7025.688800078403
3265.10322838162 -132.38043876051776
-416.9285573759196 -6029.314936143536
-5935.101669339057 -10745.86902828444
2134.883779352467 -4021.9962816526236
4530.884003976484 -5456.924960954087
-1553.048214990946 -6954.283472768893
-6122.603154850804 -6652.969813011012
525.2195156878371 -3576.7731494177306
3216.6281497656673 -4503.114415607062
-599.6611563334202 3475.312602841967
-6610.38636531498 -5297.497774362578
1760.6691536745013 -1931.998383031484
5064.017913579834 412.0170021945519
3277.845382199715 -3214.8153411715602
-833.1454477981227 -4156.2159856528115
1417.0387899815275 -4384.78048453594
-636.3119985731776 -4319.021014688762
-7021.181345991939 -5083.224801967002
-2560.547056969471 3150.318999810107
5108.125597916801 -2176.1680757994695
-1885.8769250004511 1212.2171548621443
4807.656066133679 -1092.624022225275
-557.7608568770307 -3967.673166270823
-5778.596165374963 -7749.7833313601
-3002.0763627759693 -830.1918783681132
-5134.6592443581 2116.7050322325
-4119.520897384608 -2673.44736231962
-1580.6238300737127 3635.9867166802696
3834.538907211373 -2688.8091875085715
1481.3830597449546 5319.502198966179
6753.4334756730395 3702.4269115605575
-4822.406921107121 2679.8566871127896
-4699.178400465467 2031.6508328521588
3011.0234024718657 -3586.0504032755516
-7210.72788837619 -7354.523435676783
6466.667902248169 4758.4208678517625
-6691.494820199751 -1135.8345207851467
6190.163793119238 -16.066149661404395
-4226.232490830372 -2339.2660800565905
1232.788780523195 -2659.9603613081067
-2641.722326339459 3753.0347236398134
-6943.519766674662 -8396.202743321017
-6032.2352488858205 -2525.9316243203257
6876.266626401041 1373.6135175319905
6791.942351953077 2826.0126152112316
-3917.0862341812376 -6084.422737456477
-884.4598262319062 419.14916335381326
-6330.138410809665 715.8371128463453
-5344.081170706583 -8050.964268732317
-1111.974864086004 3150.724953011933
2492.8591248484017 -1209.5183414435514
-2893.77365507683 2232.365010327445
5078.095125265374 -493.9027599548142
-4072.2154792971282 4726.919797913851
-1754.3954820073534 2939.0785795453326
-4208.420818450279 -1881.7222306057865
1931.5890042412566 4738.638806791438
1128.1292908814248 -2026.8296544778107
2182.3668789007115 -5125.699042366462
3785.524037226761 8668.77562237029
-4278.560314762401 -2477.6228951851076
3600.6038208991163 -3356.1089632600983
-1710.1380104886093 120.56752068672658
4497.151618536227 -2818.153409894238
-5897.620021183391 369.90941687177724
2622.060034372905 3061.273845377524
-6483.757277560418 -431.83223000914614
-665.4384122607147 -3391.9017965210414
4240.8317796413885 1187.2300050494785
-5342.155972234216 18.276662738342218
5148.003208011635 4519.1856323208485
2844.6978202485707 -3856.1819042143725
5510.41348513987 2604.062790190689
2563.866002450394 -4473.571965378438
220.74625909451154 -5510.7593918653065
4910.568134465775 5488.364130595199
6823.475978226585 1611.5547346358292
3835.1956067175324 -1909.9137695094735
-6003.42542489372 606.6773959743016
-4298.382178402028 -4226.223790422918
5448.78558574328 3989.8209081629207
-6479.817590979138 -3962.9608597474
2808.122574442653 -3396.8776472908753
-6128.71331619139 -6365.409606521041
6506.122097356621 1180.9810848387172
2330.957029752404 9286.396755103266
5053.880036583682 -1698.1059854303637
-5.71886006220284 -3295.2383188225313
-2655.2606248947573 -339.2861264520348
-3837.380162868538 -2802.4225220516737
2890.359829878178 9483.986073391517
-6766.4815628615615 -8910.99476154545
458.93827822318127 3514.516724802014
-1849.7304695376358 -2865.0959699594214
1716.0599254232734 -2944.785393924407
4328.868514862743 7487.349838166515
2388.6125016814512 -1279.9437447228847
-6970.857400340975 -6536.923796133717
-3448.429338967744 -654.4471421851024
-2298.954079949985 1039.3830757653652
-3536.2087861867726 -6718.037197464648
1480.2602409826598 -1811.6077605227722
4015.5591841994087 2900.6679524987594
1920.1767619444304 1263.3908040148076
-5476.212826841217 946.8193392857614
3607.9075652149645 -2963.054353002926
-1175.157975817927 4946.707634088852
-2995.930655964824 1646.221381684533
2583.2529123193617 -288.20597113715615
-2625.1886498980307 2945.8781389201326
-4050.329384956921 -3681.329760206169
5079.694855588222 3414.8780613312424
-4236.79874658348 1137.8405712327574
2306.247147184213 8705.207184901286
6289.463019721919 617.2578829348297
-1657.2231191962987 -2622.055905580415
-3333.530507954681 -6212.939105892232
-2751.604439140484 -7587.13849529488
-4787.815853212178 -868.0319274710812
-88.66205208724385 -3468.301032862894
5420.1735943466065 -329.0754501273837
-5488.941223113129 -4475.108832757278
1836.4945774455744 -1420.619452588057
2504.768481170679 -3896.407671536608
-1683.0767798305676 -1531.1046953616544
5050.7284466768115 -220.6560052497239
-6155.111862091369 -6468.628438984029
-2451.496694660273 1442.5327438454217
-33.99345367737849 -3885.370556310673
-4111.224603852499 630.4350866168319
-6171.1557643051165 -8389.087019575472
1267.5253718807896 -4540.679409929209
-3024.4046067980084 -584.9259051450356
-6348.961986121554 308.81070318349003
1959.9026655470864 4030.7895070950544
-5710.096732938181 -6938.319791285523
4067.8610444515466 -2735.8499366440433
-6298.539865725913 -6815.418507809675
4833.928277229994 7034.8248518784185
2352.7759723750482 -5311.156289470116
-5983.409098107959 -6689.814555148469
2032.3705701770184 -1563.7977721394552
2782.6350175443104 -665.1163549182147
-6913.338913112907 -2407.2041852188213
1976.8193944998227 -2398.1327072399977
3961.323863251722 8082.773474595953
-3189.733004828756 -6305.962046140582
2214.4732713556814 3838.5440036690356
-372.8330334027302 -1153.9422391443666
-937.1179399362021 -6023.352446801121
1115.262302890223 -6293.947261586124
-1398.3897240055792 -2660.9619668496775
-597.3455939881836 -5456.350303946861
3301.4869225212715 -2935.4388279036225
5343.208343844496 -1645.7907562787157
3828.4357614729147 -2111.4120665474597
-6901.655432883522 -5017.052999947664
2701.070980897436 2151.808298909011
4880.946640641313 6674.575257105301
4873.531315878229 5885.551718613519
5548.473695629138 4.8227392414571195
-850.3135994522817 -4326.995125831818
-4955.8071565775135 -9557.349889662362
2396.197064643856 2372.6969306094056
938.0649278218542 6223.797422464825
4009.6272216224993 -3897.652599674958
-2828.6107125380245 1352.1484535779439
3384.5629882133035 9128.31025506124
-2045.8589529403953 1323.1102311639165
3939.0020915842506 -2232.156617929647
4408.972036433144 -3084.5575883913034
586.4001784163436 -3424.439076829752
-2712.323917553678 3516.458499914297
-2150.28051285938 2988.4894404130464
-6177.076282087147 -5908.06694109761
5044.008039199057 -968.9939760865279
1017.7906022448293 -1269.5495388154654
5308.314362948783 4727.543617376216
-2134.31098947657 -5408.711368249949
2207.1401230991446 2328.6992792677834
-2030.949000480846 -7643.826274955742
-3407.651159609716 3149.909748320123
-7082.875748580297 -2266.5321254368755
883.748290507426 2846.36310429134
-4924.568721709743 -788.6038002548341
-5818.471737597974 -6871.559640006346
833.2424032451898 -424.98539078526767
5237.281511583448 2966.9281891723926
7049.465204781828 1045.9754078093338
-4334.099627206391 -5601.266512949524
5876.003180610538 -859.1999759155606
-3026.9026704104144 -946.3273289537527
908.2573158580129 7797.1566943770595
2552.890751124633 -2530.283998847204
-3506.3587048224076 2248.0412089021215
4222.102643575783 -2774.3552901555177
5658.951005824242 -660.955553928295
-2194.9866102283536 4196.9942331037455
3730.0928638878904 8284.51240782775
4512.654872176351 6849.5999061952425
-6509.427539332522 -8600.239101035191
2877.8185526090947 -3723.969590169121
-5881.9908560076 -4327.200299950763
-982.8236424964291 -3931.265388945949
5605.540628601987 2549.2703229392955
-2623.5908615894177 -463.60099518746676
5035.340221763027 4277.528219427021
2645.908793032239 -3935.403220529868
-6730.408094360481 -4598.934851193013
6939.128015707902 583.5285092148386
2227.3737263329103 -3011.6043113776286
-4836.752460018989 -5281.973571809447
-1473.7527719797515 3802.5563340284857
1611.1216419515479 -1892.0938626008142
1357.9676138807604 4904.14277930263
7426.799567153243 840.5128832972304
-4318.849876130056 -4607.900419482122
-586.716595031085 -4560.362969913556
2135.419053108436 -5823.884618984946
-1907.1626483319708 -1270.6271235756153
-3119.635698104656 2373.7608174198804
-233.32992927959268 3809.57771191543
4581.075862003432 -4080.9821459919535
-2449.080229156365 -843.5317014014377
2970.5839334401303 -2524.7358972405
-3860.9756114365673 2214.909711643794
878.862097640349 -1950.762899076949
5118.675385946058 -795.6854335212649
-2668.8411336680106 1100.0024664816024
6712.823549638915 2623.277769270365
-6144.581963405791 -3289.828976749422
-3699.141470351377 1737.6894595779381
-6114.234865563237 361.79924074374514
-6560.520038382322 -165.24123814912636
-2420.6252635940095 -7546.63776336929
-362.5628909435202 4095.432270086565
5169.708767699949 -1337.6364582570857
5288.256528560291 546.0359843416195
3329.9521057585694 1469.52431469974
-5732.296407360678 683.7990760406825
223.93463573720524 3292.400536632258
2339.1257166317637 -1609.7475728310671
2059.734743332451 -3259.9240183559286
-5891.492776433599 -7975.068581477402
-6933.58431072877 -1530.7723577979366
-121.55250515155132 -5004.4277088135905
4927.147690047791 -2161.9229251452352
2564.501876668748 -1023.94914335893
-5208.232764632613 -977.4775810477328
7830.208656171508 2187.683618031724
-973.2684202208662 2835.2266033201918
-3125.5287412777025 -1673.9652018682593
2621.143428734507 -3482.9347191506045
3025.1748119146396 -2774.7518770344022
5526.436289398666 4169.542895238812
1388.9207425740094 2174.1614849200614
5183.35491442681 -1987.396159537609
-652.360721715405 -5201.626335275545
7613.90474254838 2411.8517284898244
1090.0325955423766 -1899.075205499137
3351.6667660896996 -3395.9489305325988
2102.7762309640384 75.3416584529734
-5239.6445688149115 -2475.859675480903
6020.509235961869 3805.4250161350774
-6789.362358592451 -5584.934424076166
3625.0623054415123 8670.359208256903
438.5388192595814 -3386.3436036665194
-1056.0558933862364 -5424.767116457223
1852.467409481726 -1271.828578308901
-4280.381232595784 2782.2602079302983
-4712.141830561726 1449.143098210581
-1833.2327831612276 -5698.869589776557
858.843820965724 4166.905801203222
2695.5978683173757 1038.4357078545631
-3443.4203648124135 -2768.8289999983276
3893.069127505151 2765.7094738090823
-1618.9239667410948 3442.16529553001
3906.713895658221 8249.891310691852
-278.7395833048287 4564.6350497755275
2919.7248406976414 1291.2095748343545
2701.765596108494 -4948.040403220899
-1434.898809298227 -5067.509546797309
5185.384895061272 4923.437667947731
-2048.403321135851 -5705.600557093064
-2365.1813486646884 2359.2112645824623
1917.3315980648165 -3299.499971361822
6126.667213530604 2756.928319792708
-1646.7646248475098 2626.4951660451256
5331.830367334435 -97.47626034601423
-6777.284186046306 -340.3173426703585
2042.491558229579 -4175.199402343743
-6637.254026925114 -4443.1205833671165
332.82757708616106 -5199.990348212138
2136.197590712172 352.2438259676935
-6420.559552430627 -4191.219649024633
933.8021527866676 3024.4201285338613
1502.0925204177065 1292.7872526299125
4734.811393188289 -410.6024770883391
-1134.22274927422 -2795.454605994209
338.50725397723636 3442.2004675981943
2138.3389588181726 -5541.386600958545
-2701.169041461595 2337.7357188536566
2048.993529294009 1590.2072721542406
5124.290851211758 5076.108948951557
990.2548209518604 -3233.941390580568
-5066.195427368339 -9045.130514277791
-150.2945910577171 -4397.420859026663
-6579.555669724249 -8436.263162735073
4282.327484273746 -1481.4566253222195
-109.22843541125587 4800.664812112178
-4674.149550656748 -9632.735489146766
4516.458763945214 6982.095494694503
-5659.132172687132 -71.45208517505526
4138.810417452761 -92.91595456831014
-5807.125964504978 -299.19485632332163
4796.505632381299 -1645.9774428591086
3821.4042481975257 8539.552046416542
854.6570343052271 -5445.154723946255
5064.311965009804 -1925.3872407920194
1498.0011701976798 -2323.306716045712
-7310.136991729618 -1746.9122647504448
-2120.4654871417315 -2793.6571637227457
2942.7274084305855 8926.470022718966
5410.122416069441 3740.681272928468
5196.163338604244 383.396901883521
2713.263056654011 -5225.29752895807
638.6189348322993 3162.1607617615223
-844.3351908120889 5802.934400365425
7571.11335137842 1999.0424926840287
-5170.0832472159545 -99.37021580839495
1897.248242913414 1783.9043026429076
4021.2658345200584 1980.2857776776455
6345.604638593591 -1052.746960894462
1261.2113344785048 3632.9279784995124
3215.6122458454865 9375.325941806055
-1732.1544933447426 4447.489707618969
-1717.2983273489926 4146.528051782695
2356.7041193386626 -6116.7881072910095
2630.7097378298813 -1214.1478686089142
-5792.593703811236 -85.3112999728708
-2483.319626692795 3666.886758367608
1189.2760751350145 3460.6514146177897
1756.183871359019 -1078.5225703264082
1147.857615731821 -3602.56958105908
7155.455843950814 2901.102740121801
3339.3546812890663 -4536.4952945587565
2230.2626617210526 -1457.4376610821769
-2070.203196685747 -339.73969287880567
-1899.3232112951628 3009.454347718181
343.23813313399074 -4302.382379658992
-5950.252903674231 -7007.839360974711
2320.3112003138867 9096.017600797837
2493.7301758161752 -5789.674495671816
4831.712186937482 -2426.3574469824016
-2122.9431305379526 1711.0591567255528
2985.895901380597 956.9653373499605
4832.850075002536 -3813.202961389119
1814.644777679093 -893.7832391230771
2375.8635048927704 -627.4096813964985
-3838.9450141520597 1287.305077368622
2461.557338141128 1814.8310948725798
845.2131562709541 2982.78995940991
3116.253728020459 1067.2496641404477
-6231.545162956332 -91.90422677880555
-2437.7229514339924 -1166.5641433128328
-1416.7094208174813 3280.672240848297
-2481.244276602561 -2270.4861579062735
-2118.643998609569 2619.624904695725
-6156.208410611831 -7916.517198995079
-6645.6125901792475 -7246.175705703478
-3828.786270423635 1891.4455922776383
-6784.517077137792 -2967.3133794961796
-946.2315779341989 -2508.6658204967302
2051.698080067446 8842.313433262949
-2471.762845888589 3474.8371038671994
6707.824760143905 -684.8535895629533
2769.9828739847267 298.94695961461815
-4583.652906287988 1283.9637779796021
-6649.081347650359 -3607.951261770176
-6041.376178221945 -4316.001908502047
1213.0062841914507 6084.769629643625
1361.183766347748 -5194.192094272324
-309.397602205597 -5535.751984850798
402.19421585315644 -4451.214632762829
5357.0537283937565 371.32920783574434
7778.328431373171 2327.193341579337
-3311.902265789833 1484.9931311642779
-5617.193508505472 -2289.893415721847
-6023.196991923562 -7771.292261473258
7085.435236405939 740.1794553071238
767.7553078095572 3901.416984912395
1759.833500856421 2936.2921742004432
4796.035253364176 6855.421937159329
-2398.2285815527043 -1713.954782376951
20.707365014282924 2977.7524226061373
4097.214752903601 -3860.1412372126174
1907.4117304843433 4302.031119493728
-6788.559001627611 -1272.7198816650744
291.15595853910185 1922.6070812584494
-4095.004462037108 -1273.4799117526038
-5889.569714355074 -1817.7328563700723
-7289.967307372945 -1900.7843710470916
4501.910533090024 -1891.3384712586665
-7007.940230137859 -1350.9837589534761
-3600.2752220419547 2077.014048266613
5529.112836617137 123.1694162964003
-4479.981046285318 1266.6199239631628
563.3452505944365 -4673.102751591745
6783.993261228047 2240.3120426617675
1337.420626962092 -3229.4940845253855
4844.016892882523 -886.942773697009
-4809.546686990756 147.72076944786932
750.8170144096183 -2919.951187529079
1791.041438484283 -3238.012308472329
5790.865792358855 1126.3421327393567
3461.177251677821 -1806.345288354242
2028.7107446377886 1375.6315237426588
2331.0416743460955 -1033.1366575477102
-2007.7497435539597 -1164.347851115859
-2274.3856542035687 -1792.398277536213
-4328.735049227189 -5204.356276871544
1867.909208764294 8578.252330575444
6321.551060873558 2392.9154947870156
-3219.59650115427 -2908.071058961991
-2678.485092680619 -1288.0290577728713
6400.214179424428 2821.7377910569858
6587.601741751775 3683.737274252236
-4770.501467276845 -9252.367501607929
-2597.3106379240053 3536.149296835007
-2204.5358008037574 885.2785904740393
311.5347098818298 5561.458388059346
-955.6644276278881 2954.144731142331
5223.99794488506 -185.48785322898888
2576.184522234401 -2635.1388844081075
5410.431837935095 2771.241402439013
4642.215933686643 -949.9035398240396
-4366.858103709507 1959.7795205510342
393.6569669780057 -4834.080244471111
7061.170979370439 2698.094094168887
4374.647783401879 -4340.362022021548
91.18741659430027 -3338.583417190302
-504.89747091777417 4554.483926458881
-2911.5188968876623 -7561.818353883566
-3236.431951026509 -3020.280565975583
-4638.188596148139 719.0800852156161
-6984.04104619932 -5620.659349910124
2707.7099887548525 1435.669337193006
909.4044480014036 3231.793323494812
1044.0827915743348 -5444.481234819852
3210.7944414611125 9030.03533525076
-889.6667538942414 -4022.0770494603094
-1157.4344797963709 5108.349386757661
1728.1170221389907 2527.8851084268567
-1804.5402324271624 2597.7784523667724
-3040.7653573843995 -1067.5635140013073
2336.504891976808 7075.84240373908
2747.291820379844 -1069.188860150828
6432.430494121282 383.6126013092862
557.7757425001854 -3837.8017838114083
-5407.161500984521 1046.0765438159651
-699.9185452004689 -5378.478100142419
4769.161871534556 -2635.6161692072446
-11.335718323463041 -3160.9731901744626
1907.679078196191 1639.8203396552965
-7187.542169324376 -1554.2696028610615
5367.716418575681 2967.3473604759943
-1719.812805691713 -2215.239690762578
763.756663932402 -3954.9115810607304
921.6907783422994 -2671.4085957860734
5282.2223031806025 3975.0556114921455
1493.1592297492946 2694.3107593813143
2115.3206050913564 9160.113392408957
482.8980771212635 -2182.745960850729
4026.253124968003 -2585.2296517085083
4583.271101970853 -2515.5111597137447
2051.0478113207814 -3808.3591786721154
-6779.781394978468 -935.8335766112297
-6784.396497917603 -2323.830474888064
-1016.5573407538267 -4392.03289510441
-2868.2607473024614 1874.5088855977028
3150.9342538315354 -3505.0629852749917
7394.557713580841 2129.296188800155
-2020.2704847969055 -161.02590557849425
3428.61675534049 -3147.576660842535
-3767.3535542901473 2558.2186395386793
-2442.8895215777525 -640.9703975715182
4910.498193154395 6779.890670564928
3371.7506609407897 9016.971515563499
6790.793674859535 3983.661748547845
1037.173933477594 6082.959395913601
-5056.499772178788 -2391.835175320238
-4476.3600152449235 2827.9415676386857
7302.958954962653 1836.965690956053
2560.5439870290343 -3741.5677023259314
1703.3293648800307 2052.5286062216355
5617.806978269777 1349.8173174874958
2776.6767568053046 1376.416482153233
4370.578484589915 -2762.948266275593
2101.9080695172706 832.8267854529978
-3225.1367173360077 1912.9508049752992
-1937.8075791648403 3343.0527132297266
-2572.203952242003 4083.29318903375
-6004.645325591004 -6472.997069368231
216.3193877337163 5764.391583705513
-5537.981474466748 -624.241023637194
-601.6129639809374 4190.038494741139
-2164.0072382627327 -2642.036350025514
3746.524027730767 -3841.189113301958
2243.815661309175 2940.031857480882
5139.654572090262 210.4004295590626
2907.3464131673973 -3420.7515942949153
-5413.255397067958 1283.0138337263934
-6276.957696242854 -3950.3194602925687
6783.642696062051 1390.9374692560448
2512.678364684763 9224.612782708626
2652.292841335411 -2505.3195116742136
2818.213446782802 672.6271943981736
-6447.104643805642 -158.3580302116896
3743.1075775150503 -1755.606719426925
-4237.557765166612 2158.378913995352
762.8623644725351 3712.477787321764
5156.119785389006 571.0266571876766
1036.5819552003816 3875.333173438132
-1231.7588877173766 -7300.419125071517
3031.7616541403686 -2634.1299741380194
4879.514573797189 -379.612262379389
-3270.9715978257223 -7453.573812390971
-4915.360402464792 -2103.178685232217
2591.741814948901 -585.3798572035197
-4395.631694138871 -4503.861008711889
-6975.7420553586735 -5974.30637680565
-3991.8006248963015 2180.172793605673
2465.515592378108 -1449.495832607549
5014.0379391131155 -714.0203175818167
-3999.663755306135 1290.807307673604
1311.0714091956813 -2069.9586680669786
1395.0603855189968 -2387.5045523846857
6324.111712091629 3820.6031109450137
-1749.182595477031 3943.1755480055604
1046.887092000198 -5948.178014456135
2899.9853256611996 630.773323460732
2303.464363434012 1755.872702127961
-1159.2531911325361 3007.593431555801
-2079.775971861107 1160.2810656066931
-1193.9520963417249 -3484.249512342753
-6700.322962264568 -5556.148773720634
4928.020726580917 -40.9222215338211
3651.433869435757 -7270.164176378662
-7568.34183373403 -1816.0687732321344
3146.8006114107243 1205.7711354031915
2326.007623003269 -818.7925303870888
6953.398086985711 753.2092847165152
-7103.396764467414 -4968.695831059514
4114.240009493495 -3062.996967156076
-6214.239169218318 -5733.919341175815
-2099.6963848832584 3232.9844182189195
2046.6524298693373 -2955.3185233178046
646.4457955846304 -3934.954989031273
3901.966774047341 -3125.7944138134217
-5377.563279452022 -351.34525802327397
-3228.6208214532066 -7609.447705265768
-2218.1989556454714 -7904.0696219860365
3731.8375064428865 -2585.13185750403
-4820.113541033101 782.1612545071894
3297.888599367519 9128.670538672506
-5668.643354598547 -1984.1395456796645
-2105.0860267581943 4033.4120941082488
-3320.394010291401 3103.20259394415
4508.434676524327 -3976.1866690450242
1038.7883069405993 3554.9985104311513
4186.595828435086 -985.0963293482379
-4558.074974844556 2187.419184271817
-4481.451155759068 1696.150443371428
3678.008296907424 -3698.327778708789
2109.40751218419 -294.47098011763165
1433.8900713213093 2492.5242244069545
1659.1858492706876 2137.970551357975
7346.044313696908 697.3879638808198
-4880.82521286576 1240.2784214656447
383.5029008146217 -2947.9090711086787
784.0873135370794 -5544.657384966665
5152.36707015592 -3964.8535621623355
-5927.634047403504 -4202.394591730728
5475.73976381198 5795.800069151484
-1311.1476188417062 4375.263506386476
5784.11820775385 939.3744073147241
2859.013315566915 -262.81258478310355
-5059.154483567637 183.2287303258761
-4748.448814807834 2521.0684329686624
-6330.929207158252 -3741.6216818219114
-2498.6991126776343 2728.9598798585735
2134.789318409344 -4403.4490172976875
-3247.5599918726725 -6519.498621387128
1720.5898426657777 -3484.789730677245
2041.7724473794083 -1733.4272632851646
-6612.783288143327 -4621.427880428029
-1607.919874335055 -6796.357869368788
58.39928526500262 4697.397217684975
1484.9537804021643 -3394.534956203088
-3594.977879592566 1477.8766094664525
1241.9056125102827 5386.090231164929
-5175.768047693248 910.25669203829
1430.6038585947547 -6178.852676002109
6589.963624978532 4524.901010990031
1650.904785206936 -1538.4186380820847
-4708.651833251647 -5274.6762398152505
-257.87615702554444 -3336.63122315864
-6683.668861406766 -3128.4343538550715
2732.1180728391196 -3113.404222779749
126.08526094637557 -3022.332299188649
-6148.761748702748 -3965.9250309605072
-2225.8548659724374 2848.904950516068
3890.946786633018 -1513.5233823967405
-4389.696024321718 -10067.67763707841
6039.853938912296 -360.91801641339157
3589.9001598592868 -4231.323752071889
3602.160703525169 -3928.0696759222983
-4095.1340001700996 -9741.438952120492
5517.168543223353 -1405.1888960978808
1740.5287117539535 -1683.4136928389246
2414.9155463138713 169.67580286604888
-3431.1358267452724 2334.961281526718
5754.436034990325 803.2331311398259
-4308.845947806821 -2580.4752633565495
3102.3085731541237 925.1948123505631
7495.029245581769 1928.2145609689767
2194.7148685848356 3985.759147228222
-528.5038609433951 -3145.7021082787205
-7151.006541714587 -5729.869850808054
-2696.727646773912 911.3888980949929
1561.1661540855594 -4584.962675017983
-2932.740330054198 2561.40020756947
-2272.3771435029807 1591.311518849346
-5417.740333845677 -873.8490535336041
-1692.942881027021 -8059.836735836937
-3533.368032855446 690.9225861484288
-6612.423094375607 -3159.3628657631784
1545.0004841006094 2544.3211055809343
1495.5629934914923 1955.229960311476
418.94811122446396 -4609.990386619752
3561.5965279796264 -2856.0030001284586
2354.399553355445 -3667.668035847528
898.734545994434 6375.247874569628
-4564.635900339641 -9734.46908385099
-6883.0154319870135 -5384.658735905642
1464.1463073927277 -822.6800056887276
5039.735894991577 -1187.0720185742837
-1788.8763695597133 3405.9256698535078
894.5060889057168 -3681.6126315585147
-1896.0806617199974 -2715.4412921874823
-2460.6941227557836 -2517.6839387943737
-63.10176811174876 4305.675016303263
742.3566775880263 -4214.165461536922
-4079.727002794282 -9887.129952326566
-513.5097592656488 -2726.8692372372857
-6121.771721938083 -6103.225307869985
-1626.9890150017027 -1207.149113718563
-6425.291903088719 -3474.32589971525
-4780.2216241282895 2105.3964969549406
-6732.30972555114 -4092.749175672485
-1953.7153959133263 -1964.6397297479673
-3242.0522842253426 3367.693344345321
-4477.551168788753 297.1363663976945
-2304.8986757669873 3378.580266448907
1993.0823261458693 1108.9093747520826
-1666.4999871047455 3028.061037377282
-1841.0696616287003 -3102.430872888582
6492.963361333066 4147.94077086756
-5976.255241423767 749.8733457540758
-2001.1559092579316 -7842.638044386221
4668.459783196335 7018.086235776143
383.32825593290295 5835.839416593974
1763.0269275816718 -3678.3468307981725
-5017.959913631506 -2500.8310082831968
3684.914440125659 -2732.57198406358
519.0666679771111 3728.363829874888
5530.494568555974 -891.2646556499742
3661.952036337637 4413.284421293924
-6905.2496642973065 -1939.2734024252022
-7108.928398734499 -6441.018797517036
