3574.4494775286717 -2251.3689201159855
-868.1918659343693 -5826.527494399294
1936.1572459732397 -1254.9587679533233
-2891.4345520727175 5482.13459712527
5610.567398016259 -4441.873810113855
7601.180486238836 -3260.88625578958
2153.668982465012 -808.7093377567603
2700.8403965016682 -6877.166518835105
1253.078449851901 -3629.10104525143
-3832.166391700635 6420.9266293370065
-5965.969852712177 3767.094245080143
3710.1986902848853 -10188.434632525594
70.13310396093053 -1979.3491992011843
6676.524208171512 -1759.798850276655
4612.615173301245 -7277.242242711637
22.208763037908646 32.773743734864816
2233.052966510884 -8761.762193014754
-4181.131906507593 10465.61676493131
2781.296548639415 -10532.16130088827
6603.630048516039 -2314.172224397143
7387.9956493318 -2968.8218606623354
1514.7355295200125 -65.54798804013251
7431.495418578073 -4375.144713222018
-6694.6475424892715 5244.112476004961
5475.039389587149 -5012.053873178818
-5165.458810740797 6648.926140924537
-3762.8012209978824 4196.392384654527
-7681.409170784795 2856.79347758692
5484.69680591695 -7939.543707467967
-2667.0335487893753 9797.071914597378
5908.127193606678 -7346.241678368318
-6217.317442541628 3521.2477295030303
2602.8232942610007 -7501.1643813240025
3688.9299166725473 -5681.900004256938
5583.944494783592 -5700.484635877683
3066.2997479404085 -1719.2217665976489
-6184.705555033865 6337.610735140428
2024.3245436742695 -7468.958671309367
4105.476701624037 -5201.4569174858525
7399.249636985617 -3623.699546693014
6962.525022250236 -4316.7246906627215
4956.002254327984 -9004.679399035827
-4258.705108669413 7650.170513381939
461.9852176759617 1160.4773286507589
6476.852146725702 -5695.394140208397
1832.2669578952566 -6387.994987072951
7268.057437276684 -5767.108119076042
-1858.1180048645704 10068.947879731193
6047.7203583686705 -7618.513309060487
4889.962840217864 -6433.614438942072
6673.144823343368 -6488.526779379469
-3818.345916530776 7629.295302658864
-3198.9314616709007 9860.522575416097
2610.6983736535713 -10037.418189296575
-4657.955213105976 8001.457689283035
4035.4651618001435 -8486.419587054263
-577.8059227269184 3737.7593621317515
2107.731922561774 -6988.447035113835
-290.4846984538029 3911.5479071630166
-1198.9371478304106 -4737.456013305859
2830.3990605697563 -9017.753409035928
327.710092022355 -3163.5528050139906
6812.453202505101 -4022.8793453112
4573.50702290527 -7874.968137473381
-4856.385383532277 6876.336842449413
4808.905818835688 -7101.2554685365
-4934.800236652924 7531.688912521174
6637.140852254748 -1422.9238065735744
2985.8862179982266 -7164.9784303808965
-5732.132600550944 7039.498775094587
-3675.35830452637 9882.258459887276
223.08512773167246 -635.220308384215
5333.580381706999 -6873.998924570064
-7302.545593597647 2765.295505529884
7279.115767833899 -4914.9626662904475
-5410.659572841224 7530.9173354988125
5296.28189709587 -5646.19598719484
2508.937539410483 -4800.8984681341835
-3673.256553615857 9380.908143424043
-5753.96719519273 5715.3841040384295
-7408.484642519487 3036.7831552749335
6360.103802966393 -5174.888104368589
-4474.603053956681 8708.543104719702
2289.916178354566 1441.3058507348671
3053.341684719662 -7737.475193516029
-7022.453582735358 3749.5553809466774
4853.196529002934 -8590.144164435524
-7765.013237026216 2263.08407412165
139.81641831602985 2120.2615752825213
-140.99642848449486 -2372.9201856070067
2799.7304035122456 -9583.977943647693
-2395.2419156228834 10025.098677851129
6011.168833076232 -3767.0378033780967
7062.54619225349 -4798.3101389973135
-6494.040454980497 7218.561823910378
-25.35177080455154 -867.2126194603308
3263.0708224042332 -10793.175073649623
-5996.24836090777 7308.317759999269
-774.3233908912192 -6149.346114472947
-957.9474287831439 3955.0431839089483
-4199.857423898333 8117.25978444347
1829.6355280448727 -4437.480222099928
3933.0320782464987 -10472.31914099515
6491.086535083303 -6776.126231391079
-6390.387974040275 5942.628757992975
6889.08198580549 -3731.8459753409456
-4668.184064084963 6224.238582033756
-6345.098926828803 5040.9074536729095
-7802.275282719687 3052.275157899474
-7559.993739238426 3584.936173899115
-6525.477851870573 5639.608245264577
-7229.651167043099 4213.815461500172
-4877.3920598472205 7253.730853733171
5259.434006302652 -7579.460512969362
-648.5489849144838 -6486.12445303218
-178.2795457126522 2809.432061256532
-7398.816140584881 3923.5472411791466
6878.288308738648 -3146.7717234006573
5105.828749137071 -6568.650716773223
3185.0154927117455 -10318.316082877129
-5695.321621820779 7649.58865705648
-4294.194785761521 6224.029532669393
1863.9149190677672 -6843.234740947967
3108.4336675665263 -8225.463612366395
-4456.752213617257 7335.65301295255
2978.671895898706 -10216.260461329273
4155.089896151646 -8038.343975276432
5426.613281345076 -7385.212363800493
-3914.6355000993367 9546.861275955425
4338.522607179163 -7058.921208963174
3130.0524440160552 -10552.759754436422
-3912.3819973734912 9038.921816625469
6714.735699871146 -4699.482192118419
5533.246495448223 -6496.039643891484
3122.81881210346 -7556.90569024804
-6973.365543256921 4955.9942223397875
5738.926813586197 -5967.4703013989165
2311.6098497609382 -4757.244395033831
4050.9145814773983 -5422.51401824305
-4262.691195143278 9744.296170796011
6460.5127860791645 -4072.3842068045915
-4241.4764879214645 10090.454642516794
-2189.9780255088667 10492.11753404612
2686.208095559054 -9442.988746106861
-4082.434684508071 7896.621941952837
96.60891345024861 726.6397974668253
7370.004446579125 -3969.4942420530297
-4500.614397196744 7020.372539656594
-912.2150360657195 4544.401652645553
-5332.60655636149 7219.480849984935
-2541.127313333548 9097.92849227707
5173.015480315013 -6164.102659483395
-6136.975880064532 7220.88509729675
-3716.0315611990354 8781.150868806475
3905.1353356608947 -7962.663053974461
-7010.670367587608 2631.124450406902
2272.8661351934265 -8502.282404409007
5600.518382725468 -6301.65108967715
264.65928116312887 1777.1309287176541
-7128.257128199706 4470.269069368359
-6389.418164109114 6818.57473635509
-3823.917145236193 7228.297751151115
-5889.898394200288 6110.114708412602
7183.306226686378 -3062.339823525411
4163.123448018201 -8244.514298684813
2568.499818464568 -10353.595449952856
-3683.398754112937 9132.460631681866
5097.076050704241 -7330.0308501009795
342.5529067251882 3429.94035476255
-3274.60538220558 9663.435988666535
6249.066061570988 -5300.714743227691
321.62756296140503 -2827.7332133312307
-6678.990706991579 7007.256010066338
2469.4160980427364 -10688.805854819513
-6815.51137276211 4920.950358395088
-4954.697483259317 6111.373913509495
297.7300488998564 301.3773240428397
1905.457797793204 -4633.626947251103
-4627.104645900616 6829.646825261961
-4078.0601779056337 6631.499178359632
-6983.42209953499 4590.321262866274
-7412.84956196196 2488.509663343006
-2941.2654376444784 9280.919900353721
3951.8724349848867 -9926.440895842305
-5079.266010176471 7359.048594623958
-4733.049479871367 8258.863492213313
327.2329708054229 1515.7727971479621
-1092.235313984358 3750.358516630415
-5550.30187115653 7224.527822418922
-5890.503508221624 6346.217429458774
-2053.926677899428 10230.745090948603
-5946.804634610195 7914.059576996123
-3420.78339688648 9374.486244559117
6914.377587779193 -5086.437766726652
-4480.005284839597 7710.685362528423
-5765.891523450624 7393.089953892357
5647.44835978843 -6684.9803496005925
2469.9408789601603 -7445.295410875455
7009.717008462541 -4576.524866416754
-4181.535245092001 6307.379739772636
-130.1102993503772 4187.988936299399
273.92595237587255 -325.45565567835024
-7535.56813893979 4820.4386234428
-5694.550946859196 6873.591929097121
-4496.248822634215 6348.293043320555
-3907.9826894128655 8243.962303767985
-4574.118542818648 7520.624158679895
242.30028262548416 2509.398855666226
-5409.6732564366 8023.6560915804175
-2010.8886495234672 5226.484138259627
6082.6384073386325 -7297.949449021147
-2957.943457842667 9635.534680189185
-6276.260988698293 6577.741315097864
-3541.2096486209034 8842.876078571482
7484.988328569449 -5281.578253289248
7373.2630269381 -5554.055381377041
-2972.490900341674 9982.957503685842
-4135.587469732042 8970.066736529012
99.8785109750764 1211.5478826841506
-7657.780646972172 4505.6269954860845
7392.183455710872 -4644.276849725531
6288.815279326205 -7127.843161875748
4163.813179455338 -8764.591028669502
-6008.677020496121 5595.86938420781
221.41845821564198 3146.3054765788893
-842.9333939468845 4198.880208470035
-4956.269719954452 6292.297215081128
5511.951910449122 -7048.168815284877
-2798.5310495412286 9399.512573229675
-513.3807824213233 3407.9805255392575
218.914743735223 -126.24964617393262
1488.4666159994267 -4415.186329652287
-7635.883885958246 4228.251263911701
-4178.925643524167 7069.651767618204
6993.9268001751825 -3399.9527710921843
-5668.337983362318 7837.929793636489
-6763.449610895044 3759.1089640298533
-1940.218518419069 9272.51728854617
-383.60719001309366 3208.4710297103757
