-7257.4145084502825 4570.900034606205
4864.776030757871 3270.040126328899
6203.823896809491 -3792.8765452025577
5488.249187970767 -1873.3753411905573
5219.1867932160485 -2967.612053572144
-6970.771115794786 2777.762124340904
-1706.8660034183786 -12215.237691558397
-3.1120780540029713 -930.1628117599287
7027.674508925204 -2014.2402460276248
-4500.894447388027 5045.25305372149
-5707.358111308284 4953.554083438472
-4153.374216168695 6084.982545085465
4285.011317847027 4600.885377012456
4788.511806133701 -5841.712956572516
-6303.288490877312 6291.8067794913295
-6691.821782555673 4986.873592415393
-2635.077755486191 6915.894932545725
-2271.3556334293658 6138.384813950038
-4145.744194550071 3186.1246050647915
-4099.630868416187 -637.3880163177781
-6751.639379184342 7293.7878167258295
-1994.8511639148169 6291.721679583008
6499.758404081369 -225.0212507554354
-6422.501052829934 8608.18534385867
-3014.3564748441568 -8017.715468566792
5773.947311299446 -34.516501722624874
-2122.9425585547656 -11301.4873861863
-2319.332930036708 -8292.295315720945
4561.465306873599 -5702.106468493074
5078.924010276404 -6437.7031011652625
6016.736847132427 -8837.242498598192
-6127.245572982673 4560.948374956831
5481.579103830614 -6736.489980899993
-1400.44257768345 8875.894672691684
-4140.338047550801 5543.200104852257
4484.675208323318 4806.648520402723
-381.58379662597827 -9712.18789454982
4380.299977755342 5041.634096964382
-3568.070348393966 4839.878684420601
-5199.883124636956 5039.800376189132
2539.644253884773 -6381.174556723116
438.97220159463035 -6434.091507160876
-8479.86497765477 8034.174064120076
-3429.384183176513 8009.063761279086
-5080.859011455794 2813.9838656945494
7004.528317320619 1711.885097251391
3482.9818006132937 -7635.637849694483
6286.762520236368 -3111.6250372087065
-7267.714104563912 3199.2084579902817
-2074.1587518207834 10459.881819000673
4568.696195879448 4436.38929932844
27.88881119327207 -8205.600916588812
-1950.7637574630196 -5326.118052533266
-4923.281887491663 5257.656308177539
6373.196442917804 1890.4097855587431
-5099.421316013274 3188.361877728231
-3922.8431175623277 -3414.330689911789
-119.84679701450395 9149.559908473959
-2665.6126464661656 9841.426861439511
4297.4490780481165 5520.613644755914
-4398.997178299852 -3696.424504942994
5018.762053268323 -5246.157126168607
5271.7010875242795 5482.900127491912
5294.251855992808 2602.8512545509093
4224.557204874002 -8890.912231600567
-4163.575409664064 6999.015388217802
6594.135743557027 3014.9915478554544
-1480.1455691516105 -5950.055111336812
5939.140448561631 2415.0095247515615
-4859.462240363784 7127.358061900826
-2703.2095908265733 -6783.132591511427
3781.300064468417 -8141.77184668648
-3662.745172469407 6266.879380071552
-2832.995612154061 5881.576233181885
4122.673722269739 -7472.679126956928
5824.431172066791 -7334.020699634551
-1586.6152414006172 6660.423131587253
-1556.4754768025618 -12450.748654007826
-2005.167987471813 -5955.828796168917
5594.031930324727 931.3951261855002
-3163.4763542729092 8247.565121163965
2035.6059369687289 -6754.546988089912
2738.477878419025 -5799.8672550865795
4313.126368976026 5938.302532174803
5741.579863402341 -1823.7678379683225
331.4406738521201 8077.74795104302
-6264.441770495569 7016.823050486308
4274.034744696942 -3652.2862519768137
5514.301806391334 -1370.7375843105704
-5168.136104761212 7194.801515043212
6407.68606555437 -6427.47434580274
-4842.827492913061 4849.667330353874
10.168566404456737 -8847.10845887756
-1249.647559133418 -8048.404897953095
-2086.906930286627 8505.239374610348
-904.4008569159645 -6791.874142576769
-4471.052832296681 8844.42500032499
505.5925850064405 -9542.717535555988
-3041.052305720686 8008.796699007042
6185.669576980295 92.23621519046075
6153.538368993477 1551.0486462961567
-2725.3147539693255 -7650.219852518338
5833.224337807909 -358.0788350255807
291.66124970469644 -8481.989692512887
3543.8063431769456 6786.292208134826
-6047.889906070404 4920.515009109727
-3334.349789816356 5984.732421937682
-5137.344562442247 6890.040777408173
6188.282099086841 -242.73414555276463
-3729.132240316684 8562.175074124549
5264.878168071512 -4944.008379064835
-2978.275885664937 9349.857694469109
-3702.3980321206545 4510.130588829508
-4465.49220799139 -2511.367520713659
-41.19953099438328 -7743.309535511326
2853.2179125206803 -7741.857212422434
6046.22855890382 -6837.648332642772
-944.468691483614 -9862.120140787652
6265.98330949687 -1715.778395815247
3576.963473173856 7251.920121886765
3557.7426792445367 4580.704849763709
4096.707551227127 7110.091816807318
-7277.835913071151 4179.014676299329
6304.654394795321 3224.1748667172296
-4686.256397886972 3227.131462618937
5666.157545903634 325.58018480411636
-3226.4890920056096 -3780.7245143240248
-6994.538828625875 4707.65070080363
-401.9407504041552 9355.353202223601
4196.606202174836 -7675.576631782081
-2013.2094489430726 9959.598459989693
-3131.675513865759 9220.595981931048
-1576.1276813214677 9401.357763765094
-4444.663736527701 -3403.0755644713277
1806.4654015699366 7851.240809752368
6174.2358973151 -2440.5817453610143
-4902.974071127204 3563.5037838560943
-4676.362429638102 7405.497029652486
-1686.1292966446326 -6558.502833295433
-1650.0802415117084 9829.768976377693
4599.892514358507 -6492.448607838138
-1806.064666499631 6677.333990615351
-3659.348438649173 -3383.337513685726
4478.614964875439 -6970.187465167914
4191.053727464864 -6651.190723389953
5772.887844153419 -8487.941138329887
-1202.882793198716 -8342.506337843055
3146.4049343645643 -8111.304601447186
3801.8301877703866 4915.604883378032
-2260.904887278386 8391.72886161787
-2097.0883303914006 9673.855762409818
6195.509998117269 -431.3544940088796
4818.953468024553 -7597.836126196239
-4894.321537239247 6349.655273438561
-7158.308545307307 2649.6677845619856
-1237.969342281525 -6193.032076146431
5768.416573859395 2500.9500748146666
3897.958425957821 -7177.826392020871
105.14850527788175 -2080.67901927806
-4043.591428799018 -4001.3309365093146
-3296.5026489243883 -7372.468042427767
5271.803693105661 5296.518288120356
5066.870764501135 -1744.7298928760265
-3510.807199805063 -7906.9677366860105
761.8438504989409 8430.865801376469
-6587.822166089433 4550.670012275033
-681.5788387394878 -8478.408290301679
6268.129039021063 3506.9280721019227
-7331.381244776051 2190.6364788054702
5183.176959833862 -9147.616278830536
4325.834441256285 -8561.999846837803
6502.58705272236 -1818.996707673256
5815.001777555251 626.4497728038167
-5638.798320070131 2443.0203068292126
-1620.914474797364 10080.02897700525
6104.6462356785605 -3092.1949642068457
-1005.1246438769999 -6507.626360556268
-3116.038255606135 -6017.277592678685
7298.283577429372 -1884.28286117305
6675.938230518234 2420.202618892711
-506.87138201352457 10100.438121164067
-1809.39378645065 9251.463748335666
3121.3006232937432 -6842.1065199773475
-3921.699368517366 6502.754526602597
-1221.5337410409822 7956.113862260588
3979.497659658951 -6886.409263059849
4410.747067289596 -5063.8618499389495
-4760.640421686369 5531.286058092374
5762.6447336390165 -2972.9076480480844
-804.5871681512668 -6990.276331009761
3351.3049040296137 -6363.993417922199
-4554.354639528049 -5010.313913711829
-2331.967730838808 -5765.97322241381
2369.7998880634036 -7922.738632813915
-2702.953590723232 8198.358905972284
-2401.5277219889463 -9031.76687567245
-6694.725932878423 3681.86272190857
4807.784174400714 3535.5445623926475
-4947.7507241675885 9549.441121048107
-975.475544951434 8359.886946790715
-3671.4809140453845 9264.577472792444
-3730.0777019474976 -6513.959918242477
4490.025432192957 -7590.640862067608
-1817.4370810632797 9591.606440435806
-6235.765481307117 5412.296717330568
-3682.5872974604877 6943.930642303728
6237.177448730827 -2780.891989677776
-6187.916638315365 5606.113787380934
436.46445871377637 8300.444652259059
3459.639930685163 7529.530596283624
-3753.6608087719496 -4984.737582205351
5639.501239813029 -4534.603778749049
-3226.707273358237 7420.0356660811685
-1591.6494917343616 8412.983128485033
2593.61369625539 7608.474346427306
1856.741999080794 7453.559982687051
2026.2562479835094 -7913.866176725319
33.46926022690143 9795.528357976322
-2224.853055997829 -11171.320521886264
-745.3748809111438 10317.002167908446
-3005.262847170312 -5649.264986393161
-1255.5745807342144 9787.919399893324
-1319.7601228856524 8469.489074528828
3481.8652812144624 -7918.339382008799
5457.05948121385 -3857.4534087790366
5713.142766135082 -1190.6639435764396
-7495.751057578085 2880.187219041684
-2818.8876978039348 10293.845676988429
525.6305092414054 -8947.836201822196
2221.298725956899 7601.72831972356
5755.579493186055 -9073.689917244295
1714.7273090293627 -8348.625716585395
63.47308348159405 -9060.12006292617
-6829.193389519147 2996.3289139447293
5804.005508857383 1770.971282597181
-4471.061484575594 -1726.788204512724
-1792.886734037325 -5604.879066674029
-3746.212497518455 7316.702261368784
1048.8144562754983 -127.16024008185232
-670.8446373990732 9629.189517078907
5786.213161024224 430.3411035260262
-2492.4554300081413 -8825.473539422843
6318.457242371379 -576.8095572191432
-4166.87478801108 -5304.639628015817
2272.735788137035 7842.56246205615
-1866.1390925985431 7924.549645433954
-2882.1200706299696 7845.313105507812
-7422.199936357304 3112.8418911783874
4488.422117696242 -4488.900690675939
-203.0862007105847 -6921.321312173568
-4404.7768391711725 -2864.997293448457
-1134.9783137632594 9250.310845075704
5835.2936374857745 809.9498152788228
-4261.283463521532 -5963.420153355969
-4214.664173027927 6436.421685143079
1765.5273165534845 7205.9591608127475
-2396.2116251429597 9884.650584240482
-1370.2882714303446 -6481.835879878446
-488.9255180701512 -8791.252918146498
6394.14357672936 -2080.8286521038663
-2847.5991450709766 7500.5587059449335
-2069.7101601162367 7062.008668674828
5272.9597151207345 -7272.490540277265
-4298.157635511435 -2267.061816172015
-619.4186776462443 -10088.666259151922
355.7852693449191 -9436.214722139783
-3443.3695903632415 7300.266537292654
-1525.0168139564305 -12180.12064137363
6797.965721784248 -1551.5271471378276
1225.9698663767033 -7757.037372978266
-4441.616606648947 8025.83230932419
-6559.653146207182 7260.191371575627
3516.0230777888087 5815.712410240117
-965.468805819658 8860.594596665085
5868.57618688842 -7763.692439597444
-1408.9056770321556 7501.680969517938
-2830.369982728329 8446.794039023789
3132.5884955314264 5643.745814596344
-4397.834198539017 68.20212656850006
2834.2334979926954 -7181.029078304508
5721.341193702308 -6946.872471655103
-3052.208488928448 9010.628754771042
190.95371228462065 698.4680416489668
-215.5043437672752 -9349.87260171731
-4976.593644309528 6490.621330591844
-6396.125390531215 5271.824637721351
4990.436750942181 3000.970326581126
5030.821838881322 -8896.857370930464
5734.944803161516 1481.720417736086
-1411.8960828389227 6684.728847617169
2934.94154471555 4855.456539928135
-304.5715743113115 -7233.560376781309
2919.2572517434232 -6956.145576373619
-3368.0330047191424 8555.614011533326
-3011.4198133853324 9753.140628766163
4843.245098617073 -5211.88598547474
3531.8082533711 -8410.772574392302
-1626.7448891484785 -5428.008739533269
5699.3244600493135 -3919.999004734879
-3185.082346702206 8545.94894065261
6539.761719901201 2583.9622956743733
5616.692123422705 -8062.2898602639825
-7018.52069204842 3009.6896065091355
198.58465407286928 -7810.580784390351
4771.0140843277895 -9025.577536203487
3121.8125224659407 6185.09123126853
-2483.4171067264706 7562.3450474716465
4972.694358888625 -4353.863990940903
-3822.7872489044207 6156.151175080677
175.32162327303712 -2654.0173698505605
-4142.421084378227 -2387.654988012928
-893.168248722948 -8721.204864151594
-603.0145291007263 -9904.332778429398
5674.693584449525 636.8860020592842
-3429.6303020282094 -3092.797033248408
-287.2986157090475 -8238.754917811844
52.58997138623653 -6748.666708966767
-1393.7686815961088 -8334.416204705385
5837.116714411463 -2090.3256422729864
-2946.9848621546626 8168.947765846771
-4871.282368350471 -2994.08074997795
-5157.757391143101 7694.485718083724
-2822.8242597877884 -4738.44054955709
-2944.2185628461375 10038.94389768089
687.3974206693897 28.337856899581993
5537.157500348084 -3143.057869818075
-392.3100369287273 -7606.324877360075
5097.010038336942 -6751.84816384677
-3968.0499358809057 8890.606855119573
-1905.3008750409233 10196.746246282246
-6356.813038023754 7540.497818310307
-5294.5684561029975 7579.960302712975
-4195.537227661001 -5740.558566135207
-4901.589521738773 7870.400937500954
5381.303621481381 -7831.321046823949
5370.154260100392 -3134.8008859353286
5559.223755217351 -3362.1443610239457
-2339.745820642456 7940.093003913284
-465.76569925445483 9714.381336413928
-4944.850465905803 7720.716903030488
4764.935241390159 -4091.976014948573
4810.515298837399 -6244.282535513217
3618.8405673493166 -9361.89110871937
4108.139832286521 4532.458196973567
-4206.3050707214 8028.986471762114
1438.989174364211 8243.145777303898
-4835.794467548448 -2680.953308108964
-6488.800786135828 4275.007683048855
2896.4422999390827 -8415.686514435016
-4460.746338346564 8351.759723834815
-6877.900488613846 3461.704609551206
3007.5279629632573 -7090.959561451819
-4118.544321656854 -3476.2242862787803
5168.1741925717615 -7860.162277821661
-4802.014657606702 9318.617540652733
-4297.57590147944 -1264.5262807172758
-3221.4771803259405 -5658.1256260622795
3953.5642922996003 -8988.415713825882
-5344.99256929735 6633.460484489659
5961.121469893833 -7532.379656639315
-2949.9069037941035 8785.234306660865
3071.02244142749 -8565.744028834773
779.3686569840477 8959.075246634668
2566.9316416042025 -7239.793178076227
-5950.330809053974 5411.890625990611
4727.277560430304 -4647.113202552781
5945.719272397506 -3619.3835815137354
-5089.2368364166405 9604.962214074016
-1738.6684785981727 9123.741040828842
-4008.6344927624004 8518.227586137522
-3286.092538267795 9863.068615440536
-3338.8165655677717 9375.576553527731
87.08700710334453 9290.082381021932
5267.292959896522 -7705.199712187642
-933.7277879956246 9522.842050281019
-1975.6057710309315 -11530.137300085007
2520.261061670344 6650.038242904492
-5720.192406985094 7394.7655046268455
-1729.355020292886 6896.022910173632
4304.630884161735 -6870.126877338726
636.7417275162832 8925.903434558477
-1316.0822146710007 -5597.1007092642185
-352.4531139006373 -7811.705676131761
-1600.2079552403545 -6359.913968417437
2359.789045279578 6917.362072546704
-2517.625294934074 8380.827537853856
2451.1424927476482 7575.736843485746
-1767.2743877235966 -6304.591734391141
6581.858279947194 -6674.129359213381
4429.019493555848 -7936.8836157612095
-5896.798763679939 8675.709492434311
-2199.2384775922537 7178.667133902557
6431.3519865489625 -6272.887862652327
15.605378901545304 803.9328166783196
-3907.129267324413 -6419.107776684173
-5024.4605130521095 8807.211357120368
3816.3618963973495 6710.825480112955
-2907.5449157900994 -5136.381022270733
1373.580062092919 -7712.92307825327
-6735.625715575794 4384.412495934344
-4546.905240302829 -5188.956231582507
2281.0165277316355 -6916.2002077039615
-3669.446078865758 -5119.449620629299
5553.487705314036 2010.0381071363527
4460.420552821963 -6379.196434092499
-1111.4827512266259 -9744.18728936276
95.08846513425654 8969.916351868758
6569.14714782331 286.9711994929818
-4291.478982992404 6047.113222946026
-5761.562375068445 8459.231705084676
-4216.386590441791 8972.09345301844
6402.219226014655 -6900.6183165724615
-7186.545342192396 1980.6130572910529
-5811.7126890005675 7276.759921391146
2710.733712305913 -8068.667535713451
4091.5092205213823 -8734.84402431841
-4282.322036825233 8502.474082927567
-5723.459457217547 8631.521724628348
3544.8268593743956 6035.047632876052
1332.0830584066878 -8258.05313857414
5651.588311796637 -3034.7347203875424
-4408.555547365875 -1950.4617390097287
1650.0223916902917 -6463.221528380662
-559.7877067383305 -7302.915315610114
-3532.5854181571585 9125.426047016192
6086.241288694733 -7722.744400509741
4267.972344042687 -6413.873319294671
-4596.448303706246 -3241.729112618177
6438.980257943583 -6598.2371783098315
2753.1622974674997 -6853.765042917831
5012.5496087271895 -7236.209918959267
4673.250601790617 -6070.751716507684
-2433.850060150278 -8090.416205908857
-974.1551853229457 -6934.907631386995
-689.2825816844353 9459.971971922221
-1208.5328115746152 6168.870859732886
3351.602075066403 -8124.287992292432
-4609.78860410409 -5463.887898333391
2915.1369059017293 -7962.330333149485
-3332.538941867425 9673.290773937913
-4682.7167005164 7114.81048752007
5810.825865213987 -7932.315621199867
-423.1735934076179 -8960.339574318241
6133.385914197005 -2070.816921757156
2880.798517957144 -8178.597951847284
-4312.061168837087 -5757.593885727588
-1263.7394421405868 6531.1613098233065
-5412.408232440085 7541.658429788003
4926.782592757887 3828.8697250145437
6385.074709636025 36.59130986928636
5880.922480206359 -2535.571895932586
-850.9607565372636 9084.642819738043
-4115.424798853119 -5913.124645824293
3506.466339325608 -8182.858387240769
-4850.599208450418 8833.459840820533
-5902.946306592334 8922.563799412414
420.6543557838654 9274.048393951223
4433.351573165974 -8705.26532621147
432.9627956701551 -9073.846380581579
-4760.09220989298 7557.583946622031
-850.2559408599033 10274.7220509425
-3124.745829985339 7510.845949258797
4086.521356248997 -9026.919450871004
5778.1568942527 2120.247215181521
-1798.3370509849487 7179.907341183991
3789.1127290676586 -9096.804455284122
60.42129320754481 -7599.363750226832
-4718.134765711321 6385.827474502004
-3518.3451557219896 7144.005180171039
2760.4614092759707 -7518.629972382587
-2076.575217373831 9404.185524911029
1060.0222055421093 8635.443362286609
4760.339607764491 -8367.965973081766
3775.136244660879 -6874.27241019034
4583.705449689169 -8564.185302651822
-4124.324262078917 8899.333312627277
-823.3264808401826 -10022.915355917814
2058.615237267765 7317.7934100659495
-676.2995616474361 9290.55954538577
-5556.704731268599 7338.560077719548
-4692.321017096313 7961.148183802788
4628.074070642769 -7517.928724917507
2995.7291191290105 6750.392312991503
-2115.352357045078 -6067.920044312086
3713.75515142502 4616.808943340968
-2141.3786301803043 7972.602767008446
5772.933015661083 -8842.088222509117
6519.905258707321 434.16209182143393
-1316.1466463696422 7339.282851974286
2105.0647429996175 5986.802477135738
-3485.8908629671037 -3308.01919184326
3603.134638469624 -9168.680132833195
6003.158513772324 -3369.317654121939
3348.335325210489 -7895.994980538487
476.44014020444973 -8703.008978346756
4536.412542485833 -8903.783853681118
-1460.4525281144533 9090.274614015332
3074.5503304544545 6004.676107930868
6022.582863878008 5.823485589857558
-2064.0085097268066 -11636.529176139002
-6109.323128468808 8691.033451985366
-2331.046033534867 -8908.0787886811
5757.845130726421 -8025.31257868385
-6718.959584184576 4521.955744139941
-1897.1643153427895 -5789.212881637085
2237.4997053161705 -6645.908670639568
-1922.2861911168782 6593.672191943762
-2391.3726075540744 10143.993692015638
-1370.0021711993552 -5499.414209453907
4073.8797099213903 6885.5286303868525
6047.389233642438 -1803.2631368588477
-3299.715160744872 -5471.165606508843
1115.1725558984524 -25.880029275218426
1507.0590709483854 8088.901151147158
1591.0124192707924 8184.794595291945
-4295.009410824127 8203.262657680913
-5862.554010603925 2318.1456804748004
-1602.9881566922088 6909.219367487172
5835.584052544617 -8289.826896878729
1842.462851125781 -6589.388898575624
-4033.7299237652996 8023.164987138899
-1297.7786043288788 6835.912107614516
-2267.8880995099767 7362.4998318869875
-2908.3481661810406 -8900.27590775531
5526.108789720258 -8126.4163640530305
6344.190050429038 392.1842376164665
-3190.1146272221513 7308.576657531214
4385.569240732917 -7794.42099526826
-7334.584636236455 2950.6340130114795
-1179.5695119423422 9554.10182330038
-4379.576450792965 -2180.4811824795097
5773.092930233934 1283.4267773350573
1595.2200672063307 8019.1461554658945
-4141.977555946798 -5187.540039884294
4829.142357939411 -4489.705059929406
-2973.7454649449637 10211.720508769853
-3930.8905409474587 6090.75058843166
-1368.258215333963 7191.771773301077
4367.959674274258 -7486.708204472113
-2307.150711048892 8611.243607875062
5955.0140380132525 -2320.841969303397
4592.9344408374045 -7728.351665862986
-6764.680879823147 3540.066927250784
5799.019992744751 -8136.8905579361
4689.7268744624225 -4362.592839465357
-371.36780517260445 -8003.4323520544285
-2435.0882582620366 7384.250100217452
-2225.054554267068 -11439.520101847322
163.0423299222349 -8895.1743084665
-1158.5730245408906 8903.869629116176
-1219.5257780036684 7536.010516807006
-4289.757207342107 -5294.3475314683765
1302.7059868092701 8211.712959538674
-7071.83306397339 3324.8400778670875
-2994.995521042191 -6057.589003013578
154.33373595988098 980.8531303058185
-3443.0540844447 -3441.038847143028
1677.9067450457412 -6612.590933812226
5803.981138760168 -1225.4906776466012
-1286.8683041132576 9164.098596781323
-1525.5174029626007 -5774.780588702909
3977.513840639688 4618.8647996081345
-4415.740831307946 -1593.790443217351
-5602.468333825846 8578.094826816452
5325.4577801341065 -7963.797455359776
-1457.6092413683593 -5607.845014733405
-2534.046630651886 7802.475062336558
-3633.15877855863 7451.118536922967
2397.9060741738595 -8289.015434465737
5488.086350767936 -7003.131427840831
-3337.634229490164 -3359.936907440535
-1391.9471799151083 9513.312794338291
-4377.231217867029 8687.97237933708
-7101.147351860741 6558.333357504843
-264.12095066807814 8912.52279741322
4192.504032390588 -7277.9373732242275
4284.733748291498 -7093.265797619256
-3220.035502426639 -5288.548657350215
-4636.7790880058865 -3739.5668234111263
-2027.1790336584932 8015.681151324263
-2616.89101164253 -7660.135580703634
-265.0380080526947 -9010.528398470626
-1818.3411013639552 9874.933025505758
-2982.844864642534 8606.356154652685
-4773.478571603559 5220.8768181458245
-1184.8481393212244 -8211.588144943189
4945.30071448132 -4009.964668858214
-220.01684358579536 -9212.526061931176
2557.4872001375707 -8369.358025167858
