12.5 1.57237457845526 0.47123355042161463
37.5 1.263187697047207 0.2655935446067025
62.5 0.62203681443329 0.16941709655372514
87.5 0.376264428778922 0.13533299467296178
112.5 0.20897764924955126 0.11350032595745776
137.5 0.047951422132595345 0.09506769178961125
162.5 0.04079896254659529 0.08751587086995524
187.5 -0.09083955241974498 0.07607564733678107
212.5 0.11462175879671188 0.07815484345555283
237.5 -0.08789188806282722 0.0678567599318555
262.5 -0.0068055612323657255 0.06655502306104942
287.5 -0.0929698459774819 0.061133708517842625
312.5 0.06814632660303505 0.0632717422680362
337.5 -0.02336621879007178 0.058276520731038124
362.5 0.04008727072178869 0.05809294211489637
387.5 -0.023459212447858674 0.05423719290397869
412.5 -0.02925641835973658 0.053101713689587465
437.5 -0.009206770819161547 0.052103026900585866
462.5 -0.0964986697262793 0.04842652410833782
487.5 0.08439675757494482 0.051336816281146384
