573.615825818829 3501.8967047807564
925.1021580449863 3817.058514355627
1032.811204149396 3945.026995267876
1342.5906106279688 3713.6944526383613
1454.444495499765 3651.757331300733
2036.3852730209003 3834.3856343468083
2137.8406465851967 3506.8250903874286
1537.555806715885 3117.605142177742
1247.2188469370296 3261.644208963624
1473.152149534488 2946.90269253447
1166.9112953669082 2889.3724196556354
1330.7128091023937 3194.0791693281017
1389.0252746307792 2870.4273604987875
1413.1745127923361 2668.328961059051
922.824333379449 6208.559275449677
983.4149313141327 6103.558495214424
626.7646488778881 5300.527995168825
733.703267623824 5043.072495586916
-789.3561373248571 4329.3900610609235
-642.6009317624535 4311.078748292476
272.67349773085067 579.6655922992534
1020.3938604236822 651.803288084395
-26.627797981960345 -247.42246614476488
984.7200152768366 -203.12896061003926
-247.29024547846444 -447.91187951149726
402.97141700229173 32.73563271239092
425.0620145936564 -608.4221948585418
460.59415197278923 208.9056551325116
448.96681785504046 165.49362428659472
869.2609264550592 257.4506273692045
1212.2190880117437 -296.8515847505237
-107.30367942403694 -744.0552999695003
927.8301321762267 -322.1942289310383
796.5250462819901 -449.91309107348883
507.7150109382698 -585.7309129451415
-242.46936722449036 -381.2623499350568
-152.65676573889917 -531.1090207851656
564.5500686562775 -627.1621431891283
480.2241700210172 150.88749391864465
410.276056410469 35.45422379326133
403.77633183905436 -7.552169304197385
124.28748582732244 -769.6334888124177
160.9679812862399 265.0168278033681
363.88343344646086 -696.4119314604336
290.75026137661104 -749.6591459212801
29.611567794051073 730.4851420391195
57.423613109448 786.5640048059549
-278.35466917046705 -328.53661385055864
-71.57361404342319 -230.9725300124923
873.811279881532 299.184329125387
319.87404296404054 623.2656485811218
125.44120463043437 835.8826587180617
278.63327896871454 -168.19509450882003
337.30456517482105 -2.1098582739589453
601.3728936939559 159.03287503526485
581.1453215027192 62.766529266190005
612.8639463679996 42.89161207648636
700.2219207026302 409.88931316754747
832.1849625676073 402.7365608404821
889.4427004593276 307.53527375263
107.45733385516722 234.23280901353505
-344.17990841517707 -71.89562656169328
513.5101505563936 -83.23154304097073
117.92294454923591 232.25532777037017
-312.15453696636166 -127.92836399352107
-274.56734305703515 -139.89113492522637
261.8754404121898 907.3925881555715
338.9840648153586 843.5167087754586
468.00221649024877 630.6972362369748
582.7374962331857 429.06703487060884
586.3976916494653 -37.53128740602808
39.9724046709288 249.2420608366144
612.9846301117011 -11.943821838417817
648.5079192651631 -3.162754607097061
74.70568587418217 210.86159659188226
-17.44995073559136 -214.3836129959884
-10.01486569197464 -243.58990736705204
56.90626790268117 162.72502353682364
39.480307601993296 -183.33442221221404
-175.1356021135364 25.42757204533522
22.30536267344698 88.44348682127203
-139.47073195995264 105.75953275156658
75.61706357295452 4.1534814162255485
116.95633500803376 -45.723091812651205
-130.95430843388516 -33.452354790695765
96.7419920017004 -113.22695640642105
56.84166152201455 -114.44272400820391
11.226526108898943 -137.32664012284206
1257.821436530076 5589.473355421443
1317.5864614292157 5824.141113266818
3168.58136425326 1647.2339788614713
3182.2891908270435 1820.7446945668346
3315.6144144380705 1770.2670739693747
3711.5458760920274 8797.793851330607
3416.449739885668 9135.328729665718
3592.1387948869774 9051.333594666272
4860.65596296463 5416.196797348137
4725.200823839816 5309.8488752890335
3163.726785912213 1305.89883394428
2615.6874092973785 8843.304479836139
2656.871546459008 8714.694985879918
-703.5592904589079 5751.779162605206
-1745.782280380288 4509.064767763151
5216.647221093474 4285.572855824574
4819.076439726617 4997.825399742607
4931.076008576808 4890.066288510356
5219.524323773264 4796.925599656535
5405.936210320205 4794.4170503251635
-2031.6340522233347 4714.74467462176
-2069.669940502073 4766.71922896033
-2778.2009092595495 4037.956290061537
-2744.5335256989943 4090.7748419794175
-329.889693628893 801.9166084958407
-246.42442722499715 694.2676521298887
-438.3747501626146 671.1237947426861
-520.2940993469412 620.8140459459572
-307.63900044828995 752.9180962448366
-464.14195747813443 745.9032633890806
4081.817800319463 1287.885086960317
-965.8497771917403 2872.3476335667906
-467.13591465500525 2860.4332053282624
-676.5145554937947 2852.860351625123
5509.028961798091 3282.701175877038
5368.195001440664 2720.433811668778
5318.167280284764 3138.3584094216594
5166.688620804911 2858.706222653875
6802.789289772359 3953.6671533103067
6801.073422493148 3998.4160324754607
6706.154707425587 3609.8862975611337
6674.38408688978 3385.023842507575
6632.5081031434365 2862.7402728969764
6551.471957615371 3086.9776526303704
-3632.520452636846 4628.318871202081
6336.4904622062495 4138.234413586523
5818.836583068084 3523.530584278459
4367.071662915226 270.4372184335795
4284.995052637406 220.73010435535014
4204.809699389646 70.57020230956593
1767.6641731164498 969.5353552825269
1380.2802036644423 940.897161165607
353.5991485877146 1955.1123587299287
278.50343431433504 1990.8929883792548
-3361.717515476098 3373.9460800290794
-3315.685161090138 3338.264046991289
-1970.2983266692488 2444.8894150348333
-1780.797889244444 3345.6985102716717
-1442.5616900220346 2725.237652362098
882.0019019622908 3339.412175801704
-1631.47753915412 2601.6482989066885
-1818.8246828953436 2501.175360885388
1448.1415219732983 899.8452514989445
1306.7119102972706 1060.8880346300177
1249.4662036333377 925.0552378329011
-1657.4502608817543 3767.5123343246646
-3050.977003387393 2886.8128477084083
-3096.7934101616693 2995.9251572772664
-4014.1268616381217 1078.6601283156267
2048.3031660980505 1911.6432715169062
-4432.522337732434 2104.7969325033355
1382.192611758915 1377.9810143751638
-4892.053221550656 -628.6073378045712
1902.3142447836642 1104.4261763146337
-42.795067848721374 2655.209252070088
102.05725770409242 3577.1429138141198
113.00951855392978 3545.417649058277
-4348.344138684045 1874.1870696207884
-4612.558483970769 1731.5546067126254
-4435.103242505767 199.24235786418492
1701.463834015164 1586.5435627250686
1731.1498101069778 1386.0380843655018
-4945.229709424044 -1076.4923493230988
567.9001176874581 1755.362837748772
1990.3975295000675 1685.442883820786
1800.3396490396078 1089.8526059991423
1709.457625866951 1127.3865697877063
-5237.8684918670015 -949.8579949252927
1949.741965686736 1496.4665219573276
2028.6719788944156 1268.5918365920427
856.0479238613494 1797.252666319606
-3633.0872077710765 2587.524881166743
1253.912931949625 2244.109666886058
121.55995190993515 3409.4915505155736
1321.3159335776425 1663.451795428645
1282.252587845461 1346.9859096148216
-4874.54008182241 -563.4391009852052
-4062.6062563236105 2138.697435411628
-4208.453241966172 2210.388260622095
-3962.294601225585 1593.8375794272524
-5043.189284391461 -748.3895561654002
930.6690908280312 2187.1887870923674
757.1261509307864 2270.0270068249233
1010.1103806044783 2087.2693243630856
-5032.388314226404 -644.7649440247982
-4995.577669028113 -892.5029933347741
1312.2934793032628 1650.0962815204823
-1696.6105020219463 3580.401529679011
679.1419582637832 3174.0936736853782
-638.1257034933502 3587.5293899581575
-734.2710264102922 3727.318663048335
1455.6063945157107 1752.0808032543298
1171.3013496740289 1882.3467575729592
1123.8471068816425 1807.3634457538542
-1941.8924495503209 3413.355149631417
-2049.211462062196 3584.1208229916097
-2679.676440904365 3554.440305137445
1464.969748569256 1458.0254106676753
1428.9013489669844 1428.17307654304
-3891.838680383203 1668.569430624355
-5165.3802876942955 -580.8602370570635
-2674.5983224428355 3835.7697108096104
188.44163605430668 2833.7058050408473
-5117.140778569896 -894.8117301691534
-5004.154744381789 -944.4753324148562
-2276.374793256373 3763.614835624463
-2501.423904069872 3698.6736913699806
347.01991576793654 3285.773346392756
-4640.827748458597 912.9134007150872
-4720.760154532037 607.8549951716609
769.044171769018 2821.951242726626
-4748.3689246980475 -362.9426569919402
-3105.4149252338398 3334.5422890196405
-3828.6106518430565 1404.6598132646373
-3780.0414398062367 1614.40363259368
-3785.626613540506 1391.0244415151412
-4744.9824199345185 317.63660371132556
-2996.5776327700282 1828.6249659357154
-3812.4917620531805 1274.4499364839508
-3803.2571227538233 1373.4815001585253
-4827.309865177953 62.71096931888377
-4533.151830394865 312.96326256079675
-2416.024609827726 3379.201919823074
-2439.9139923470925 2237.5310648295053
-2634.789383162369 2006.285545484387
-3616.47541960729 1527.877309859934
-3728.5089354292127 1375.6462944815505
-4731.739053581129 -77.27871829290027
-4146.310666374992 1067.5129796521992
-2982.6419708137078 2818.1349337319252
-4728.802800007628 -42.27937851727247
-4279.082750130845 751.0863368445665
-4881.51775850263 -240.4976635692511
-4696.656981555946 -89.33196067807543
-4354.344640296102 720.4004049090241
-4243.229356140596 820.8298619320701
-2872.2651968058667 3344.6867806120304
-3422.2463516584144 1698.892434442197
-2768.0808270201815 3215.6142317894632
-2962.411232696456 3152.3897404692284
-921.0683201331962 3599.9994469384374
-3234.2902968017434 1873.3929651130206
170.03883224687263 3224.710052153372
-2705.9995345193915 2954.7817794775424
403.02961359401985 3065.572663393591
-3827.412627766203 2289.925570868906
612.8616934154581 2699.3559406807763
-3122.308554635867 2123.407110355528
609.8912242040275 3028.204098285485
551.3396146978894 2978.3186288853544
-872.7617516234482 3447.131638039754
-932.8075819551327 3329.8198198405403
-2244.4464537463787 3129.5431697603717
-2459.737766478582 3091.2657565807062
-1076.291344867225 3343.2181070826537
-1431.3447353904387 3046.277715514146
-1619.4890640085298 3051.309183047379
-3652.7566404203935 2030.2802546143994
-158.39483233047395 3358.343383115452
-3305.567812622806 2501.669621730828
-383.6227747912989 3414.280475306128
-561.5723972453949 3360.7484291315886
-1565.3898692491155 3301.386025316859
-1938.0071594238545 3182.185609402134
-1781.5621155588472 3037.0010643916708
-2856.5131446777273 2219.69182621059
-3057.6429871059713 2295.683457071743
-1295.5044986085775 3288.449585054965
-1289.9161381744018 3291.6170620504463
-2781.1435842181186 2490.3611938591143
-3412.640675981131 2151.9844585178375
-1492.3738437503093 3218.5077734202227
-3348.9504229555237 2292.4839645146503
-3268.672589049041 2272.567384147519
-2510.853338656628 2717.396958955295
-1785.6987824157682 3247.705310262808
-1958.8767853202933 3025.279032911924
-2244.5954652154046 2880.264034272692
5902.008591778872 3028.8098618163976
5830.233548364295 2285.0543065738148
5937.815684421497 1999.3974021818694
5766.776305206664 1577.8608238433505
5733.713243500921 1577.344647385913
3424.594452132568 -341.5961231930709
3606.014655760331 -402.80160648204014
-3418.792350770871 3261.6553089730983
-3529.8950357525628 3082.1235272343743
6349.7324627428225 2636.7951735412134
6841.287983486788 2410.985704643686
6976.636228787498 2458.76399262976
6374.702505080008 2432.4201964444264
6565.4087577291375 2679.0499736481283
6558.0366325091545 2518.524795820121
2943.2016130936518 -258.93054206782057
2708.112216259891 -404.14411237297327
5512.759307515088 1118.7465302912624
7276.160618185338 1937.1614437947192
3458.61783019002 -1020.804620468932
3247.2479583504864 -1495.6382152529693
2860.3034960943814 -1045.3074288263144
3175.6732860429843 -782.8931914018065
3003.8574576955234 -934.4523248071262
-4343.765811347998 2679.108470699526
-4496.395853954995 2486.194082667526
-4437.882038809017 2719.0895157471714
-4761.05868930703 2315.461809082357
-4741.0175682274385 2509.8771636536785
2149.51195534551 -874.1747810525851
2149.702926521369 -985.3584458773889
2377.8090721629146 1897.092525386112
2455.61639939951 901.8050625141115
2444.6045545733105 2525.7833390771757
2616.4139818739645 -245.86844444031908
2448.0902038187464 2235.7368258676825
2385.003735421659 2251.0273563410624
2228.490582431167 732.3359036416056
2372.705629875656 -335.24794772375793
1938.5898091771003 534.0732098393529
1854.1568040264426 421.1734952357955
2704.2209862146856 280.4721312769651
2630.0668722690666 1537.2908789589567
2541.60346794951 1219.325564509069
2521.5376296079917 1021.0702797723206
2395.824484465051 199.2123150518668
2370.0055601448244 -704.020130762772
1819.7870272867349 -286.43173467206697
1605.1854296506494 -309.9477676301724
2398.9143311805515 768.720244191195
2433.8537094594394 88.0758595320801
2276.5548837837728 -70.7542038711353
2292.276774344205 -549.6966767864855
2243.360009086692 535.8930160280461
2086.1658492380598 613.4224553718409
2099.00257337034 -337.43769306675597
2197.489364447831 -468.0138617620134
-1096.947651835547 164.3738437398583
-877.769106363466 160.82281191506968
-1024.1250531134897 21.46798224221169
-4621.1771459793035 2499.6151082336705
5983.172286189218 643.0369560315861
5872.510797462649 34.60200154026147
6190.863812251878 -7.511828403315825
6311.097337905257 -495.11007442696314
6101.630119624913 -416.43212383633295
-4803.511334488467 1500.8234185543474
-4742.489066294624 1470.0883083038257
-5623.040591282197 1301.5302152313288
-5360.264153389222 1373.1315343672666
-5646.9778948063085 1203.2868964686586
-5739.814176040884 1112.4455568905207
-5281.469724302656 1048.0384466375815
-5540.903859791828 993.0171988408753
-5488.526958314497 590.6398198007261
-5646.1608402291795 365.4727347305195
6477.207222268585 -881.5295150386847
6385.090893850347 -858.3494231640151
-625.4813863008313 -70.804351422347
5685.848361956998 -1029.94353039583
-2141.130550757188 1470.0044061289325
-5235.389995091662 384.5579890411791
-5109.561380014973 443.67152339753886
5249.343111023107 -1117.4541216471919
5396.595970565585 -1177.5532852127033
5254.667476753754 -1100.65359867675
-1342.5899379161428 447.58391490860276
-1871.4225589892712 118.13432921011515
-1972.1035687244014 46.98941544316505
-843.6272657940556 484.81052887399653
-744.5704527732673 369.9251495637236
-1058.7847518425062 520.1158736698927
-1582.0907158167454 358.3120222406801
-1277.5610372836122 492.261528125116
-1452.792046800581 429.3320506179202
-6134.884345169353 309.9359046984969
2448.5051480993716 -1499.5293400692008
1641.2478986866424 -1938.5642584516233
2145.4326680261906 -1694.1310518361627
1902.9121299822455 -1854.324742419479
1984.163800051407 -1856.595876061161
2201.4905128229975 -1456.1381824704692
2416.615432095358 -1615.4450714376046
2176.2951893645604 -1573.6383888010778
-5383.2387647112555 66.79659477443039
-6929.244505293742 -1567.3473618714138
-6972.47344016478 -1805.6855809091132
-6914.299999293841 -1940.3860385729404
1098.778012515082 -1483.5431931957837
1547.7701460081246 -1365.177528499619
1214.2266584742217 -1456.158013486491
1296.4683551299856 -1869.9439428213184
-9159.043236155358 -795.4044137949879
5197.898205432518 -3538.1939805534007
5245.662619788532 -3384.4382272269722
5232.490464115754 -3462.4870743369706
-3094.6093396055967 -7.932757155406557
-3614.7192695689782 290.43477900435823
-3385.061262736395 -355.6068640322754
-3527.970122086255 214.63622575062533
-3494.9995590468093 -7.281966321739343
-3661.952068694 -560.5427890421754
-3841.725297280409 -833.218250112376
-1595.7920948968838 -1006.0246530300908
-2471.539192003395 -47.10573341431156
-2966.8607284258987 -555.6262268629139
-2890.9142304811494 -1247.0205174211283
-2572.4522992714265 -1230.3076423590023
-2494.3730387708592 -1353.0924740764958
-2429.846427221703 -496.2279686225455
-2653.392925912927 -267.77040215418936
-2793.9958236433117 -893.2246864023892
-2685.774191971775 -1047.9952909295823
-2282.7498782053617 -377.6751897400552
-2168.4781724595523 -285.7234329449314
-2804.6291631347917 -444.032419866483
-2639.9137067839847 -504.09832978244896
-6298.2028838530205 -3007.466336466547
-6154.734933140431 -1839.1439930383933
-5916.901247638012 -1847.7897041014298
-6557.28960369082 -4396.037639805493
-6052.245814089412 -5302.502244073829
-6634.707753803542 -5115.142175825831
-6051.681958668448 -4136.546095081472
-6947.330361114351 -4046.3692564832636
-6862.371225723643 -3969.9423065709952
-6793.8575366393925 -4821.379746730215
-6402.309278070319 -4097.946807909244
-6589.121211195965 -4046.9145924668205
-6369.096062169356 -5255.286262420918
-6747.353253579078 -4610.797109242246
-6834.8290812058885 -5045.2142532915295
-6130.014946278598 -4669.611233297974
-5837.723802029345 -3666.2291610458537
-5976.060990463705 -3862.4840532556877
-6040.6154394961295 -6512.5824645214025
-5195.4685397426365 -1376.5181209559125
-5474.588132183097 -1317.0741810578038
-6142.983652264411 -5225.799068017075
-6247.903546350892 -6148.606736094
-5516.486138272502 -2297.5319455203903
-5627.359829944664 -2592.1326976775886
-6539.147184003062 -3344.9979904286815
-6719.8296201343765 -3707.2957973960542
-6085.681298255414 -6323.967552490718
-5441.40371367065 -2031.9341103645427
-5553.608419039296 -2269.64970492633
-5869.929591833209 -2197.9981463871704
-5978.519061497537 -2306.9767185248434
-6106.22262799687 -3566.2894069312524
-6129.054870133814 -5994.619156005795
-5560.877456725995 -1733.2125005207693
-5340.69887274458 -1704.805756675447
-5605.662542906485 -2003.5888951888953
-5648.516874901479 -2158.011488348746
-6292.8518138401505 -2999.3967121176865
-6172.932756870583 -5591.556127464027
-6180.159002534573 -5716.549977614126
-6082.057351060558 -3165.6604938733017
-6053.042566405998 -2908.586410305602
-5978.684789848077 -2535.7348400861943
-6039.49867755288 -2775.991572931755
1756.116222501388 -3013.2360754641154
-1942.0829816981761 -1236.9527337616305
117.52534942662194 -4808.813855437527
5203.848439634969 -151.85078957238616
-1485.8891089539154 -1295.7045425721653
818.4802764866743 -2915.8677991399627
4247.936616201899 -2082.440687264755
109.44991420594302 -3186.8144842867005
4736.255491197162 -1680.610358105772
3120.608764297602 -3454.55633926644
3352.7259970139676 -2709.3862662104048
3583.2000456703176 -3068.6272648430645
4778.416292843307 1454.8961928360386
4794.942861550479 1382.718841031974
-1059.3551243987465 -2852.7991797256627
420.9576227614738 -4866.922120394707
421.18872049445264 -4429.91137521341
156.2058129882597 -5192.155742579895
3297.2106982559376 -3191.3555205763123
-1051.210296104128 -2207.435516299701
48.07079938029867 -4920.922594202945
3497.8401676167327 -3573.403734103026
3320.258627852701 -3480.4255078830975
291.8903433432921 -5104.288437864139
86.489808957253 -5098.149970390081
-2012.5751083658454 -1309.678180043804
535.5389468418534 -2718.260176048657
425.6337743292508 -2780.490545223167
-1242.2009755464808 -1974.023515770744
-2218.246548189909 -1453.2352225861257
-1941.5740833051598 -1782.602274930324
4659.411122845129 694.6526005749903
4686.718157878823 929.7352679284294
1567.385364474345 -2785.476415184001
-2030.8563826258542 -1037.911511976431
1691.5064530003274 -3220.304153218268
-2171.821380553653 -1168.9438959955085
-1955.0239273943823 -1500.6033044504666
1416.730013248852 -3153.3326452208435
1017.0399963486606 -2836.0906488697537
-1865.3380129782033 -1470.7618705049879
-2012.8346868777573 -1362.764712791703
26.247631580231886 -2970.8784364438743
1316.2761075862568 -2662.842516310717
1395.9079555104547 -3166.834400479702
1407.553512625485 -2702.7217428062204
1219.167474076681 -2755.5170576767023
3791.842952188762 -2732.9226200540274
751.2126073233661 -3684.8918120723724
-1660.3977483057433 -1932.4414928661424
4469.670183771502 -30.155697485361316
2883.384676312633 -2198.096687478222
5366.334399475007 600.7656184438888
5516.580902848988 624.9995692047663
4696.029646589992 -2216.7382770179447
4557.415441032554 -1927.2159339762875
1238.2280275505643 -3485.1785620928745
3819.2726888590905 -1950.5978604211643
-1491.1647193083547 -1618.3943466265105
-1432.6028967299835 -1543.8396600121798
183.97622485907092 -2719.021460396217
4785.638530953313 -1774.3708911512797
4847.683030992163 931.1456811868354
4990.631723901182 1154.1197603965747
4799.210588700349 1013.7744768106144
3861.1432827362646 -1263.6806397761352
3808.0799004711293 -1489.1896853292249
-978.9472638549316 -3176.308764968292
4797.0147011057925 -1630.7240686106065
3352.485505484813 -2373.098403858474
-180.0294081302205 -2681.738707271117
1806.7090205204108 -2739.4439143914706
-10.49847726763256 -2759.059466433132
-237.87826661181842 -2849.41504992866
-1382.0528246419829 -2073.004487062218
-2339.3032241423025 -1733.3011697862119
3519.660396082634 -1653.261105840254
-755.5394063627695 -2517.032612264598
-1148.2302499627185 -2352.2707470302967
-1600.060590872668 -1864.6624172888476
2465.328103328578 -2431.5582584733475
4244.807356249102 -1911.7801027225898
-1609.8697469066847 -1978.3650456018836
-1590.6789757629476 -1863.7223094980766
-2200.594279632391 -1952.0937296051839
-1700.0586074229543 -2104.2914701345703
4825.619823142195 -1403.0639216026773
-1789.4976390009015 -2263.484239396774
5399.459822564765 -508.3814476192257
5482.940124724248 -294.1439399509821
3153.7889559283717 -2336.430428116624
4919.059184854777 -1234.033518750549
4840.2243390118265 -1047.372254290079
2068.141061078859 -3388.167810972296
-1857.4919115571852 -2119.12334153625
-1776.70854210202 -2471.4695864405135
-2044.7664252769107 -2200.055074248906
-2069.453567301058 -2343.7222304065467
-1179.9883944395463 -3189.5275387903416
4426.614510867049 -1024.8221304049378
3739.8835142257853 -1383.939095794198
3684.9586589323176 -1451.6377654434957
2699.5016063506982 -2753.543060200032
4631.068489720636 -856.8866225889337
1835.1491610556802 -2804.8327575876406
-1296.8216175126363 -2747.5593611382187
5414.589120969419 152.26776079657714
5305.361286044243 -24.690573637062965
1975.9883162200736 -2692.1814748184834
2130.8904069433866 -2647.342119821088
-1702.4565885233346 -2645.294438810901
4265.158124842847 -856.187518848185
4106.738799791174 -1053.6241884279727
2394.4124913816063 -2928.7154139562067
4930.684809088403 118.04435238986045
-77.9110119784011 -3514.479365330537
4326.073779131969 -550.2443977995722
4870.905683006551 -232.90299102510514
5300.780169010963 -687.7296747260883
3193.8996143338577 -1878.7335746776566
4674.771883740235 389.7026710641956
5102.87787981607 -119.37998570310585
4904.870329450875 -393.49145582901946
5087.218585035671 -826.0709362579297
4987.266489756856 -628.2496258029322
-1335.970345893105 -2977.642706344628
4450.087380180412 -286.68679104840004
4452.234650119112 -416.0110121019851
-1017.2504789590498 -2770.74686390483
-1496.0621224098593 -3013.477091975675
-1509.7265760878051 -2919.2337161293362
4648.486886049168 -133.68100443655922
4216.968658528864 -1408.1733971679141
4755.531544816508 481.24287919264765
4676.003963092811 99.06285377165469
-1218.687487551306 -3083.5459149683907
3659.0360397825098 -2451.8216016903
-1108.3725690836725 -2915.943589431073
3593.3048865925757 -2157.624075452875
3768.464262397238 -2321.8641131639283
771.7142778851874 -3411.4932882084713
-496.58706051439304 -3187.5526710616004
3388.81732533757 -1726.9719860532673
3253.3172709971327 -1915.1730866472403
478.4865333226362 -3810.06163061728
4035.2087632614007 -2157.270144235152
3079.322272398063 -2161.159574866518
-1002.0258110056449 -3083.7636420927715
3456.402911546591 -1903.1884429425327
2496.7230035927414 -2454.48712696375
248.941827050923 -3500.9178198874692
3945.2823357916573 -1846.7824446682405
3665.5076832378045 -1734.1611316878025
3524.949565310608 -1764.3435440574099
985.2816773404263 -3455.0421167088484
-795.0353912855857 -3251.578761854448
1820.2574013288627 -3061.0132452650355
2091.4897157512914 -2957.790547502789
2237.572277109605 -3190.1633197557667
-514.334029898939 -3258.068548254662
-465.7605376201444 -3302.471640729675
559.5973221918316 -3389.3090504033303
513.4429256148665 -3500.0228892659666
256.4802924711513 -3362.0670593942905
2350.4729280668103 -2740.230865841161
1088.2621996621833 -3281.752388570524
1124.4797878316197 -3298.1038518655832
1472.6766466188028 -3186.713909366252
1210.793948752488 -3277.4558037692036
-133.83414253114782 -3303.906586041915
-58.64581308638987 -3274.1839322317505
2835.8268263403975 -2352.6283731303915
2587.284354723099 -2431.36405420388
2598.722032127307 -2496.232060797731
2639.783517471629 -2503.8688057495483
4704.6119206886615 -5076.364915484319
4462.766601264777 -2669.918197801838
4357.138562328134 -2750.533887443335
4713.018188380888 -3780.7329617542196
4557.661412654399 -5206.148502476375
3075.6077632263004 -3881.1682017654734
2682.4319383889333 -4050.65107404006
2707.137299101047 -3935.2672664711545
3122.5521833806747 -3947.269537206813
2808.0107768487887 -4000.554297934193
2937.299792397566 -3854.0447424926306
-1472.5103020258744 -574.634163851526
-1554.661943698354 -783.8547006514627
-1499.7844114341376 -684.8035226850086
-1553.4979025460111 -719.5927631859067
-2164.9981415919783 -738.7366360217806
-2265.610355284614 -1045.9023843065152
629.0128095387985 -2020.5298419674828
859.7608936993948 -2001.3251415066973
825.3536306467815 -2110.7197090299924
1065.8363287210973 -1952.9742782784078
920.3465826396621 -2112.546215995205
2400.8591056698215 -5420.472202718903
2704.269959475479 -6023.932413693461
2440.5023777899537 -3907.2979997327297
2442.0009054662396 -4185.871699624805
3603.0735724238707 -7223.926353960397
-7169.062776743482 -5159.471833744903
-7102.572823467251 -4958.953088750426
1959.7093814632383 -3752.9620429051165
1971.5801873918708 -4016.928977706197
-3726.958127507547 -1937.9396374966116
-6876.83886666646 -8352.12500754976
-6810.143663257331 -7508.910096242697
-6847.4523624456815 -7707.259096965174
1142.5561482694086 -5257.940472304129
1256.9698701718455 -5699.200899597608
-5845.75908783401 -8597.755867966172
-6994.854633758627 -6121.778948049931
-6999.171836833962 -7089.461013525578
-6954.610196205722 -7036.757399151254
-6944.1832643239595 -6730.898475565828
-6906.159143634415 -6522.24426198832
-6037.884268713185 -7724.992018608282
-6011.986663043607 -7889.015978399754
-6844.779926508918 -8799.015566981227
-5628.57333891278 -4504.315541752665
-5680.921903593975 -4448.833846209907
-6622.032195375573 -9089.338931781263
-592.4435206908803 -1152.012171002462
-773.168504104869 -285.34829268255106
-247.34830535035059 -905.434339122145
-353.4055658933839 -1041.46238491202
-808.3781002555305 -372.5329065917113
-808.7102642767825 -406.4410297552539
-658.3953011548746 -893.4801288993594
-575.4867675789438 -958.0141868683779
-792.9649418151831 -581.7050768442004
-782.2624461296294 -714.8063522710225
-778.3263332292745 -703.1231022804275
-756.4764007532423 -798.0467557724545
1113.5836037213164 -4018.144626673367
-3622.521063033106 -2301.4211544914474
-2927.628083241555 -3639.1168947037713
-2955.299177286283 -3549.859185995808
-3242.340432253213 -3332.9684931521933
-3118.2030756186136 -3223.1155977285325
-3054.7175997353074 -3821.5014077334868
-4083.105242580422 -3051.620118238308
-4082.9995777086474 -9805.151556355964
-4205.651406502009 -9900.145102511888
-1094.1441319565997 -7619.220576417394
-5109.743097589847 -9104.774720238143
-926.1234699273684 -4734.541916630518
-2336.293296833118 -2965.5059539896756
-2360.673731391742 -3023.27417732473
-3210.2764622121726 -6941.656557284827
-1477.6305548797263 -5016.143953660911
-1378.0213876642079 -5991.862492878789
-1639.9445993968525 -5912.719924243196
-1890.5752879723098 -7865.009195889512
-1980.8567853780498 -7879.108049867591
-1974.2192410507218 -7765.051043912364
-2780.8169306776504 -7763.254642724156
-4532.128019737964 -5169.156747535267
-130.68020381352574 -4585.301134983865
-134.49544334734702 -4386.880254864586
-3727.9597187347467 -6584.981150266308
-3214.8994516754055 -7439.943167925368
-4106.191137179928 -6634.251994192464
-4245.612911453092 -6158.107009116435
-4080.9874267980476 -6404.066263678409
-4149.139001255028 -6204.301575531461
-1676.1135950586613 -3388.172386303708
-1257.687143082637 -4046.7701127449645
