196.3217052238061 659.7800442360917
398.05345091012504 518.9308322569917
-1436.8584626401791 -6433.682183589759
522.331251762397 433.94233853284095
-132.8453081056974 641.6054811560688
-213.8177590890302 653.5345081068149
-523.2234228694565 -345.43281380995467
443.1670730069849 -554.4931206534362
720.905712662989 49.083129992964054
-5888.8716364371285 5288.563487426824
550.888788858309 -437.0221676384291
4874.517147024306 -3942.021540849515
1517.970679931976 6932.3244173562725
-655.2622034796589 51.82986891082505
-3262.906918996354 6569.4539078453045
-325.00926879231076 -530.2022978070994
-477.84580133818537 425.73578430132005
5410.629922198943 -2976.6521635359104
-2007.8612398431685 -7016.330930709276
-5723.971192501744 2641.9594517852966
-551.4199076064396 325.45127567732305
28.425164799481273 -4.4388493956535
4762.965023894495 -4925.672030490484
-6055.167588685213 757.1500377352307
-5855.084501389592 5505.837428105392
4346.162235561713 -5219.703722289756
-2602.4382570112043 6427.8679110450375
584.6752383258705 -219.75665404962538
-4856.735141476187 7537.107654049917
324.5284805069321 -603.6825509205111
4237.76727013343 -5959.345849799442
874.3872797757284 7693.915052860549
3341.1415424658067 -6515.91821223226
-5662.036831600864 3210.6766120706347
2600.233492918004 -9629.160903869773
-5258.402746764678 6818.287173347215
-3448.3039583422533 -3315.165901620027
-5459.780128257346 6758.972282162626
3399.5402228716216 1987.6019924214952
-42.30462448438335 -682.974947937184
645.9057338859757 7705.357430357318
4107.4319827123745 3461.0782659566416
205.88980910122314 -652.8729662680402
3955.1643597180478 -7851.186517493829
364.5986792828157 8080.1684645734995
-5841.889751245504 2192.583368040177
3011.2592929821194 -6133.8466077144585
-4770.120381762676 7391.0396571273595
53.10294366854378 -719.2571238135131
5953.870031981227 -3968.175510841232
-5419.473468590642 3375.0582648880973
-5826.7294607373315 1768.1078216467672
2922.215209367625 -6631.875858495854
-2977.10791944626 -6229.1676831311
1301.8045272230213 7097.5355166947975
-3498.184496240514 -5574.677509328205
-4788.284897681973 -2451.416020490166
5902.853098901501 -4605.167153839269
-3863.7799525883074 -2365.100370556376
-3466.4031499505118 6688.27171572563
3090.1094099156444 -5967.686435070588
-4313.453581040438 6546.102398225831
-1410.442391050059 7808.161387391295
-4880.433674070992 2740.266923200189
-172.5837020111199 -263.7408000457974
-4803.2879857919215 1862.2037148295913
-4573.146489847243 -3038.6365435297967
-6753.058562218987 2681.957654890906
-2880.2327673857008 6846.536025985886
4478.871441018252 -4994.830159948235
-5478.6137805839835 3250.404093165067
-294.0669206429572 265.31749949505155
-1431.8437902667704 -8212.365968914668
-1287.5397683100505 -7433.543610121729
-2952.410784626141 6968.271284309142
2682.8215176595686 -6552.0929112965905
3580.157565446021 1583.120601050041
-1717.055793143455 7253.234923528881
-6295.4041527608 3281.4699675045204
4896.035064549217 -4900.881472657849
85.13023585176343 -523.9562595543566
-1811.7410542145417 6889.35889506359
2675.4233876960175 -6439.876755669514
2254.3748440610043 -6377.743675447251
-3708.04328842035 -4921.536202500388
4843.515670197233 4263.613708181183
5433.637846339775 -5758.203262476484
5258.208918380419 -3243.056705440638
5450.8688501183615 -5338.470611762238
6498.867001066609 -4937.7625939097115
3916.3684582033575 -6289.7044557412455
4077.225177583162 -5713.384262647412
-4506.758036963301 6996.76176961304
3816.361420190384 -5697.085773721086
5101.861980301684 -2330.949558611299
-4023.3931668505757 7303.5266714287
-605.6115069670766 -7511.775883955331
3883.619195370752 -6084.842972328059
5273.458094192576 -5712.305926696426
-5481.821761551085 4028.7031172910556
3374.927676563189 -6298.656742814616
5588.170738595623 2308.930787186666
3396.038132882467 -6035.073983295785
2771.8656725989954 -6054.0627529514295
5670.953217884002 -6682.288934876824
-1708.2097286923574 6340.743935688594
-5330.5307200132465 -1038.3003275764438
-5668.504858638813 5789.566087981979
420.6102749442347 -17.780983386739695
-39.50948192071976 -238.89814560719847
-3208.009575457195 7050.307516462844
3523.249790537074 -8743.07875456055
129.75372495515555 8625.923320746595
5359.566813851181 -2591.278446920661
3633.3104087931038 -5936.756321987629
-3895.7060904621467 -4605.023676039254
-5440.2734747472205 3933.7052364055967
251.267504776104 118.29655743637014
1065.2537025675665 -8335.90886335854
-1782.1964383387851 7462.838040959565
5625.706145427573 -2541.706678835758
-90.57538485428942 146.44083814669463
3578.8687590030854 -8662.391711843136
-4488.291585302266 -3206.6781447446187
4327.172139529152 -5661.400252554216
-6559.1314436849525 3875.7796792856752
994.5210524183557 5920.47690224757
2047.0071949896126 -6102.675492283259
-3366.7507984920844 6295.812821057016
-3294.210607117654 5974.01126383332
-2201.0878267802636 6324.374795714082
-5461.38392858718 3670.122483013614
-4945.833497433268 8061.342269067313
6485.648066342316 -601.867941974324
2546.6401351001164 -7843.261474655128
-5924.520438659412 137.92326134556254
-2368.6747650638317 6482.375293564272
-4413.991957368356 -3506.5118534808726
534.7209509457077 -8413.253154276983
6226.414469285 -5475.336974133108
2863.752914210288 -6134.299258903442
-3731.0588157554266 4815.929636581124
4656.46837024407 -8710.436464385573
-5424.026710544972 2909.030203236789
-4366.800158022029 3220.3743617931036
-1886.3513633130997 6366.959690738988
2533.5556737189613 -6574.514049234843
6141.92698071265 -5507.296402503742
3717.1086363184454 1451.7807534988747
-4530.614672602298 -1689.234548844918
5294.19814918332 2730.189938602496
-6242.938151231292 3118.2010714218086
5735.906001525329 -2802.470711786757
-5627.732184573925 160.9973074316564
-1964.6306327363166 8867.575858456312
-5925.296787816528 1560.349064026074
4802.167563354512 -7709.606730333102
-3203.144748172114 8338.5791292117
-658.8639413360494 9008.750542553065
2568.739764957286 -6135.209444527585
-2184.1693140394277 5921.852285967127
6755.39543037145 -2553.130991015264
-971.4774992876406 8788.083492954562
-630.2062476834058 6093.152670156508
-5320.389227826191 315.8562230203348
2584.2112787852366 -5737.445472022904
4168.074793636367 -6215.753102493627
-4956.026561736436 7729.484627675629
1805.3726301847769 4178.551413802823
-2963.8083029363984 -4630.990272756946
6367.781410625277 -2073.5383115763616
5786.699731680326 -5032.503113389123
5307.549486629547 3306.0705040776356
-4298.868680693963 -3501.214200961252
5429.703260555956 3399.150263915108
-4178.616478469882 6592.956300384238
695.8866966594406 7920.237454150563
1912.3188402047692 -9216.49769702711
-3251.2657062537464 6101.039702358461
-4975.482170074976 2576.4439456292534
5087.287943538217 760.4960401749637
-5348.122753926845 -1257.9526304453773
-6701.264685447572 1896.5314381899314
6019.137812071947 733.9312999552931
1104.6277132705407 7704.433961990917
-4760.704970944366 2189.3021574513573
-4199.578310993562 -3693.6046091171424
4705.3544360086835 83.48439214756587
-5099.246518109482 6350.433687596906
973.674703216779 7501.487931315483
-5760.138219726846 758.2628410662015
-4142.91680123465 3765.2846729908615
-3146.1769945222927 9663.63670161467
5362.492414991432 2764.550994192059
4726.96578404464 -2920.0938724323705
-5158.283500232787 4181.186359033215
6312.39126249634 -7266.076736850491
-3319.781100817486 -3756.3280766084413
-6485.035913192643 709.1601173291488
-4212.249904843985 3308.776046733233
-3410.368910451177 5546.613664538894
-2877.5571022602535 -4577.009339325217
-4994.056380652713 7868.413613533295
4412.743946802673 -6229.66718921849
3887.2955276158577 5827.19075870269
4569.359655199993 -5297.123098228515
5739.286140852455 308.5601417410904
405.7646712295342 1228.9777358327426
203.06447310586543 6881.623592614487
745.2473428693255 -8444.293176021947
-3747.457777805189 8907.528935405775
-2097.0334342825877 9464.881344439475
5005.595753340588 1172.6154467658178
-2051.4550036018463 6146.78960104412
-1527.2236058218375 5736.278913250998
2971.520144329017 -7039.201828064463
5199.932542551814 -6834.925710184769
2273.364737213465 -5936.049603816039
5564.3566372592195 -443.4717519539396
4380.751587320133 531.4743229828644
2515.288390562516 -7416.362377228923
1009.9435619371154 7340.5716127780115
-2136.432340470166 -5552.828577967399
-1651.6534444931294 8888.194769259908
-4255.970277206187 4604.1838675512845
-5246.502270179976 8194.40465894664
-6030.488760684269 6998.349557914481
-1402.4199928210396 9340.44676726099
-3446.443731921854 -5337.8246937110125
4814.074643603898 -6333.4065545563635
5386.584554813327 -617.2303039702696
3016.9924822470557 -8312.734457329268
-1392.076794982789 6605.353402824752
2112.1930492394836 -7334.656069851463
-4514.7818416155815 -1491.5474712836844
-3854.6727324559206 -1433.0345233570847
-6323.397985633895 6819.120212226203
3621.6715087260777 -5468.313218810194
-1533.6366533197952 7292.913533254412
5709.694575024978 757.4369593697788
-1634.0377200956668 -5826.814171385315
-4549.654991958192 -1108.6159488575888
-4220.73500603502 4021.185605514092
-3970.5147508462865 5917.877215728802
2393.03820221542 -5464.762044333366
4956.477510633794 -2509.4967190010993
4713.428105029399 593.4683567870072
5815.700165103853 -169.46183859531828
2350.3876031590053 3209.187933125412
605.7637805294318 -6912.454918017405
1542.8650181076887 -5850.50980935208
5084.454915139975 -6640.059487851068
5237.367024022837 -1661.990517886906
-3124.720221831977 -4185.057511175757
-2282.7853188740723 6736.427747618619
-3053.5779501799434 -4728.902170110263
-4784.817749922478 -1385.1829582642474
4704.235405332296 -6272.728336583107
-3472.932805159992 -3622.679137086172
6040.88463668037 -5336.781207697245
-3811.0490896934366 6272.240468790028
2930.9456914435655 2479.023539044291
5499.404484222559 -4323.283524353699
2658.648545281542 -9104.385653040506
-5148.454022137961 -2242.914397380834
1729.4364975359604 -5566.883066633496
411.4798776864072 -7906.143472649004
5500.5795688935195 -6968.259711789338
-5977.658763962681 -320.96777492731417
4024.121047033119 784.15840106085
-4456.673372455607 5167.053196555652
4083.5396341862775 -5225.365957887336
-6008.653767291282 6861.802172960464
1929.0927901060727 -6551.999626193235
-2905.7043552864966 -4928.453034410556
4605.033146806965 -146.17416407166823
4566.470519668275 -3696.489526679966
-2957.4277710607616 8746.92472623617
-6681.13654668001 715.73010176864
-3682.8871829573877 6031.160279622724
5896.761643472402 -2226.163757375023
4922.237430358181 -481.95327223347533
3729.4379753002786 -6373.225295300536
-1814.6861443211365 9512.235565984867
-912.5342693442049 -8888.919104182574
1961.218756291317 6533.606861390111
-3185.2066050867097 -5554.049891721283
4552.489871264074 -5916.933977601311
270.59806302878445 -6596.3519400508185
-1654.1620447547755 -4645.9648631166465
2786.4423601018366 -9145.473405425977
2611.7780479669836 -8052.898661089704
-1720.962196493833 -6502.967062742678
2375.446157698432 -5684.414351344739
6587.773306333829 -1372.6277280174083
-4005.2910453495238 -2699.873537992616
2455.6943987088284 -5296.208948554676
-1834.6364861175216 -7308.526842927172
-4522.22876303043 6599.007781991985
-5607.346118716375 824.7124903986544
-1723.444910773447 -6124.788962601207
2620.9353751469266 -8143.149662441979
-348.22356241599783 6340.542753238651
-1935.347506972074 7596.494779039908
537.5163340595418 -7969.173475622721
2791.729924575098 5855.503041360832
2611.4725672421496 6059.890633606982
1648.5130969024513 -6577.2836773333975
5598.011960650159 -5137.96529603233
4851.7863952062135 -7294.660130653587
5339.224682164725 -4277.386781773425
-6512.510804519003 979.8769424844996
-4147.312874873103 7188.397773593359
6216.982676133 749.1395630076153
108.4291263532325 5495.428391002617
-2471.844756835322 6830.913389302377
245.23621897727966 8431.117702767091
-1489.3947109626195 9686.608782689702
5293.661549255898 -959.1031454738302
-796.7062057248038 5650.959849733457
3522.056550463906 1880.6199567880321
-2926.241805788888 -2525.2307316575166
-4219.699951090075 4443.2859508714055
6315.905020812435 756.7426085228318
2972.348440535033 5451.036293202566
-5422.733196797041 5175.652906067646
3764.5752100689506 -4911.563957141002
2092.84179901231 -7576.273597030581
6187.981586354831 -4113.910535628607
-1040.6926774471895 -8647.79510489034
5288.207747815433 -4914.378435940005
1725.6045295633803 -6433.082221888635
1693.1202418495984 -4383.616460408077
-5603.465521461929 668.5767495667618
4936.181975586395 -5217.965119215007
6220.999720351056 -2474.119480022032
-3717.8112312228845 7436.397613890248
-5503.087501373735 -123.99871903205296
-3942.056521679876 7091.556706574102
1261.7044067215834 6392.261152524996
-3879.9690927290217 4593.3596889142345
722.3294244626907 -7707.501725472043
-1310.0181127307485 5993.221750393565
-5465.109603672272 7715.370391626791
-3242.9841197283067 9477.855740937866
-4890.264641227187 2208.3417094848146
5694.315104159334 -1685.0627111664176
4744.336004365815 -5567.44854288899
-3875.0591714210414 -2096.7544879788456
-1662.4476922928234 -8022.834634242321
-2888.212828532399 -2664.170432469219
1757.7271795006359 -8282.474642549047
2152.0321443391103 6461.0207896092425
-3872.621255572512 5503.457430563968
4759.714877774363 -3124.957538135119
268.61484395507887 5449.605410043109
5351.5391139975145 -4123.630174660267
-4447.2079761740815 -1057.0042728507058
-1580.1268671282044 -6790.396933034321
-3060.0842402981207 5828.46109490998
4921.071324761073 -5815.811647576353
-5589.599083688915 4933.479595307554
-3901.1305802300644 5352.081598285115
-4970.825897972318 997.8741613179977
5817.912517637807 -2392.3116180586376
6103.270112679812 -7012.902928592705
4465.413835098528 4452.797884125919
2644.8416324330447 -7435.4821741627
1019.827749785816 -8084.738674144796
-1031.8648751837318 5374.444040535004
6980.0334961872295 -3430.9160869442826
-2946.047267821629 6433.960365633406
-4406.175611552192 2114.9715230457214
-4320.805215812597 -1320.0491957558886
-157.88489078792344 1556.4947803557807
-6512.977551223195 3224.5217840398677
5094.963975963173 -5485.902988269744
-4460.6565867506315 7367.7907830638915
-4791.492468543868 -1673.1113150265098
-4235.583984856086 5267.9015337245155
-4144.5186392371115 7632.462870596343
2857.030100478757 -5399.886030918429
-4447.826052519037 4254.578004408058
-4772.346547262679 2657.7119781694555
6634.055808867102 -5091.105615475785
4874.109613729148 -2719.579549465701
7004.3467956418135 -3945.696421508018
-1990.581306090061 -7618.929535633766
-3089.6794161307757 6277.2925420999045
-1718.141358603022 7853.445813561457
3819.7705170505533 4370.314623125237
2781.1175438904606 -8189.016844947962
876.9672616809315 5271.066691827724
-6150.529142862074 6727.069181468083
-1394.9713795664134 8205.919088667732
-3585.0003562066477 -1339.3496076561844
2352.0988397779515 4253.4968166667095
-1221.6463024077225 5869.091929685673
-4216.3352092390505 7554.12276663358
-4896.369469645723 4587.178227002131
5702.527101829298 -4242.177846532707
-5202.470370304599 7721.2404608506795
5574.772983657497 2755.413436406199
5704.194291082794 -2175.4775600463313
-5080.56795602598 5969.887117410906
-4363.33297437111 4286.607191808836
-4508.571527215666 1041.0556719443337
-5895.494220063119 3978.3446276188515
-5426.044711230942 1042.537811770935
-5029.087537260067 -2593.8135469278163
-30.664514652721646 -1151.403209830078
-883.7944387269604 1085.5818755766568
-5408.7115691292565 -582.3387054506263
3355.417787524942 4505.5217374679605
-5648.583969816207 1741.9402670364673
-2143.757865285484 7449.36699531267
-6071.310696289205 -262.76500048514737
-2749.658412682093 -6662.673082999741
268.1157506255147 -6218.168935179987
-101.82458090576255 -7563.788687587208
5617.002177926418 -4696.267272086073
485.4366659222162 -1049.6618845182886
-4459.25949947215 7589.822936674733
-4159.0657485865395 -4210.711632366911
4604.718647743597 -968.4548543897469
3013.3620889826134 1666.7694702151791
-5755.068123118892 4913.335490053426
-3505.880607491482 7627.479023658256
6062.218670916039 -2206.1696488943567
-4487.409885577615 282.3353337516296
3512.7095479938075 6060.273545946339
-546.4384403822249 6525.30306588
1001.1994279732426 -8726.50661813266
-5113.579057703645 4330.184246443462
-3040.8851094657857 9137.004240216937
3077.9362771094015 -9188.50378526493
79.47075967168486 -7346.039156878673
4557.079963834028 1505.560925430543
4650.551174030336 -2442.079352075268
-2021.910405588333 6720.268535438512
-1154.4159055216678 -8431.023444754996
-1257.6826378259418 -6037.808177753923
949.07326543278 -784.6337982265128
3912.018923931757 4089.998977783299
-2885.9410426596223 -5909.221559461893
-5475.405819047194 2472.1047366032076
-2757.8309215233294 -5128.0059085608245
-3326.45598068679 -4044.2584692345495
-4713.309250580965 4826.963768452669
-4045.8544839191363 -1160.4592605913624
-725.2373615762965 -9005.411494831566
-4247.123072687223 3691.707150602666
918.033687263074 464.517158226317
1445.8433346449797 6031.749966899514
-5451.294477688307 6046.5699598477595
1401.8147259018317 6504.955876099033
-5228.651678838104 3302.5771719698323
-554.5274138199774 -940.8795724151937
5111.111686328973 -4465.931116256609
-5033.330171229852 -2237.6095659249822
953.3849036056818 4793.089862704304
6296.645492606894 -1529.6146139392335
-1407.3357692852471 9074.480574333522
-2740.531672471363 8181.651224783123
1469.9667876721396 -5328.590150222968
-525.0652630800823 8633.462008088265
-3027.8466927080162 8890.623793596578
-3755.3766104514034 5330.6538823038745
-897.2291262514425 9510.552004514557
-968.2528113849771 -6924.964717381001
-3855.08026322099 6745.413964891765
-2251.504169214581 -6580.426442322466
2387.589078034438 -9419.978039255246
2361.4200399711144 -6882.484806056097
1045.251659444187 -2243.410796032254
-4278.222281656014 -992.9516511798888
-3801.682179415569 9048.842556454736
5591.5130286113335 -1536.5191895815863
-4663.119495148251 7908.686974912935
-1289.3691943644767 8501.514237142765
5511.1806935988825 -7858.836629633831
6863.519697077911 -3658.1640755271983
-2706.1404300552817 -3868.83821731222
1808.57778238509 3400.2165992313226
-4486.374837100147 704.4357766456842
6198.80626619766 -2137.45925908395
-2288.859104804003 -5819.3051643439085
203.81781559982585 -1497.0975520137786
1447.5065522747745 -6836.556646826636
-5993.49159506209 -518.6548428559173
5458.9427775563745 -4828.483798964944
-4100.747023054111 5314.753662592008
-4659.238945392619 7752.550790755325
-3437.8430003135236 5817.3403839708035
5620.927561763211 -5874.785357681185
986.7396114085827 -723.5127878207506
-6748.815529109162 2325.7588940527626
778.5978801789392 974.0098418909836
-3567.9297791144345 -4808.801602715877
-27.96732956232287 1337.335260140743
1111.9773709236526 8614.554931046492
1527.8029483242017 -7470.691957084067
-1055.6570955981924 9578.321897959584
-3848.982332973352 -2589.5158710617634
-3177.1344084670914 -5044.0841861615945
-4412.952790350465 3871.6481139611215
-704.1918936145639 7215.260273091583
-2823.5256783002824 6327.044143447712
-3708.291116829499 7146.088025907396
-1036.1068338247333 5730.656268667212
-10.736936132020489 1757.0605802029813
5175.618637529 -6320.153094867322
6273.643224960253 -6726.938850764907
-5763.29559814981 7470.255955341486
-1236.9548833106398 9360.541810911294
-4556.380908901553 -374.2410548789003
5632.112942920125 -4098.419256350999
598.1229942228046 -1688.5571995656437
-6095.423068825512 3118.762463118011
-6142.817520951829 481.1162032436854
5540.987012336518 2538.153778943019
-4350.448188449064 7107.133579623747
-3389.012997946574 -6257.4588139312755
-4483.372240752926 4015.3406679390705
-1581.5243338843595 -7012.434057231633
-295.2194396951945 -5068.373067276532
3446.268649378048 4003.1679551176885
1343.304077770053 -6910.086761107137
199.5067931026445 -7074.812928302564
3148.257418390443 -7287.540571309265
-5044.711160705657 7031.355766485121
-3790.6116999914666 5913.654345338436
4949.615819318019 1292.0098755202332
2426.3468223650634 4975.960884411787
505.87263100435655 -1408.2660341612238
-3143.347637315311 -4826.814569339122
-5059.56082859976 8278.062402982292
-2618.1301212143985 -3792.8932562348873
-978.0530947026522 6455.508881179412
6284.193430192403 1383.7375756873028
-2511.7540703320747 -4919.755182391317
-4470.901091840793 8058.232216399747
-988.3604020670922 1212.1017781672595
-212.89847737423563 -3835.9338890204244
3081.6274759501434 -5255.237393059798
-4002.1346488219847 -2455.874572951382
-97.71029619859041 2103.239842266995
-2521.1529131831617 7238.199148292522
-4954.577903192514 6929.219309360571
-2527.8487600383455 -6962.008569466937
-5929.953836889013 3138.9089698315065
-6214.996893891856 602.8345871024336
-5854.826308334135 7350.355697456822
-3160.5110452029744 7643.36870396789
-1576.531261766411 6143.571027334941
-1179.8014004089032 -359.856110101777
3408.0852769902344 -7725.949791360977
710.732475292428 6673.4809760894295
2966.177373678411 1895.9800897584307
-57.38558584341243 -9259.401037868258
-2373.379715931261 9083.278379191948
4987.65247459839 -6825.7819518239185
3904.321650622437 -4598.824263640239
-1333.0008958307953 796.1385177684365
-2329.4092857041505 2676.283087123883
1406.033362944386 -807.5562647013966
4518.551157258156 4911.676582331638
397.16355251262894 -2970.184373218598
1187.0947287010588 5869.869578761037
4449.454120054679 -656.5979760958581
-4257.576028802035 1515.3084703626198
-4144.99212401848 -4034.9897880892922
-2627.067121052783 6120.354689824831
1160.0807237702788 3895.867654699817
-4888.9705091400965 4474.972448015293
-5343.206781579098 5964.022213882689
953.6762638939841 -1340.9266668065302
685.3803871161188 6766.114453526148
-1719.6389278857025 9676.042551595587
5755.026532255211 2550.9783152395667
5065.501712811138 -125.29002352393233
-1405.1779222469277 917.8862667719861
2053.1552772631526 5431.0430272669855
-2596.919524923916 -5573.945179535999
-4598.598816014839 6054.636780643261
789.4923821709712 -6050.558708534472
-2138.942774226427 9759.959448609663
5200.654650619349 -7235.086118380128
628.8219643071852 4218.635745325921
6547.087418876319 -4744.864654952265
2077.008957792575 -7773.960663496418
-4648.737444617638 1950.6090128484489
939.0730366726225 -5205.853169445274
3663.62497960443 -6785.782135089954
-601.0232609026473 6866.705116157218
-3111.370420675142 -3609.1962210609336
-2458.1330430187686 7206.704659524686
-880.6377588267017 1329.584311294369
757.4168520623632 -5223.519655546505
944.350649168223 -5139.957475667501
550.1854656719609 6919.381340336968
3992.7833466518714 -6767.71528114647
4958.819560719586 179.39580804705847
-1153.1011312509545 791.8744875181285
-5098.472082548407 -2028.0221072561621
-4694.838854033212 1579.5802680726397
-6744.210192483306 1769.4953694677577
-4160.355632007288 478.71883190025443
-1202.4445398366104 9177.668966500349
1988.5443528681967 -5605.105630047671
1715.5083138040702 6125.342560568551
4326.704012482072 4562.178117008461
-861.3359737699268 2593.5266457789785
989.1249335475759 942.9779049220351
5229.829908436458 1517.3176085584296
3896.3415594456374 -7153.522997156534
6397.102950829648 -4367.081855750037
-3589.64932773366 7195.317436434733
-539.7304262736953 -1165.3029240973776
-891.9164438353145 1597.9367989952802
1047.324009466936 -1399.1817941607114
5026.762213340477 -7564.992057204958
290.3504560707713 7357.7016044613865
-203.67331010355923 2007.7278495032813
405.5493306097824 -1637.9496376447796
-128.86725099768103 -1559.1981567435096
-3138.0033762311564 8128.985177454524
2485.7905891085497 -9012.198596225946
-4005.9134177729006 -4344.352733727521
-4792.368858070562 8749.953884573968
-6085.178051731368 2428.3270168622835
-3982.4160441006557 4541.74884279627
817.0844861548945 -1409.6891715208012
1529.7073858166355 4419.217202081911
-663.4828054149629 2608.8384256843383
321.05882599663914 -1669.9466526201554
-5980.452732255647 -765.0299698956693
-310.0163174252783 -4843.94835822711
-1226.3137570975553 491.5149119558703
-4395.829008963311 -620.0803933354576
-534.2388256053433 1767.5032548176619
5425.962929891553 488.2093798031553
-4948.783463108111 3728.154636342728
-599.7403887654549 2177.188587073234
-3276.7859234805605 -4651.614460739242
2480.8269317844633 -8255.82092079821
-389.1952823830879 9102.389157069518
5919.45374804382 -5830.011639850379
1577.8805214303916 5634.467402237066
68.14373942701604 -6055.347972161517
1763.3443861730598 -437.97859578926705
-3635.0266214632866 6424.153434620448
-4739.3351936477275 4297.418423322914
539.346138862214 -2013.261761268086
2019.8486417500465 -5009.65533330791
-3241.391307329679 -1345.4416984451987
-3359.402805546342 7205.91238473828
1320.4824043209255 -8217.977612186121
-6526.998937115663 2026.5103135953748
-2537.1461492075455 3151.329853632843
-102.43025202895124 -2252.050993411972
4516.711775414554 -1044.3568971049845
1442.4463305468284 -4035.500110128944
-4909.14913905554 6678.084364831215
1787.467338138923 3136.633817916994
478.10705089854116 4996.475620288022
2434.364974060993 -8426.76292489579
-3975.119349524806 6474.149737402239
-6672.8597871640695 4092.4872948885804
-2349.062352213183 8568.54886719249
-4286.707297722619 -280.54069603341225
3263.469239357266 -9327.020460800226
3966.695715893948 1703.8597823819425
3934.71586968145 486.20877180921656
2266.3754777020968 -7046.258630566593
-1158.7069213776435 -7052.481226132858
-514.3615857807645 5698.2805510676135
769.1966638838877 6175.927752807973
-689.8557138565014 9235.555898599912
833.8822815832559 -6723.841855118926
3343.623233597797 -6894.108794630228
5198.580431616159 -8079.337615462987
5857.835786282468 -5576.424807473925
997.3432578063614 -1614.0591490409024
-5283.7042539600625 5888.610622232833
-4238.173698817342 734.6215916926767
-564.7044860776709 5683.469899402272
-3935.0708402623886 8201.720603592936
-4049.3219929786046 -2226.6967684400597
5476.8870590568595 3169.9281562366536
6408.151505924296 476.40305783454585
-5836.456564221851 -808.4053937331597
-2967.8310368289995 5548.205574155016
2041.1497338118377 -8835.459929465138
-2206.0538192962235 7080.723484974669
-5505.208880099494 54.10245444258434
4055.2988458915675 -3532.0934160928336
883.1399989866275 -6108.81539671354
2118.773195624353 -5002.024770232905
2152.3885233203455 -8674.075171050512
-4942.421844298827 -3762.188583715302
4812.176334632599 -3288.283220744185
-2811.3124325902477 8525.420764723363
2115.3771520533246 -134.30466782552935
-3369.2409503801687 -282.10842793221786
-5060.6482506770735 1922.2464435499235
5846.282631665266 826.1531265477608
-948.9198888197449 8251.38173498914
1688.011984410673 -560.2169969778191
-1553.3276215916364 -7683.31536551853
3598.534398737725 -7598.495616582311
-6090.3538872421195 7273.8219832759105
-4108.614632330127 715.5744739569894
-398.7308492586334 2436.498940074867
4084.5297139684353 -3780.8852529216656
-443.79602748989555 2487.5853724552726
-2698.8325734033033 5019.710902964955
-2644.0561643115957 -6367.076932663044
3462.981855121461 -7245.105779528815
1102.1969933365128 -7874.639042257366
3303.5697276646856 -8621.742170933217
4156.843845865258 -6969.746398840337
-1504.7439512234666 -7690.47025070616
5252.838754803412 -1264.2237104490923
-4612.931807790108 4034.381498764648
-2546.5262949520525 -6581.448750549305
-3247.29182897357 -3055.8230668723527
1554.360556525344 -3251.916600817978
1754.1388059249857 674.6123842070624
3876.896786580599 -5350.424776806467
2585.732735832994 -603.737906866467
-1333.1002553981757 2840.782543149258
2978.0065446452786 -2661.8570364926563
5326.641364162189 -6275.795668757204
2123.7847553124207 -6780.746576308286
1582.5078227981192 -2900.47289082018
-3524.8698348788457 7185.793407322933
-256.3704249545691 -7652.135355090557
4970.375304658195 -6223.149461930522
-3172.825479146578 7489.612100744403
-4098.574626698604 4114.347722101855
723.290775999205 1715.570605806244
4031.1713457495366 -7106.760449687645
-951.4333318395569 -5282.839106341593
-1535.8076936293826 8493.336449636532
-4761.532032177787 4634.036305360207
-681.5354219909849 4633.908420763871
546.0699897862172 -2747.662349078468
-1500.3241609410518 2798.7275060129436
4465.92770112756 -6793.150909332895
-5529.786067110582 -1275.7082184101248
96.0163807960484 7386.328730050879
-1353.8141683434856 -5601.388373861477
2302.5008702436553 -4140.140216889267
1937.915077383029 514.1615294316844
-4332.03349597572 -2074.0098714604856
1042.4562701084212 -2687.490647349949
-4634.09675622621 -2162.9470265668842
3979.793230274148 -7543.673315581562
-3831.8539104935776 -125.17866005762157
-3573.721184148404 -1607.6960555193689
-2371.953385408435 -5629.280601975651
1924.0586357766113 3205.390364385702
4752.398312802065 2921.3430404329174
-376.22288803183454 2922.1193888379075
410.9934551721212 2317.206160632843
6331.381579188728 -6824.377664699148
3066.7840215791434 -4008.4523160291105
4082.549458430233 -6669.847599313901
-4252.456298640384 -2307.9483711289154
-3896.7413238974427 -5027.126607153808
2084.4547029964165 -8908.524061393113
1973.1716836009514 6887.438382635023
6720.2568381536485 -4014.809430547691
-5351.951763792208 -2124.1153488286936
-5843.855582097701 -696.2002534404884
-2708.504029238017 8376.956361387081
-1862.2588435310447 -3970.8235741919634
-148.92387904088406 5555.561838024036
1352.0520716006477 -5777.91821315567
2533.8019979556143 3248.807251092544
2787.175131626074 5389.455292609028
-823.143848190362 6343.804491820749
-6513.754424180787 4646.9403095763555
-1998.6903139726508 -150.40317859066377
6609.696890398554 -3553.9531981103582
-3214.4816154867344 2673.142216044112
4002.963557374391 1542.9307269118292
1592.2920416411414 -1346.1889817006604
-3635.490640469258 8668.831180148358
-2927.108627439397 7897.956136179884
6503.916318083034 239.99298306151235
-6699.867786237446 2118.561388582572
-5046.6795684580475 -2813.4658500803457
-1338.179298345332 -1314.4032339297783
-4174.638362346309 -2563.852826003437
6781.604270092974 -6113.068886303002
-2654.0880701717415 -2809.7408614984506
514.5225082140503 1768.562547743729
-4281.791740144451 -14.577083496584116
-3504.9531477525406 3138.115065699711
1670.010346552256 442.5473400478916
1470.5935974243607 -3684.056403449283
2423.9335932002646 -3646.8867091304032
562.7229747319093 -4994.796463564169
-5082.793618865749 1236.5648967777972
702.757324690171 4118.842373541633
-4189.124974883763 -1517.2000553813818
-4319.821189030583 124.35670144443338
4012.716738110712 -3859.180483223842
2611.102747521959 -8675.095385810713
-2744.100681141822 9160.030584085454
784.9377759962898 -6516.603882468004
-1773.2502814727106 4505.712718375596
-4654.636683040768 240.24411780154
-3300.1107035479617 4263.636277760973
898.8278310191947 -2844.1121508829133
1554.3124779150141 -2229.5746423171613
2731.5556039052676 5308.761198679763
-4738.094744193334 630.3149774714482
789.319907893283 4995.065084168176
3997.6388539481773 2499.389628980193
3713.6519394982856 -7593.269562537008
-2029.420415229906 1920.9656831025814
-6762.889161639988 2150.037064273857
-4350.247605418867 -3938.1376690293177
3366.790599946875 2192.459160292285
-4148.61233936997 -2034.3060800046896
-3621.575181209398 4955.399715331555
487.6752031037408 3683.8232224404255
333.12907802405516 3595.4731114845113
-3424.6599048438497 -4452.068420595042
3937.7788028478235 2774.925861932021
-1943.6313034280759 4219.649825791758
-4368.35103180627 6065.2474904510245
4878.58175209481 -8187.62609879351
1858.1487377640058 4837.508354504778
-3436.5475635440494 8083.986731327416
-3200.7782598809845 -3907.179137838047
2787.2707008274374 3344.76329529342
5285.549555555848 -8425.569263808315
6268.406530039985 163.68140821638679
-2903.42248710518 -1217.3686134981444
1297.8056079910104 2342.0701184438985
1692.6366109490455 -9095.188115688527
-5386.980052804769 1325.7064722503887
3411.964913010297 -7882.097423339315
4698.806156938431 4707.259549089456
-4818.191351837002 -2824.824938899765
-3866.619546314044 5169.217367514168
-3769.868955812042 -578.7720055190399
-2328.9872581058526 8410.027516559097
-1445.8386461757013 4501.969915456478
-3443.7502505391567 -2849.131730965523
-60.160457813043784 -2747.217239560665
-968.2036612030989 -7947.293425133979
4561.588325691081 2993.9715810533253
4358.301479911189 -8955.312341348052
-1153.6117378492372 4058.914438213211
-2707.830697219008 8999.128463290737
-4259.029191918527 -4640.4908232709295
-2544.485480426293 9197.343086921204
5277.42125482819 65.65312048739908
1097.4724842919773 2704.9708477062077
-3724.950168637634 9393.14453508506
-70.71568162476744 -2879.008632306933
599.7147175647098 -5555.863808408047
-6450.214114449972 1348.5298097086902
