4458.3375579974145 524.9337331541565
4536.404287430972 59.99478129016941
4535.930596126692 309.09110560707796
3379.34587263713 1384.0283629700223
3482.866137312979 1201.0408094397917
3575.9540475594854 1281.4660831690258
3560.6261790223916 1415.0472389598513
4020.364047086962 1769.699595367667
3068.155326352131 -566.1042612368973
2872.4858688425466 -368.09833290870455
3714.51970085746 2153.2053025077603
1881.7638633441818 -44.406618243504795
2335.009513633073 122.70643821445493
2411.2245851093435 410.4064167111762
2677.6457830793493 799.5525903124836
2622.45121878612 -263.45252641089803
2531.4253508446686 -29.523905282737662
960.040611364297 -593.1934344613845
1250.658952578906 -824.6539082182184
1383.7723970735321 -427.62504305703237
1435.4068717754071 -674.2993569155313
3015.8835038477646 2035.441328297702
2094.847572799101 -2821.3642197881227
2203.300737844689 -2394.0768976677145
2054.9167256667665 -2143.236522330853
2238.339450641686 1845.0992063774327
2080.8084112525657 765.8284887400681
1427.1317569131838 1582.4563254340067
1582.5224454683935 1544.1601464566581
2890.6419934631454 1547.369047787767
2612.5245542133807 1555.0688499320497
2227.0255375417173 1624.0689132175785
1874.647766929826 1327.359414162561
1987.333471756887 1529.225014691441
1117.6440463205083 2133.04823992146
1016.8172853856523 2253.1279263557153
1529.1606810520675 2051.859490535917
2149.7911506443797 3019.2837219699923
1503.6732523667931 2285.365071993602
1974.0690751710408 3095.5238687802234
1990.547001129865 3098.412342567825
1904.013693912786 2672.4660040507088
1851.8667956738373 2551.5206092703233
1751.3495775483834 2965.4943958162316
1652.5121131871717 2871.6379989419115
1727.9046247608328 2486.6495971773647
1707.3162536734553 2662.2366753633514
1636.3637448063073 3507.555562105518
1117.50611282751 -2626.2982240817237
1291.4766871111137 -2773.5562217956253
484.6882086032872 1506.6647631969818
645.8922448372776 -2658.0183320165725
516.0698315683389 -2968.2235383728867
1636.8632265228944 4054.078263723914
606.9668542548228 -1246.4529585507335
282.32152223327705 1440.807671092057
155.81405032672257 1423.445613928134
-149.96662506544328 1388.1945811143023
-114.35341952635413 -1884.1517813038029
695.8047599922164 -839.2536838221131
1107.75361344235 -153.8743417063936
-372.07956138689497 -780.6165305047592
-243.29131237321317 -794.544768319046
-403.5236639870933 -61.73630846432908
849.1989478408678 -420.92435738481925
56.5271158391976 -745.3500130739916
73.81014689981133 -1550.77141703872
338.8705098694241 327.38609157965107
-515.6840275227022 -2168.013165381455
391.0428573675777 -63.27975341504862
-521.3353499953246 -2085.0398016978043
708.5142230616274 -1265.8682808952547
631.3771964956635 -1122.5182028274025
501.2504039273232 -1471.5577387614437
286.91563062176846 -1525.1109744322473
-60.58910985120613 616.8713470533993
-130.22245184081876 -523.4985288503295
-582.1449373630256 -2044.0891016635283
-773.9339924523708 -1994.785491096525
-333.3215030343758 410.2407682962204
-350.30144295541993 -1854.3764046996203
-187.31183024250646 -1793.270475430059
-530.1130812387594 -1897.0252655406643
-673.3932095316555 -1968.576330038029
-614.3378793908811 651.2054256903092
-126.68438112087573 -918.9709596468604
924.8619737272243 -78.52889771952594
852.4638916106817 -203.91781691895432
-216.28196911519208 -18.422574793338224
-564.0514226398558 1181.5134575263971
-128.21410282877264 -265.5710460543602
-507.7132228725963 1238.2933611753256
-39.94303273162753 -617.4565415933515
630.4007949593911 145.42062504337014
417.3022427247363 -951.4679183929538
-198.92599209265066 515.5201623315294
287.57882637558714 -800.2474638110307
-46.771534059716366 511.68284979420247
253.851947055236 -1076.6657545907822
56.9806342509998 -1048.793442194601
38.78068847807182 517.9755001739248
355.92660616000364 -386.20218966403405
281.3516282660623 -220.98036303087608
280.5053823656997 -296.76516545423453
-801.736660809339 825.0764789014984
-155.42327411631572 192.72621472233484
-165.02928451723386 258.70902956500476
-577.4073253878992 917.7127335992226
-476.19837900307914 760.0252468420424
250.91388814304017 345.9831860475207
131.4707073244444 183.00519205069526
55.40385487814437 241.2310708996024
-263.6020991344664 655.3061846634637
12.857077408067683 269.11619840289876
-35.12590669067404 166.48068398411286
-281.92148232195615 538.5466066597289
368.1207163784852 -507.8593151889211
368.7364944444218 -473.7162729575926
193.28261352278517 -498.4217507320317
-219.88568534319046 510.9849119480573
58.47824435191119 -463.83787451597846
-288.9659355736 524.7579635579309
-247.46804147356903 448.21305018711104
91.38520946948218 -199.58483680544123
-76.22407877315528 -104.47567280784111
-117.72348262182113 -3170.378624384188
-172.13018960237181 -3104.9578989406086
-148.6438775334917 -3132.4840832378386
609.1964693282249 3068.8714805950244
499.6905990419602 2541.242380695326
330.62775675322854 2412.9354160863018
156.5524405620177 1931.822558746073
-390.2468662401179 1873.3336985282008
771.8628202692732 2761.9513312599875
655.1104726274256 2109.985034525792
566.9187685056783 2759.362031070396
451.2191386091809 2539.3185248511695
635.3406171470555 2413.815462954411
40.567302766928485 2232.4758459321447
-396.5159712612785 2090.7047248185463
-448.0354228640024 2125.6325140527865
241.75885728672773 1884.4433705660213
408.08871161601706 2062.8432956134284
-52.39723329133917 2473.179539428285
-51.816683943409565 2020.256448193849
-200.82222010044885 2226.118844813031
-258.51330168269226 2119.1842224890497
787.502628744089 2358.8303612835953
620.2635116993708 2275.6631113281073
797.3568451845554 2354.813211182957
-782.3137080812805 -2657.1207100612073
-825.9492007732573 -2640.8637810428436
-607.0140414000599 -2567.945203644613
-735.0268093495048 -2525.384489456784
362.24787432509095 3610.2713238207875
569.8712076958166 3632.503789449846
428.827941735648 3510.0283020470356
-413.4756457204461 -1273.7119677429835
-873.8237128901565 -1588.8591040478225
-758.6805159749299 -1649.5843319759836
-1014.553862609915 -1764.0702681004193
-1460.076346084222 -2406.1676961298153
-2121.404745293116 -2033.9305555760895
-1435.5919103456022 -2742.748915502409
-1814.2319386777122 -2401.1715262273337
-1342.44503191492 -2140.1659040883096
-1253.7044093446914 -2015.8965665798064
-2383.799186174463 -2156.4289704013463
-2591.458258927014 -2247.881909441825
-2699.0928944930342 -2246.9896672455816
-2898.0210070980665 -2057.3808151931867
-3017.8546247721033 -1997.7124264416695
-1096.161204259222 1267.6705095897084
-936.7563792393863 1330.6010902086064
-767.8402250299889 182.64287096536094
-824.3412975148497 1346.6659796750637
-952.2774440525417 1188.616674512303
-1059.8415186911436 -193.25799832477344
-1109.9753194124996 1175.7307118519316
-973.3504567355919 -82.80511202424549
-1141.1953718120317 -143.8282755426355
-970.6389312257957 615.8048699680664
-1112.5801999256885 747.9629627143019
-1182.9917776687334 510.1990047676444
-1258.0683783203228 -873.713798514944
-899.3896590686494 -1059.2774417654841
-1064.9526867263944 -1030.3059103462745
-1878.4577014194222 -1288.6702175385958
-1955.698636455758 -1351.556072514337
-3729.2244027708352 2007.467729011001
-1658.0736007839275 -878.939489361945
-1721.6332319189073 -641.6070323305798
-1975.3138003157753 -707.6096940648936
-3403.421001236007 -1289.2856813877545
-3383.421944619472 -1594.9440592788096
-3674.0389895942503 -1033.8079722412397
-3998.3232916676066 -740.79479570861
-1363.6078121997232 -611.8869995305334
-3016.834725992407 -455.06664566999183
-3964.3293517910056 2738.1311636444143
-4053.1428468176723 2647.9741849997436
-3702.2837126156223 2692.0072418910363
-3894.3759638899132 2430.157057743
-4381.314447531429 860.035309048404
-4063.9480569387724 578.9497785153972
-4454.475947424626 1596.8660866197092
-4496.190725956703 1311.5794940443209
-4541.826507520384 1357.939219236927
-3769.554156175925 -226.389293706281
