12.5 1.469410854380272 0.7652001783374833
37.5 1.0957630244328909 0.4274001326936811
62.5 1.1304083951502577 0.32720388994285826
87.5 0.7684337934639726 0.2644908555878036
112.5 0.2005437792317607 0.19068456452598095
137.5 0.0789470228342527 0.16748085844369257
162.5 -0.005278152064248476 0.14902873580389991
187.5 -0.031846627226129354 0.13737973197506714
212.5 0.16132473811130343 0.13864248990073283
237.5 -0.10149067616021323 0.11905683428365513
262.5 0.1496643747982616 0.12432732745941677
287.5 -0.029019589538648416 0.1106237070955328
312.5 0.0823757757468691 0.10987332696608931
337.5 -0.02150689678062856 0.10362783799129792
362.5 0.12863409204429133 0.10418114995523228
387.5 0.0533860584333507 0.09902765860616433
412.5 -0.023235483666025625 0.09283580204733688
437.5 -0.05374741656907189 0.08852052392117155
462.5 -0.0023071567193924114 0.08790738984719573
487.5 0.07298145001074086 0.08817599849725569
