12.5 3.1042254753549865 1.4626950608788722
37.5 1.6651673169248433 0.6623075453987161
62.5 1.6622649022775406 0.4866280151063008
87.5 1.6846562248192893 0.412597756053514
112.5 0.5681346559325676 0.2705569273410817
137.5 0.30503038943445027 0.21867013921977477
162.5 0.15108024264134406 0.18455854541359504
187.5 -0.008776176737990415 0.15288388763333055
212.5 0.4594802648127438 0.1898851883988106
237.5 0.2985022242838737 0.16523186996237388
262.5 0.10372273660721243 0.14259642852676424
287.5 0.1526688314176332 0.14037461307821386
312.5 -0.08614684487189928 0.1135363369052496
337.5 0.034244935185333114 0.11851601942513738
362.5 0.0636724338371808 0.117054901204157
387.5 0.10420361991734889 0.11766535310984287
412.5 0.024492955316286757 0.11057511202924203
437.5 0.2335212448269564 0.1215448286900077
462.5 0.04394750621546234 0.106979838549472
487.5 -0.08257896046854529 0.09443073637987814
