12.5 1.9019722254638816 0.4997586880562774
37.5 1.4013172309229378 0.26765228152132087
62.5 1.0061094636322827 0.18582418696781566
87.5 0.46713882264831597 0.13292007071601591
112.5 0.38770952048104634 0.11325258144716108
137.5 0.2349382433581868 0.0966396575405283
162.5 0.17784130387953723 0.08707458989437176
187.5 0.06907094140808234 0.07790668993477141
212.5 0.2757796723378423 0.07998171922342169
237.5 0.10191642381058164 0.06961313369003795
262.5 0.16914892392112502 0.06910936616694245
287.5 0.06721703026624448 0.06301106276357367
312.5 0.19664203044179196 0.0642105456395011
337.5 0.1694976910367012 0.06121053773101423
362.5 0.12418743869321536 0.0578898270857107
387.5 0.17190628878368175 0.057214826002275274
412.5 0.10947056452742165 0.05457317672783589
437.5 0.0802564349754169 0.052262711984762095
462.5 0.09000968423266698 0.05129678693994462
487.5 0.1152102128504715 0.05031716647863281
512.5 0.08876612484949753 0.04858197285442194
537.5 0.0926167982732935 0.04774675995784696
562.5 0.05933743654660373 0.0459340627089184
587.5 0.22139372850186834 0.04869693810349997
612.5 0.136198000016998 0.045899394704076876
637.5 0.060820131186565485 0.04355079421184958
662.5 0.05317877549148786 0.04257323801223694
687.5 0.10917133129484813 0.04304968537610865
712.5 0.1172461113080745 0.04238272155551442
737.5 0.05750225393066999 0.04072227187839191
762.5 0.06774212705946114 0.04011791784342044
787.5 0.04331542749615869 0.03910852787740939
812.5 0.020728623893630393 0.03838388531284504
837.5 0.17692930875754365 0.040492034992218165
862.5 0.047474913581220024 0.03755386439717909
887.5 0.06643673980749276 0.037564615046865465
912.5 0.061260868009449965 0.036892027075265316
937.5 -0.026645738777139716 0.034779887148221666
962.5 0.046465330967954355 0.035847006666703096
987.5 0.030753293673743354 0.035082141460882316
1012.5 -0.0032688861622773846 0.03422215515638924
1037.5 0.011457833898906422 0.033922601641182645
1062.5 0.054757285094153785 0.0344045234080936
1087.5 -0.0013898059434857002 0.03303609385879464
1112.5 0.06034175674483566 0.03372445144671689
1137.5 0.02241670460051992 0.032879606429486445
1162.5 0.04061205485282682 0.032767622476276285
1187.5 -0.026294195301385548 0.03142297122437451
1212.5 -0.04973561626874945 0.030768142973429866
1237.5 -0.006738133918815947 0.031124468045885884
1262.5 0.0006866184238278894 0.030932294259619863
1287.5 0.031082290925825262 0.031247481355560918
1312.5 -0.007160450157569609 0.030307341589975667
1337.5 -0.018165829468358763 0.029899633135158882
1362.5 0.0011580144997163089 0.030075108976288015
1387.5 -0.0027215053518833132 0.029670813164901003
1412.5 -0.04022981029810291 0.02883092170938847
1437.5 -0.0027989997657404952 0.02932796042284479
1462.5 -0.005256015855095941 0.02889084808121808
1487.5 -0.000991041169881246 0.02873326695905921
1512.5 -0.029200667421145687 0.028176105682811335
1537.5 -0.0001953950491251355 0.028358025512721024
1562.5 -0.011131085895236925 0.02805538565961471
1587.5 -0.015221998768152 0.02781790188331107
1612.5 -0.04025740720966309 0.02729526532966495
1637.5 -0.06575950314060486 0.026699909053368494
1662.5 -0.008069685820645378 0.027409064243949368
1687.5 -0.041010434916710525 0.026739505036380014
1712.5 0.0049582124332328 0.027220168603931144
1737.5 0.010218603263546067 0.027065218331699403
1762.5 -0.055648697519425694 0.026099691491578605
1787.5 0.003313874213995094 0.0267471397831889
1812.5 -0.05439966665634122 0.0258275593436568
1837.5 -0.029847177781252454 0.025979933155565155
1862.5 -0.06379135860143526 0.025411126369905633
1887.5 -0.049611858463487035 0.025294587247332002
1912.5 -0.06762405108351077 0.025001411666817117
1937.5 -0.03774093608076923 0.025317470590941967
1962.5 -0.027625852505143156 0.025197188872855648
1987.5 -0.028747039655121043 0.025143062600447224
2012.5 -0.012148714815119699 0.025216627315793664
2037.5 -0.02549078668107574 0.025048382212177152
2062.5 -0.059865303752305477 0.024344819139709196
2087.5 -0.030265371049690293 0.024585179562769423
2112.5 -0.0064082805524345865 0.024794927861422036
2137.5 -0.005360018704606673 0.02470884837419756
2162.5 -0.012722013550496292 0.024575838041590484
2187.5 0.019289566381390122 0.0248459579002276
2212.5 -0.02973415765600751 0.0240531678482415
2237.5 -0.011302061891698911 0.024204511123034157
2262.5 -0.025139553195365982 0.0238899959040749
2287.5 0.02523158066847797 0.024384445263601208
2312.5 -0.05345749842157821 0.023374579939802784
2337.5 -0.017412650495216675 0.023601304175078455
2362.5 0.014531513079248493 0.023968626419410197
2387.5 0.005097171307820281 0.0238868868720312
2412.5 -0.037481347068292425 0.023225588953121486
2437.5 0.07695242628999255 0.02445536476244725
2462.5 0.04715194754056262 0.02405047506983799
2487.5 0.02098825594984599 0.02358878932514428
2512.5 -0.027514803415786382 0.022889501785526855
2537.5 -0.02125889554626681 0.022914594144474363
2562.5 0.02027511123159864 0.023258936813252255
2587.5 0.004602259488436955 0.023032406929410193
2612.5 0.006779823481758651 0.023035627446134903
2637.5 -0.01308480333056028 0.022680657987539796
2662.5 -0.020786443770908547 0.022501688440164914
2687.5 0.007843087971181717 0.022736890497495197
2712.5 0.02130363967538984 0.022924707023572775
2737.5 -0.015653768506134313 0.02233453203699486
2762.5 -0.013095945280896193 0.02237633542901909
2787.5 -0.018235567572897016 0.022141976575775543
2812.5 0.010930876625840469 0.022447462052873856
2837.5 0.027745289887055158 0.02254458814976669
2862.5 0.005662510692398426 0.022248904916132677
2887.5 0.03942289826452172 0.022587224309027307
2912.5 0.03652983405419108 0.02245127434393126
2937.5 0.028156826876239993 0.022329248629613087
2962.5 0.01853816522961238 0.022174177513429212
2987.5 0.03872170431322042 0.022275937572866902
3012.5 -0.053349575272227945 0.02117369671884269
3037.5 -0.02750861762972079 0.021425092890043188
3062.5 0.011228551108910079 0.021772621381213823
3087.5 -0.0077750350459165896 0.021500493986073774
3112.5 0.00471876144011385 0.021543222084968606
3137.5 0.0338979653202367 0.021835582618323003
3162.5 -0.01959357856245425 0.02121720807767341
3187.5 0.004061254561842809 0.02140907651913329
3212.5 0.05302374438027058 0.021811653586874397
3237.5 0.06170305078521965 0.021888446492890706
3262.5 -0.022489786323288685 0.02092982448895485
3287.5 0.01731061868383099 0.021356003815584754
3312.5 0.017654554339880058 0.021262859779075362
3337.5 -0.0214033325790427 0.020736063729187102
3362.5 0.02635901073446667 0.021199686857800312
3387.5 -0.005790024113857539 0.020843150074061238
3412.5 -0.00462025239040309 0.020761209807102107
3437.5 0.00914097085858101 0.02085734556503634
3462.5 -0.012411745250999418 0.02057064791721767
3487.5 0.0032438631785955963 0.02072542054069172
3512.5 -0.019752173272502227 0.020403069781183995
3537.5 0.022745049560006336 0.020852257299629376
3562.5 0.02286065382605673 0.02077885237476126
3587.5 -6.886960469032477e-05 0.020519746460484732
3612.5 -0.0017467300053157775 0.020363771376544753
3637.5 -0.05765811067406612 0.019803716970065725
3662.5 -0.004115413193986228 0.020265515351469754
3687.5 -0.012486215367948583 0.020179189135252112
3712.5 0.009896052797189636 0.020357147863048916
3737.5 0.00023203367079149828 0.020144136740119434
3762.5 -0.0026445927075735565 0.020089526370665488
3787.5 -0.024431364718544124 0.019859563874929192
3812.5 -0.038663071271926475 0.019606436661772732
3837.5 -0.018816665104167907 0.019795486078554414
3862.5 -0.020273884242896334 0.01974220415948765
3887.5 -0.02994882191085324 0.019595721183962658
3912.5 -0.024422032717208553 0.019673312496209145
3937.5 -0.018998783224531413 0.019636111455361416
3962.5 -0.04303736910088429 0.01934388252285946
3987.5 -0.034559991940969925 0.01937439927625608
4012.5 -0.03263035895063371 0.01935645698049334
4037.5 -0.016179175862632067 0.019488158471383233
4062.5 -0.03326489503623509 0.019294577461455412
4087.5 -0.006291693515883878 0.019525862535127794
4112.5 -0.048033343473387724 0.019041179981829214
4137.5 -0.04216498423570514 0.019048337458944225
4162.5 -0.036833286044567703 0.01912964951006216
4187.5 -0.00580303895927381 0.019368195044317037
4212.5 0.005489897326256932 0.019540047164057408
4237.5 -0.01687595864874991 0.019217902648298913
4262.5 -0.030829483371703215 0.019016865517964082
4287.5 -0.01852413371510464 0.019068155247052902
4312.5 -0.04189320580710365 0.018840012260230753
4337.5 -0.02075581684948602 0.018992802341279112
4362.5 -0.01975552581933604 0.019047479025146887
4387.5 -0.04548069928845966 0.018729779700003484
4412.5 -0.0322663378250827 0.01877054073248317
4437.5 0.012521217533525641 0.019236158456872352
4462.5 -0.00974574411963991 0.01893902574866139
4487.5 -0.0163130616076701 0.018906888864426104
4512.5 0.0009015640496405908 0.01904649771004708
4537.5 -0.005906828768142858 0.018922167965618204
4562.5 -0.00017899680689636988 0.01899882864403346
4587.5 -0.000921198763699449 0.01897118105950494
4612.5 0.004221436743898632 0.018966643431087282
4637.5 -0.031029797861044095 0.018600761015543418
4662.5 -0.051741935911980175 0.018385317857540998
4687.5 -0.011443970530767733 0.018749307780840677
4712.5 0.007494677766394231 0.018976333838142425
4737.5 -0.013560195276515086 0.01868573780384616
4762.5 0.020940575174776432 0.019029149015060722
4787.5 -0.03932741459126565 0.0184231417550375
4812.5 -0.022351056906871225 0.01860237793977928
4837.5 -0.002271915549194148 0.01877402588661425
4862.5 -0.024918236395644167 0.018510446024225247
4887.5 0.010206906828121864 0.018907151562878064
4912.5 -0.02341633951049782 0.018575308278065007
4937.5 0.021844097108508098 0.01899148741568168
4962.5 -0.007798409410274321 0.018652730805710192
4987.5 -0.055056173370801265 0.018183782730260542
