12.5 0.8949200803981627 0.782610978346947
37.5 1.5842441279098227 0.4961199423897031
62.5 0.4194573243070361 0.29227793273222874
87.5 0.6009885827786454 0.26946037503561543
112.5 0.6047070951119573 0.2363820868320688
137.5 0.4477259016448769 0.2025529541536115
162.5 0.22913734944745667 0.1685310468196055
187.5 0.2219132004582609 0.15893589836683686
212.5 -0.06457665722631545 0.1317410311541663
237.5 0.03613494104878168 0.12835403576722987
262.5 0.06646957822527577 0.12478954911732669
287.5 -0.011328369959060058 0.11409971304904472
312.5 0.12791522743399075 0.11714424525443717
337.5 -0.02722141607427042 0.10373279973320351
362.5 0.12234876039063303 0.1077519575756718
387.5 0.08993637749109507 0.10368118165952209
412.5 0.13409394857012202 0.10255645062282369
437.5 0.008914019117803207 0.093455772751602
462.5 0.015993112170980428 0.09218281491595524
487.5 0.045904079380170826 0.0902637732230104
512.5 0.09581218165864769 0.09130258396106644
537.5 -0.03275953672380916 0.08343483400877655
562.5 0.12035381855282967 0.08808899805213685
587.5 0.13974034157453508 0.08676141822283795
612.5 0.22968060751210562 0.0887263954170869
637.5 0.10999894876508298 0.08216704451649356
662.5 0.15961428639179664 0.08237736648651833
687.5 0.1761021890426262 0.0823371658175702
712.5 0.03752278166287226 0.07595136731296404
737.5 0.11135760343160706 0.07777378134096184
762.5 0.11396207571279326 0.0763158933995162
787.5 0.02965291554062599 0.07167466924533525
812.5 0.06318178496376747 0.07198603926970076
837.5 0.08507759687028016 0.0715612242326206
862.5 0.11755013615290943 0.07218464869002998
887.5 0.08597758993578886 0.06984496942759666
912.5 -0.06648752876557507 0.06373575386605139
937.5 0.09078850971665964 0.0684989718379222
962.5 -0.037550945285458104 0.06397785807093297
987.5 0.10093512756182599 0.06720695585022837
1012.5 0.11958739505571425 0.06677623601601411
1037.5 0.050353974826451875 0.06445586235119814
1062.5 0.1255121236347918 0.06598439353002208
1087.5 0.06899173390563851 0.06340600532590776
1112.5 0.07980475425320877 0.06328709742791257
1137.5 0.05592910939706974 0.061774120094588804
1162.5 0.02636337818887502 0.060547179345387725
1187.5 -0.01231682518841215 0.05917384023507192
1212.5 0.16664116372332383 0.06326138984274748
1237.5 0.07696365351063084 0.060698663039465334
1262.5 0.0292209437455766 0.05863786637938294
1287.5 0.10048336467870378 0.06008689658969843
1312.5 0.08187116297777774 0.059151004353920913
1337.5 0.06246585257137305 0.057827833017441245
1362.5 0.12451194074524219 0.05951263733041503
1387.5 0.06171136159198687 0.05695975642579033
1412.5 0.16154340735208894 0.05901149977694901
1437.5 0.1475242846045055 0.05882048397886271
1462.5 0.04093622196846458 0.055368214209926006
1487.5 0.04955087854562645 0.05529142906465161
1512.5 0.01323474521697432 0.053810532620984286
1537.5 0.07054522640667815 0.055063275196660565
1562.5 0.09602497355996098 0.05558994898525257
1587.5 0.15078158645497974 0.05648340154774179
1612.5 0.018424308638151476 0.05278083883655965
1637.5 0.04693107569644117 0.05335554887166021
1662.5 0.10026819628105543 0.0542457492899968
1687.5 0.08546542420566983 0.054031906697081154
1712.5 0.1056663510173419 0.05368331777164646
1737.5 0.11940150031550067 0.0538560753766667
1762.5 0.10065153200800014 0.05306923090788971
1787.5 0.06433953954702543 0.05184492090378446
1812.5 0.12974372461139727 0.05333195551530584
1837.5 -0.008036653733906607 0.04965385280260185
1862.5 0.0453887265245676 0.05091591932511102
1887.5 0.10370387275968085 0.05192351816788209
1912.5 0.07410763145292187 0.05102587749430594
1937.5 0.034478454734776065 0.04974451246595952
1962.5 0.03040090230250314 0.04960386107377519
1987.5 0.014668850369101705 0.04873043778840158
2012.5 0.08300818179617897 0.050450182090586784
2037.5 0.035253986626789136 0.04884319377063056
2062.5 -0.039393359613897116 0.04698294085759474
2087.5 0.09444556543680815 0.04987742291360672
2112.5 0.037420366587723075 0.04831310113976926
2137.5 -0.014706490375775316 0.04720376502279296
2162.5 0.021577377911584872 0.04772422079524837
2187.5 0.06188857084929067 0.04848353440818935
2212.5 0.07020261059057686 0.048370510087595374
2237.5 0.0939369426802874 0.0489110191903654
2262.5 0.09636323936814217 0.04845020504024477
2287.5 0.041221813723480105 0.047195268839948824
2312.5 0.045282004283678345 0.04728466385399387
2337.5 -0.0584555331846196 0.044543651199314714
2362.5 0.06557079523610687 0.0474476907464124
2387.5 0.06907260636290169 0.0476046367366627
2412.5 -0.09751026276670116 0.043313222449488535
2437.5 0.09218103126801713 0.04749260427623253
2462.5 0.07735216351312313 0.0469751887383411
2487.5 0.0032013661045593444 0.045369431847815875
2512.5 0.11619222312136768 0.04757724208451286
2537.5 -0.00036889437968046224 0.045025427235399186
2562.5 0.04377636848765154 0.04584724545007841
2587.5 0.007407858654435495 0.04492989747782957
2612.5 0.02484720754649028 0.04496778457650245
2637.5 0.023219386276760234 0.044938651125207306
2662.5 0.09522903729435073 0.04630578461943257
2687.5 -0.0420086817220231 0.04283947795524229
2712.5 -0.0007013419126368214 0.04388166767613168
2737.5 0.03007022850119201 0.04481661363099055
2762.5 0.007458016280016189 0.043908891146346794
2787.5 0.09401944776582427 0.045732997502066074
2812.5 0.03747382809622124 0.0443599445594519
2837.5 0.003943457946290474 0.04343005861209931
2862.5 -0.010167073955421047 0.04305537365532316
2887.5 0.05629545637225308 0.04441470000577295
2912.5 -0.015950793436296462 0.04276233697045327
2937.5 0.09098073300316023 0.04502660137299462
2962.5 0.040648020766903104 0.04394473390901473
2987.5 -0.020220044734839515 0.0423393892492668
3012.5 -0.010162543703212679 0.04246439183010572
3037.5 0.02362169978757045 0.0431832517537308
3062.5 -0.04224987357511201 0.04172975435289683
3087.5 0.0075538720500418766 0.042765099840643174
3112.5 0.044357316120431145 0.04330902892725145
3137.5 0.008302294175326796 0.042495670363869975
3162.5 0.017336871100786633 0.04272914085071612
3187.5 0.04084938864625598 0.043199319615353886
3212.5 0.03004690869562321 0.0427481546534528
3237.5 0.061525416862253435 0.0434754839786488
3262.5 0.019967927143087705 0.042471968732819866
3287.5 0.06280109845385495 0.04342037083840984
3312.5 -0.028233553600012007 0.041384643264307894
3337.5 0.0377185794917978 0.0427426853105629
3362.5 -0.02165611960572078 0.04137092091267832
3387.5 -0.06080637161042557 0.040463629916315885
3412.5 0.052355376786053176 0.0429202224615185
3437.5 -0.03926830681797722 0.04072987235300222
3462.5 0.04644125998922011 0.042468781722288275
3487.5 -0.0519249517314756 0.040515328683714
3512.5 -0.021721570407125412 0.04115059894918351
3537.5 0.0504177357772031 0.042493232589025744
3562.5 0.0354021704784635 0.04225912641829526
3587.5 0.05207724837738459 0.042595217505473425
3612.5 -0.014747891780666045 0.04108810228588723
3637.5 0.06560662092347402 0.04286995819975783
3662.5 -0.013432950745625116 0.040898054621939454
3687.5 0.009522216736371103 0.0412302652327215
3712.5 -0.007740291523227194 0.040996502386960336
3737.5 0.004512151888637961 0.04112614744750226
3762.5 0.025384619866615887 0.04144075138968416
3787.5 -0.02915040032265137 0.04017447389112073
3812.5 0.028334711033270565 0.04149385587983467
3837.5 0.028858801136807388 0.041349273887701654
3862.5 0.006866770875142425 0.040919405934277196
3887.5 -0.021468675517976266 0.04025654595250889
3912.5 0.0366632579950632 0.04143426651433359
3937.5 -0.03624999891156744 0.040014600093814516
3962.5 -0.009573295090923528 0.040512457394030504
3987.5 -0.0226914462957164 0.04010546790354212
4012.5 0.06450540262676929 0.04205967560373683
4037.5 0.023725289138832206 0.04104359780863384
4062.5 -0.02009860568851729 0.03998034986340521
4087.5 -0.03293820959431315 0.039781903728321855
4112.5 0.04873007349998204 0.04159291539764468
4137.5 0.016326674579435707 0.04087509736254247
4162.5 -0.00664984484362563 0.040432765628748486
4187.5 -0.01410494726814493 0.0403593466123287
4212.5 0.041797199387834105 0.04128416640575811
4237.5 0.03624911796672414 0.041062916900303545
4262.5 -0.019334008551172177 0.040077704220374176
4287.5 -0.04588870316432414 0.03967972564633794
4312.5 -0.01303875740451943 0.040204060586352265
4337.5 -0.03356288879920444 0.039822703527255
4362.5 0.012628032118673138 0.04095504927970994
4387.5 -0.04583223330008379 0.039547114341157145
4412.5 -0.0034864259664147967 0.04059554571926265
4437.5 0.08898577921736095 0.04222771121195237
4462.5 -0.006076466733773156 0.04039019474457488
4487.5 0.03685247941395842 0.04147459894550009
4512.5 -0.0607773001912254 0.0393951436722623
4537.5 -0.11572686320090586 0.03815474975994066
4562.5 0.027760154634496326 0.04114112891416247
4587.5 -0.11970530201714336 0.03812283821462506
4612.5 0.018455159443176328 0.041125803933273364
4637.5 0.02182322542972992 0.04113040467163371
4662.5 -0.021250775105625563 0.04026556393498231
4687.5 0.018045578701134435 0.04117552065274681
4712.5 -0.035219283265478185 0.03982091800292199
4737.5 0.02243722661649694 0.041287606166685246
4762.5 0.019737640146025415 0.04117791376557748
4787.5 0.008869666413284794 0.04106835631507144
4812.5 0.02829530591122631 0.0413264851154764
4837.5 -0.008888465457289718 0.04070920818772624
4862.5 -0.05096781469682932 0.039878397975379225
4887.5 -0.037581173309005345 0.04051498315627634
4912.5 0.0009229180905381273 0.04108044866325719
4937.5 0.020823955979137887 0.04149016739221263
4962.5 -0.08252324431578673 0.03937850155950345
4987.5 0.024388216801846108 0.04160201948683878
