283.5735652642288 -6303.5785296822005
2907.9730761134606 -5435.764429834236
7021.007031414651 -3079.4892798294213
3335.6800805373446 -6067.309290037332
2943.722102489543 -3765.4818913619624
-3812.64024355013 -1438.013040037382
4511.933309268017 -2804.0789367238854
7305.016496686327 1258.2238431362084
-8634.935328937687 3848.7493579030374
3366.1828983991727 -2893.2916137954608
9026.738508546408 -1542.4761554130373
9588.39424313363 1233.0746602410316
-680.3643244686775 -406.2141994626865
9779.37518662519 -1169.6038637981935
698.8844933881526 -6735.889509022751
8333.738268413963 -49.80349172968155
3660.856989387847 6282.13927944144
-3826.971454882516 -7109.897683996308
6655.081721339227 -2681.22549067495
-4720.079042184635 -7003.444795230269
7050.512475824369 -2768.3072894138945
-5306.1336172146375 -5376.174135163276
8723.194911122355 128.16879360113268
6516.452546898081 1535.972945252279
9737.64504146749 -942.9506845497461
3978.7880770954903 -2730.203922146041
-2538.9682191119846 -6169.66853295714
5404.691692932201 2713.003486540906
-5379.072281971841 -1054.0221329977546
3076.3953676788415 6658.549864869985
2419.613956119809 6512.70909121112
10201.00845349319 1706.2161109573851
-4312.595326014072 -6488.032633199231
-7250.332839911074 -5071.282307880617
-4419.368510698541 -1157.965338557306
2089.0176869517727 -6211.837893069937
6801.255111407876 -3399.668835427859
-9677.769282995467 2039.2640218240435
6194.071662372796 -3534.5163092495936
3502.820524831954 5714.935744420597
6214.864607574134 716.2248225988507
6425.546325143134 -2505.655861513961
-5312.6179289494585 -1748.2642651920316
7812.180613706405 -2330.124235869746
8936.812150464113 825.6336923301626
-4422.1437611051915 -6689.315886956601
4638.791264499883 5567.455635266968
-596.3246994895294 6232.934073224634
1143.8222256840984 -6404.915450626048
9090.574062400847 -1099.6937645982293
10581.416900976219 -414.49170124304453
4458.90952710571 6073.616805977232
4974.051790532445 -2715.199035783052
9512.505822344167 -1015.9102913190026
-5490.878513331313 -1949.2214573842848
407.3172128404542 -6768.4193605373885
-6789.43985462015 -3023.437797344185
8627.925967832853 -2264.4790621127104
-5448.055078587652 -6417.926954006999
9103.730829414704 1174.3884009183662
5212.842359973383 -138.63903633287526
-467.3200389302619 5169.513192652843
-3228.4803091253225 -7885.875183493643
480.41274643272953 6520.875410786436
4180.430890428978 6375.4419549424765
2054.664652290004 6968.436542211574
2810.972422969198 6610.377878088891
6145.402282931592 1344.7498032100398
2328.1458237127495 -5729.952634692547
5395.472511075135 5114.662405726787
-889.7011351811685 6139.3621200991565
-5898.927054682881 5592.260290354262
3722.9516997054907 5739.705707106645
-3454.532736089511 -7866.923982432817
6580.106614165265 707.4969493759133
3005.0473627708357 289.6470177691025
-3547.9283947250383 -6724.162653531555
-4183.625585203335 -1537.3497750219733
-6306.487336335771 -2326.305638000267
-5131.41353422131 -1188.9498158185916
-3618.806212809245 -6377.011991315534
-6281.795800400129 -6133.72020958147
8143.446713477619 -236.89661003508846
-3536.5604376251063 -7196.824566551928
2499.564429122544 -4286.50980771995
4341.73343650991 -3450.408933706417
5867.718284267839 -4019.616014431996
-6550.913072557138 -5762.284339130859
4919.011513183369 1389.2178467116523
-1352.1136293412735 5856.704303227421
-4190.340409634284 -6777.023753281036
-515.0355049548577 -6881.292495482663
-4057.214349570969 -7843.178422980006
5482.912965214877 4742.952228023615
5874.4397322212535 2246.149015413874
-1389.7999277211106 7526.275136040902
7897.458442192474 -304.301051192693
3357.610761624525 410.7713945067315
5568.89201240153 2170.1557829418816
6127.425834988803 261.2584813727931
7651.668788144587 -2615.262048858178
-4987.858501548811 -1056.7232096289958
2705.927801624885 -4024.95785164258
6097.19670480801 4591.731426315611
-6541.9277663463945 -3819.588955129086
2999.423731203709 7085.920629072304
-6340.13527091768 -3008.6268460738747
8662.68275808747 -1202.6208496247057
9851.42959632111 1405.0623457095562
2504.4277382921614 -5861.207266360201
-8614.616432047576 2785.0640387812614
-6768.570948384187 -4596.143211258528
-9879.663446497605 2363.2654215480343
-1101.0354986306181 -6693.247430997444
5627.8118293341195 -3811.338741738073
5313.9016380505545 -3922.8487187435844
1685.696928420563 6556.904872389165
4844.285888761197 5255.312352748838
-7512.152686939665 -3716.1668704759686
3911.5710433242607 6293.973768508372
10173.449540384467 -739.9741278306334
6956.080621171289 -1201.299618314601
4950.217591140673 5463.803298015705
-491.70504928282156 -6062.541728493696
6314.764604492439 3069.535408860422
5998.507711872923 -2397.649402073005
1158.2105516277709 -5973.101576617195
6505.669978389864 -3773.5973717133643
6571.610973396867 -1375.9307069073207
6193.073520692963 -2212.1996692745856
7284.169248114453 1822.0756601664027
2170.7997197401714 6535.629886760544
-6350.357919069407 -2048.4670092344622
-6224.306328203546 -5406.650143203883
-4591.418771789348 -1561.017020869311
9944.271082638166 -884.6779118225714
4940.524334510619 -4157.394632869335
-8336.77414394312 3325.633321479598
-5813.772873298074 -6320.606794752936
7589.14967599408 -1438.6455200369137
9311.423812935696 1395.8589487190131
10447.792207684435 2468.5967620015326
9115.460830531896 60.35878052852491
6253.823884861147 2540.3847921177016
8703.339748385 -571.4967711777485
-3670.3537857123124 -7987.833159771855
-3357.2450667626167 -6800.557788596646
-8088.430791244818 4012.6522377824494
3037.11431281573 -5908.059440898444
-4357.114666111502 -5989.58377279909
-6481.140859391975 -1403.951822340153
-10259.87421716599 1871.6868401959441
-7290.839593593312 -4655.1889144517245
-9025.303924622893 2361.94698832526
2136.2895198788515 -5915.9478931114345
8604.689860194048 -1901.1037445392658
-4556.01884467376 -7377.449005495959
-9166.61953089576 2485.7312040952734
-6506.435514482892 -4575.560785607663
-8752.9051651981 3000.4184384447362
-6945.61049684285 -5131.075713072257
6608.734817745053 -3470.960325713687
-4635.204200358587 -5777.361710679608
-2322.55529192314 -6773.386563635562
-6476.362385689574 -2545.0875512360467
2430.9701150022456 -6492.594913766592
7051.911683922592 -3459.7478424950905
5734.315626066025 4647.965413013517
430.2017493499115 -6969.738442029457
-1811.1658859709605 5773.397100551785
9441.82786375947 -1435.922632214225
7153.6367588051 1488.2317661219058
-1077.6294081745027 6370.660891136764
-7251.205441902204 -3671.8750748504035
4356.191585039136 5801.431698383533
3292.0876315478476 6936.141778210781
-5239.8266405282975 -1469.8961186460715
9636.482407050515 322.00726775166356
5525.646858609088 -121.62727768431316
9282.851852989854 -1490.178622750139
-1308.6260102472806 7251.185476949749
6337.129215188187 1044.4685175099507
5527.973934825176 4400.416853058032
2015.2761557909894 -5845.192148236119
10771.925972187724 -276.9339763540246
-1502.665058411172 7400.920700134633
5860.545228637499 -124.78127552865895
9872.035780149849 445.8809184397022
3629.560508778286 6640.5359510885055
9400.542784736019 -101.9895577617738
1729.9687256034877 -6189.629818561629
-1600.8099874694203 6018.914594421846
2863.065971678985 577.088871443809
6906.930314896251 -1751.4774652737792
2511.3634777209027 6698.562456643995
5931.4834788789085 986.4924779503922
10403.860983898508 -538.9563958662884
-3018.6378984055495 -8012.7868519386175
3534.01910272597 6808.429289779694
7667.483150477666 -501.53440108633805
4870.504707646142 -4396.538732284604
5276.337886332406 2038.6733167234015
2384.71294018442 7063.982122002125
8044.964195671403 -2015.6722447203458
9361.749338239233 99.10420605069818
5235.777714739179 5757.279678623881
-1589.08252021843 -6824.370533995328
6169.638753345276 -1949.3789305775072
-2905.5004253962857 -1151.8826534051377
-4245.641871017675 -7395.716705292052
7180.151551379486 -1949.708454714551
-2742.2523046523656 -6597.54143565615
5956.754229440778 202.95471587763745
6709.018590457264 1857.3244007697883
-8341.684587076421 4004.838320921757
6874.5072495774175 1393.3814158412076
6576.662630661049 3178.5227138166283
8133.201375101876 -1081.3250634573853
2681.7549802317794 6868.623782748684
59.24393370097622 -343.28718250232424
7141.178026796375 1174.9212930847204
-5107.235475476104 -1815.5741914025775
-6049.400868332199 -5635.530154899644
-6227.010816612697 -6788.881142012604
-5058.503986430564 -6584.171685282883
3188.1828386825573 6836.619793322627
9966.25837740767 1938.8777083927544
-6069.184041306575 -5160.998832926209
-1283.2535526562997 7118.422964316686
-6840.016963647975 -3667.577748688504
3834.0985194630634 6719.84745534328
-3075.530256719225 -6629.768985231576
9583.367749190576 -119.71758470705893
-5773.7853017517655 -1466.9627936204781
-158.57323060558147 -305.98578876048265
-6679.090748983624 -3221.129006431434
6866.657313533094 -2930.742632742622
4142.334304780976 -3251.2426365299148
3646.925601063694 6891.234847968776
4213.743832893537 5841.434358001341
-6316.129504111688 -1762.0032606823709
3099.3172002732463 -3735.0750689047313
-5435.0959845809675 -5769.590337698797
-7914.0177545226925 3925.871188956007
-3403.2770840744643 -7672.368863891451
-9735.097383861123 2635.8879816653616
5200.525926168693 5490.113824972561
-4608.63381958682 -6769.164832239081
6018.947776949371 3839.415005095963
-1774.8365177936132 -6773.950902098004
9964.158712527777 914.6233809607209
-4922.659691857152 -7025.774754124064
2859.5517537519436 -4040.8059220077002
7189.709514382611 -1602.5047660194907
3286.073160922169 -5795.54304125007
-4118.540136129144 -6088.091867148976
-8438.515774159867 2901.7325982419784
-347.8680193928758 -6378.8000033847575
5015.574869811696 1723.0257297661965
-6112.336662920289 -1918.8336006236716
6801.857435066143 1973.8132729594108
3022.679671413623 680.9213359400711
2269.6600827194347 6987.031906123608
4815.805987565169 1761.5525000232083
-6796.7625183836735 -5062.111700028225
7270.064382996966 -2819.774085518055
-5052.501232604229 -1691.5483351229234
-5571.602600900605 -1320.0954976033531
-6477.855797150213 -5038.292442350535
8989.669358249772 -1819.5189539325086
-8124.287732240983 4338.890032813732
7447.400314928553 -1494.8244799912427
3130.2225310565677 381.66643138672816
-1461.1419841439435 -6787.683746626493
6711.469581042524 -1246.6868763401974
4564.5968996810925 1075.906464823849
-6202.4957726041 -4887.546973526902
-3130.8622880071634 -7373.891229057463
1869.899529803454 -6324.952620507608
4916.398517395146 5750.529758202519
9441.358748641378 -1307.9277621595015
6112.144644259632 2325.4569281696845
-6011.921231382466 -6189.8615969145585
8892.301369449522 -236.2260005839317
-1513.9358042394815 -6518.101805451911
-5597.60946965702 -6745.878973488559
-5383.223588916787 -5918.914601868287
-6708.87660848037 -2764.185853930292
6415.068855277479 -1394.140484371304
2788.8727232165484 -6116.682261875728
7087.764298702278 1775.1950121394307
-1670.4341988232463 -6516.631460816566
-6623.887261026138 -1988.8756952299086
-6749.752880389396 -3501.402918490947
-6684.271353063618 -2552.1459981847174
-5695.255009918631 -1356.1610087625068
-4318.820372826758 -7565.105080494047
4004.0202126040126 6025.829827777562
-5962.351171534996 -1843.1453962530945
-3104.455923009191 -6321.0401443001465
-8160.001590862627 3352.3432651829894
10328.747670123521 1933.0478640260967
1556.5525638365648 -6242.130361519126
-6650.283189241783 -5065.415351377092
-6785.369655745369 -5617.117755958416
7124.349528391747 1906.7998534765104
-4354.335338140381 -7190.39110534831
-6007.844057715902 -5888.784402278203
-545.2967592913266 -6210.2249079124385
-285.569018491249 -92.89215842403324
-727.669436881417 -6595.8329585431675
-6620.975042555338 -3518.7181627616783
-2499.1034042930555 -6407.86987631509
-7010.83151648779 -3322.380407442486
-324.44407424642725 -6068.696124981358
2858.1740015371574 111.31972299535201
7588.56701615487 -2439.474606499396
3352.182223263544 6454.336292718997
-8212.593287002734 4101.093573874473
-6433.2066821774915 -1858.4083479805086
5197.75124951342 -4005.78884441994
-7035.75592171567 -3189.6691493890644
9069.817884522095 406.3591392455129
-8600.64783806723 3063.8980423175885
-7058.073298027609 -4433.0853388092555
7771.13734439103 -437.8971275363295
-10287.153081343358 2037.1934369271205
6527.863381005213 -3563.80683556277
7659.297819340413 -2949.453025664843
-6121.214766570149 -5487.111026424383
5499.984444176551 4884.852835642514
-5626.228449007782 -6451.115577000384
-6337.45976992194 -5180.338828592375
-5771.415197004752 -2007.0708895171545
7359.589986988287 -1187.7489099654547
-9312.009830409444 2318.351362281581
-9209.581179799978 2186.531848564758
-4742.245664430691 -5656.905212483825
-3222.692727589307 -6804.274468789504
-5997.538634568738 -4658.004843609319
5080.999943834348 5195.658410312769
9415.046818158351 1436.2995087656577
-6727.120691289324 -4027.6228111264427
2729.947022040712 592.0858297605231
8117.893702793118 -927.5588392430777
-9940.20580722462 2049.5700279702164
6868.8045127560135 -1386.3961198001673
-7279.31372623806 -5443.484983913461
5771.6811720496335 3843.591201057793
2548.1070899283472 7075.840979573364
-9011.628616295666 2664.973478118288
5944.372932095913 4044.699106236637
3086.14983273585 -5783.288192335026
-8244.141136511207 4435.415492067214
-1316.2812316644954 5692.421727096939
-8209.638842851367 4241.356993942576
-766.5799610175485 -6302.975063995279
5093.8057682715125 1932.3298086041752
6479.980139650877 2267.647021625161
3490.975500066519 6342.758659491887
-5231.19562053287 -854.2261984803775
8458.178160707635 -301.2628059611155
-5030.333966242935 -874.6059540052889
-7454.865324225293 -4896.811864480565
4485.803603460971 5630.789413248925
-5181.323600320696 -6591.031173028243
8292.250089587978 -612.7605283698392
5334.768410777061 5975.1444408726275
-347.716553789176 -5837.015236852042
-5701.8698754201605 -6086.777910262127
5708.282989290594 -23.063652787573105
6690.71313574361 -1515.4561296960512
6330.527088180583 3455.284090395488
-1441.5973401093715 5713.576334438795
8415.519454350419 -1934.3868939729632
7053.529236973682 1075.9829683061735
7354.934341994257 -917.4818941569334
6114.20317060118 825.0645227064857
1341.083831528792 -6146.588720449059
6949.470410944798 3162.5155264813475
4914.49198476494 5158.106105520665
8982.926990556243 -133.15535797079409
-8321.431881559893 3142.203220574449
4816.894159834418 1104.4194911715856
-6967.173142150644 -5502.788610250973
9679.638294028797 561.3756846438922
7184.5651764211925 -3198.8256036829525
3451.3094561824446 6508.959241976322
8418.085973481056 -978.3232751401324
2399.435500234855 -3975.569839286984
6817.334151868184 2252.0898771420398
-5350.956058843272 -6165.436152321726
-4974.524568995353 -772.0861088860356
-6404.921778995946 -5874.00568064365
1465.9096714000707 -6339.7458136298355
3829.1563175996357 6203.0193850718015
5713.723919957572 4411.4137757128665
6505.838374448841 1888.743764795426
7195.109832775341 1026.0366978906184
4318.424821312853 6171.344028258368
6200.238890698175 2742.906880499092
-4206.46127210401 -6359.979227517215
8424.326986104146 -1128.3034314050126
-1315.4389908925123 -6760.7355664053475
8869.277080748954 -1945.7074272966283
-6649.8033562286455 -1858.2770850149484
-6120.210359621225 -2086.1987381590725
-1229.4563834681162 5949.433819868074
7707.971995698577 -2446.355332025807
-5398.082582060033 -1407.9935642033122
-4453.7542506578875 -5870.718046478896
-3361.1260629530757 -7489.899708317283
4467.477290959963 -3502.6592795607685
9842.769096654849 18.7899381774213
-7359.023923506236 -4319.730430068851
10284.133826005316 2112.421188650574
-1211.0406060734683 5630.379059101232
-6536.017410280026 -4262.672689421685
7424.644076029362 -2398.127676488681
5495.8944261899305 -3938.0028595964304
3962.0433065549796 6878.5702017680915
-5862.056422276689 -6023.774993091647
10156.351379771719 -583.8331248923422
-6620.955739222517 -3050.655224819193
2734.889078346905 7035.243748281766
-9457.157491988673 2200.6723067372154
-6487.906245114059 -2048.177037191673
6673.332904066267 786.6524039562951
-3185.084596209479 -6593.739825758885
6765.183890491565 1353.6690858932009
-8450.18025935973 3747.888914787082
4144.693402843654 6105.003436706009
8851.230406668774 571.6392167948286
-334.15495554930965 5097.966303274281
5141.179168912734 -4201.806707654357
6796.749122643295 3111.1744906977556
7493.280809374772 -1258.8260101593207
5866.217323952462 -3648.580898950534
5975.747550833509 -3619.6748954312993
-5982.8796628533 -4981.335928906989
-4209.5844336557975 -7713.344463267669
-2926.2420086842517 -6850.151330011142
6082.072355411125 4742.126282478394
4955.546680877013 1972.7300503817248
6470.751184497323 673.6297587215183
-5830.3157688756755 -1670.8339545580295
-334.2816273208527 -6222.283836791165
3451.9648548626446 6635.909023455304
-8454.588759762912 3266.239110753229
-691.48212745267 6149.324571985438
