-5048.562078975671 -1491.1616541213543
204.4332392429769 183.96146818115795
152.4099372454043 -258.1172090957557
181.13300134323924 81.69241238739461
225.1802268906708 -199.97865059476777
3017.8236357012515 5199.697620077631
3450.8275513958665 3060.6938968088098
-60.789270743652715 539.8785380392997
47.73962043238873 327.4690071200828
-157.11945533929332 402.07553322176267
-361.9392047699877 -235.56783839618905
24.744959528460285 -509.6634064661247
-139.45814322879752 -422.8469458241247
80.42001776702756 -384.0714709219316
-5.32639597165515 -24.1857511112003
-158.34353773361252 -909.3952524832947
-65.42802990786853 234.5173087205893
2418.6359670744887 5514.145762342943
-332.1682273342438 13.810886796773422
-5473.9497879998835 -2856.595826268951
-3606.501947641883 891.3512413065044
-189.70763443453612 -310.9019937707974
2501.1303832366793 4045.8160303657382
136.0410261603932 453.79012444060004
2655.690601889705 4083.220729363759
-226.76418934092743 72.66869382010461
-2480.483368883625 -2667.283629806664
-6212.77274372356 -2488.299820263926
-4203.220848450098 -5518.874102714042
-5991.277176601596 -2585.2318660327896
-119.27790041559936 -49.31707041230961
-3577.552550751644 -215.79328914584192
-1902.180239017202 -3999.7453247526746
-2889.5436274977615 -4744.569508831106
-4034.1064965131527 1888.0450526007357
-5324.253601467379 -3101.993974603504
1895.3628820562012 5615.439042659236
-2468.857225305164 -2972.215499451435
-921.261313609543 4387.589848874999
805.4070007942116 5342.131733218316
-3113.96165701059 -5111.095093163291
-2155.2683504201073 -3993.954487367685
-2422.0624024013177 2217.4416882328087
-108.6469660745782 -263.8887636346485
-5967.787743276525 -1771.0194846877453
4301.211908160782 4968.609392162101
384.8695921714303 4326.287252183716
-3116.207683341573 122.11679286556279
252.52178332247948 4481.636075845704
1472.1337782540052 6227.906312077682
-2097.599955906173 -4761.283943059688
331.9782950063491 4664.338976593401
-5814.386559066248 -1620.7786649558182
-2583.5342100678236 -4376.255222236291
-4434.2159905806575 -3851.26273373546
-4912.795020814866 -4121.533033103992
3061.282137452172 3583.446884601694
-2137.25005416739 -4863.868358885529
2785.384583317325 4153.99483577296
-1278.0330485032223 -2188.8406400080235
-1822.890731061185 -3794.562151393562
-5876.872101789652 -1870.768196822472
-2925.5790152702207 -133.69861220359624
2060.361247501529 3368.707816826295
264.0909115806533 4888.977835983364
3657.767393526917 2805.2457930303462
-2610.8613531869682 178.4172278447972
-5284.621854331781 -106.0838708356352
-1496.620529901813 4046.8888999545998
-1820.5809445685452 -3997.967228344428
2390.808340107627 -1192.1275859173243
-320.79910056261457 443.6772158494611
3813.91717678958 2706.98038606252
938.1702857082906 -466.8393234948989
1712.809821802932 6572.614385482569
-2961.346694854041 -575.3354663837832
-2999.9148216257036 -56.19934453473218
5104.054335897192 2600.372262314447
-1555.101851579283 -4376.484786618876
683.4628930821007 5305.469962768246
-1506.1423957299949 -4375.417765938159
-1762.306943686052 -4098.424564306404
-5931.326857042232 -2109.2785390556423
4187.579620640307 4920.793504792004
987.4830329461391 5120.049813285966
2330.7865590758583 3962.8237595405303
-2107.590056995327 -3879.8874005081684
-5259.927634477789 -5925.824700726086
-4943.6624827403075 -4280.415697675138
-2667.5492811814047 -4886.683150792432
-2763.8968873809777 -2865.615169635079
-1929.3540283091218 -3762.9738363684905
-4590.928258345466 -3707.7301370333475
3518.723848232311 2836.043047132518
2852.8578826502307 5354.3059756866705
-2268.996939005689 -4041.6411091088225
-4131.626918643796 -3901.225576779634
2458.945641638791 -1439.3580069821035
1966.4441615902683 5119.440183676725
-1717.454964407758 -3735.7469230733423
2362.28540625313 9595.87455733651
-1731.207110301391 -3962.1099054437523
1788.9985806664054 6336.8354466251485
-1587.4126341825656 -3687.696472899818
138.4726901242191 -1174.1727593861553
-4269.724831607407 -3960.721938838883
5992.268138040312 4056.911446123042
-5043.726292892903 -3367.1686964409832
-5180.205977508041 43.12462458250117
6274.334626501217 3656.13427714998
2030.729555936605 6591.1032169332275
-5617.292098231107 -3176.1283748331953
-6076.929027249753 -778.822409611517
1852.524442455243 3002.1870877279025
3303.3849795339997 5194.84150665873
2613.896692688452 8323.464570098551
3046.717128719803 5517.022399092561
-3617.37416554904 -3901.389476552524
2218.2715388118986 4514.424907427627
3569.7782587929796 2656.249437581591
-5732.1556730150205 -2398.813848833233
-2733.088909566386 -4865.500299914041
5304.623215935352 4267.503811876979
-4554.722408378808 -4023.3907687466058
-1636.4447204227527 -4400.863156415859
-4353.116096565471 -3804.3021468790826
940.1328590214464 4983.286241720331
-5037.914813068467 -6067.963157392231
522.1893808582189 5143.537262087132
1462.7199627708544 5639.622927704352
2707.5403976759603 3835.591272006977
1849.6216140958566 3250.9003256752726
-5117.0485755226055 -3380.054173183398
-5283.143284936459 -4581.556671292583
1219.3732285953151 5521.0604124648125
2618.2250023244246 3799.6555103277788
-2763.3180470529887 -4357.554730934625
2253.935068256917 5646.142529676223
-5803.189668610626 -2615.075568153891
3112.756400542096 5450.656740878716
4678.7283776626555 5463.526086333488
1664.0059255308743 3077.121437416444
-4279.540933378913 -3814.012183005166
1868.0663162186297 1668.21707893375
1973.518508295819 -387.3250080777254
-108.49263050334166 1138.04221381626
-2521.6823467005156 -4793.100147399586
4288.905845406238 4629.024981918626
-5718.946881459117 -3573.859954515966
-3647.9206969116462 1659.1305221463338
1631.202115245399 5880.906603069284
-4173.367504603197 -5269.605888396667
-575.2240303805279 -5135.0341690469695
3357.672456152097 5433.576348979556
3471.034131100261 2032.0502496048653
2233.9753797593044 3870.1785309211264
1951.1913432852996 2936.54888788903
-4511.327074232781 -5706.325283707585
-2381.4464468882593 -4202.325005115234
-4836.521260091553 -3645.2288965794837
3550.6133995435157 3594.470498269725
1837.7944440694869 2866.160978132395
2372.4057607834843 3194.7754477230546
5189.9252674390655 4310.142654197297
-6089.633461457377 -3276.720009715687
-4014.827875801686 -4124.733319029047
3697.351874010635 2907.9182784292307
-35.987976308148006 1218.7934036675565
4834.601985911593 4697.946394543049
-3169.6859531653854 -5236.620958674417
365.08168815604597 -1010.8928131703813
1302.5200579876828 5387.224841678226
1032.272832912285 2678.5347350158568
3563.7913947662205 1774.0370612199256
2114.4139805345344 3630.0138190123616
3437.32763846106 4903.815490013881
-3248.6121512743794 -4752.350686217818
2792.4884728506913 8395.38848323761
-1624.4213767257731 -3304.189943812797
-944.7145445966556 3595.58518561121
2829.2125272780104 3894.874191399864
3602.0264670466495 4771.821490807203
1322.880843070794 5738.256273630686
945.248774316009 5243.494821823679
2868.531855774159 4020.1586586863505
-5562.429644657388 -2248.2240963628424
833.9716582719733 4992.212978555968
2626.316878475838 4500.993728130873
-1618.3296314860688 -4558.709779369005
-4439.351697603873 -4845.898138312647
-2930.7718614032674 -393.80396235689926
322.33962374055164 -842.2540206761648
368.68454670430776 -615.1168080066209
3552.5635813571416 4815.942365113363
2489.131149306671 4373.50473600799
2171.7217596704613 4309.8187495725815
-4161.589934935061 901.8019930409976
-5838.884920753741 -2344.61244911421
1025.8508209674785 -3121.7050474686353
-566.5444354101002 -183.55811850217526
3410.8652321599075 5072.863857898339
2899.3515515582444 4869.04643332822
2965.7370054593043 8229.665036704608
1942.7520386857916 6442.091273859551
2644.2198956561333 4365.6878532889905
516.6103879198506 -1414.5431790598682
1104.927150817342 5541.105088558542
-5970.333978024976 -1545.040921397674
2106.027898737094 2951.326584971463
3447.7454955738767 4711.78588285651
-3637.823139335421 1489.7869199399108
-3589.386254209791 1536.0675185351888
-716.6809383670375 4335.613496930739
3367.518585508035 1814.865019130466
2467.6326984593643 3423.0836257591773
4116.1874512448585 4749.524730784605
-6164.155925773955 -3911.167473126201
2607.711633780514 9533.597275045608
2506.602893685885 2881.151772537353
-3409.789104587024 -4936.669114976645
2883.349426344548 5535.949269240414
-193.1975530706051 4923.978851893443
2331.302757278282 -1690.9338565861865
-6011.0636328915525 -3003.8025577978624
2498.6648471318163 8411.332167974217
-33.229776196768235 5198.944575910755
-4789.488060754754 -4197.9809915186515
-565.5048695291549 -273.9778113085998
-1401.1542280769038 -3559.2924300484647
3218.602783671661 4774.467629814039
-2267.7161565801393 -4154.640666747978
-890.102984598953 3811.628919138719
-2423.0546552864594 -3412.0352924446042
3235.4360094817957 1947.6017694760378
2264.3488137496797 5454.118452684034
-802.2509767870374 -3116.6495763524554
2798.511251395155 4425.70951888982
878.5867858343386 -253.34389629784704
1269.2763588491155 -2291.051208040841
3774.770752994637 5341.228036804631
4669.105302421249 4897.779579185021
2871.979137069463 3726.2024565296524
443.5766351485983 -1450.072021055216
4082.5087968096773 1367.2709521146223
-1000.365804769362 -2205.359446542608
1024.443818761883 -871.9447368926966
-2360.264210685268 -4631.361538138758
-3633.388755340944 -1765.5632626182567
-2030.17864107011 1491.2452763215244
-3229.8704879610505 -4243.353314154163
-2955.860611061183 2510.9086671637538
-662.8994335317849 -3170.116325256429
-5611.395120862961 -2249.2830263626925
2652.9671171529812 3619.4961377594154
-3327.026458594979 716.6126903674675
-3687.886887205167 -4162.863045975144
2174.5066420541766 5463.401918879719
3295.803254473799 3758.3653214134965
-5973.136396879442 -1296.4624089079457
2119.792824864598 3867.6134146558
-1108.0973688967424 -636.3941154179763
3397.3021839356593 -740.0495458807985
-3909.9226247671263 -5467.344359813906
5857.513941261754 4415.795055228572
1993.4298857207823 4905.177235819289
2112.1490523339367 -1085.2528655529281
4811.607981398504 4573.010201597972
1990.6197617081698 3751.6279423177016
1642.30488405204 2839.1693614732176
4025.8144483398655 1332.0714936750744
83.05350681720815 -1322.3642279456672
-3850.592379371993 -4211.593268082014
242.31944205329125 -979.6881801834691
3308.1767054546362 4787.800304171898
-1857.405673764881 -4349.160930332296
-5638.348398274749 -3481.7141742916497
5298.741038680106 4075.091958557855
-4565.772511468125 -158.24603344900777
-538.8215378799005 -465.5788031983136
-584.5948021374109 4202.87198183903
-4597.128912831738 -271.96022499455614
-596.8389636211299 -387.72194072258554
2878.2068610197894 4585.835424256164
-363.8033544654368 634.9240144215245
1559.261461556167 5754.886215584164
-3817.184778471579 -4278.680982283606
3182.5341547075323 2285.667700325537
-1317.2435372098169 -3760.921569150781
4896.896937784724 4948.191737725875
-1894.0669530710582 -6881.677670582389
800.5981249054317 140.64357889583098
1210.9305836261065 2750.370062376559
-5988.184002785556 -1409.8061443934125
4197.468869526743 4773.985585293257
2231.2833642028713 9638.136575671204
2370.5549154764503 3353.052329879509
-3671.088931442136 -5654.3118421409345
678.9465626498201 -630.8640517540188
-493.4772269951978 -2284.6655513805067
-2525.162733185953 -3764.646223323807
-1382.7778201710814 -3739.7458921949806
-641.3666046872412 -1485.288112548079
2779.3929742478176 8123.631983025174
2714.352466212539 5339.868745704776
3654.950475876147 4433.725828730207
1060.0291336124071 2396.4692248774804
-2482.8675396132608 -3175.975873549793
1159.35903002436 2975.369962771632
2049.918063853337 5652.850507404191
1709.5099498758564 5464.234671503012
1358.6608466512225 3375.6004224778894
2107.875533041054 2793.0540131028024
2714.03629901129 4672.608189261985
-4741.6235743874195 -5553.070493794473
3225.297332403344 2117.000566388423
-4494.162281431631 -4327.221461437203
-3408.8933854802026 -4292.442450052084
-653.672980383925 -4695.916699595874
4458.153635280769 4802.512754615623
-508.8581151665612 -4511.897227338492
-4578.899613622112 -5504.365050751258
3804.994238933917 6235.4282604090295
469.18616651256906 4791.798234388349
-4209.313950175793 -4976.5495330231715
1873.7510112843659 -2345.520451018754
287.1405472764784 -1329.1662367053286
-5941.1338795348065 -4143.684957611315
-657.1721115045201 -2243.043416563562
2116.5935092574637 -1469.5718632198998
5457.551273511125 4440.6357982588725
-5148.583260805272 -4205.72633521413
955.2100151838179 5786.531257593078
-6040.592278321622 -4010.2160731713984
70.70814323105417 4681.109725486556
2973.027827913194 3457.0625449687204
-507.37720485334154 -5359.6186102408155
-3471.628801365247 -4519.840503470387
2647.514969828314 5474.07406964218
-6280.769169411124 -2975.711791792467
580.4005428156291 836.7500392629148
660.9287865794392 928.990083426375
2719.714549141784 5577.490837934939
-5568.92434320132 -4576.405608081285
1185.5095175843442 4231.134441115252
5844.419579194305 4144.036973572121
-4220.143243328195 -4739.455469658218
2674.506844384755 5259.802863214782
5.310655925833988 5392.0427462023545
-1834.4152825662702 2207.8103781275163
-1158.6845686059246 -3350.528323353374
1471.9410121377693 2756.204006713253
-706.12561015903 -2244.118430689845
-3093.208023252213 -3336.196513971174
-5128.034269195107 -3854.9474261217533
3292.974627603101 512.7615768074111
1347.2133855529473 -1972.7722643086165
331.32847953449595 4019.78237783549
-4072.739098944735 982.8734592198249
-6097.332987708285 -417.59874248987296
2437.5454403253957 4598.523635193421
-80.96054516385556 -4819.043215301893
-2215.08028915774 -3757.8963401837063
-4174.9914036196915 -4399.436365428422
1756.5865398028525 5623.621546754657
-4233.263243993332 -4298.981917364264
1422.9202614180979 -49.05700071936304
-5145.1560406180815 -5968.562397818501
-513.9409365906541 4441.899959853915
3764.8601604028213 4798.123557492886
-5502.3759008524585 -2506.86293139013
-3624.8661064510266 1783.98537844288
402.7514207366308 2788.871757780057
2340.1023883172147 9403.081600199495
-3586.026899987455 1242.2293338335198
-2338.2998174233767 -2969.36858640722
2472.128527499429 3038.695677200554
-3287.6326291564737 -4188.095188177776
-4691.387879980259 -5664.996945620306
2696.7713219144125 6832.368501289436
-3134.5580640229555 -2568.509397961134
3760.592029508211 1687.9884591673424
-2653.358618811977 -387.72577286907216
4750.918128584771 4877.014981671733
-549.4455322310951 -3099.8049246560295
-1827.5135879199584 -3387.7475902376095
-5653.3452630111315 -2148.4754189948167
76.32360077026212 -1446.8699479255174
-3638.263946581702 -1336.153907275721
720.515522179315 715.4903152252464
-2321.3814474535593 -4460.9789097555395
3311.368764472911 4516.442756118366
3547.470033081111 4555.703737661437
52.509313583867694 -2928.331097440626
-3885.6597409127967 -3274.287920651807
2044.2738650150602 -860.6303517900698
-5130.066497080253 -3674.170962127919
-179.11962201986182 4415.451386658653
-3459.153952819282 -5627.133120585179
-4648.334601790442 -4409.658990080483
-1280.690543580324 -3387.1070525396003
-4052.449645269187 -4408.0889627233855
-4110.207281540719 -2906.1863588533374
3129.560195366263 4715.9096057824045
572.4516018591944 2227.299106610616
2900.9119066194453 -852.8810006524078
2492.3787227113507 4792.013695961714
-55.76833580574266 -1314.1206346810984
-511.0513405434722 4193.204500216304
734.2795224120119 2343.9754881366935
-4572.470816380475 -4622.745719285461
742.841923454094 195.89372805987398
-2734.7834917641935 -1836.3883643286304
2349.194794304801 9324.111514072378
-1517.5108817707787 -4093.0878292510497
75.57119410627385 4963.91379094535
-5405.692779015917 -4572.893685990917
3948.1201377417683 301.26961155141885
1239.920552493905 5159.644405539427
921.7583926141581 3761.5990235737368
2966.594347346759 3309.9028636721014
-2005.231210629331 -3549.869152591259
1433.0123096355835 5390.159221313297
-4990.543771663457 -3015.6702555401343
-2986.332802735059 -4125.047094705635
3483.553399007222 1659.1513433532318
-1823.2479694907925 -1612.979028430639
-3215.336794313804 -4084.8076102971136
1333.736361198636 4811.186088607941
1.9894354145615927 -1369.37289136106
1343.0155023752902 2617.6301766988568
4684.321423456065 6368.523172445802
-3864.6132647078075 -809.8413149558669
-3557.5708406067456 -4137.436076393517
-510.9068090899833 654.2811709423978
-353.48475200382114 1155.2247397404115
-3070.3914241569196 -3188.766111378802
-2507.010823240344 -339.3004001283674
-4681.833696063531 -5789.099059883693
3434.578601720823 3750.184145325352
-820.8581596397419 -1489.2360121721929
-3785.599594610117 -5634.180472280612
-1515.7748037659405 44.228244732982866
514.3216410628215 3017.504102874155
3897.204870359145 4642.77888551038
3508.423751203417 4407.796686240802
-1338.6632558550457 -2597.1130638850627
-2077.051513112547 1309.3288772747612
1617.0722462184403 6389.503785284074
3952.7933095536664 4078.5460410071837
-3160.4878152357633 426.3565720513936
2927.3517700559705 1782.3772152140932
562.7452042463646 -4013.65633070164
2146.454210975632 5768.120982357115
2553.986720036851 9249.595193666242
-1714.3059707130617 -3294.8495275342084
4.591060802437517 -3019.8200070725456
-1035.701748735275 -4116.4822415558
-31.880713738785897 1569.380196711103
-1216.444488017087 -3295.273183484981
2033.9998285609272 4227.561643630248
-2648.8461115134687 -7270.935023329718
2202.6522105002746 6538.439820400553
3107.411382964296 2430.991515763682
-157.59720428272288 2561.564168577641
-2619.0717008842194 -2681.6095505750145
-3233.568909874294 -321.30585967042254
-2936.092501473979 -4236.979720235756
-2213.8179858617336 1848.9620939236988
-1534.425910882348 247.30650048440876
-382.1012197415578 -2033.5164264526697
1457.855617874591 3264.7415237827163
-3419.733356611675 -4055.3340649471206
-3632.8064801068053 -4704.157957605991
1793.1874747394413 5285.1746085508275
-2053.1638366290827 -3641.3387751928294
-290.5824213127334 6278.75380054676
856.7646594857928 2335.3988908376978
-2844.393817023034 -2245.700082543499
-5660.6009273709205 -4408.867262060748
965.383099297864 -703.6631790032064
-5961.404388345906 -889.33917602903
-4161.617503951928 -4862.506800377921
-5556.481642493176 -3502.55117675196
-1867.4131674270088 -3467.7410513831387
3600.1259549691263 4240.223999107224
1402.7376163275812 3093.8897143143013
1802.9889318984112 4448.543545628627
-5882.260530664748 -2842.8083238984264
1513.235785200558 3412.985358167694
-2864.456466570858 3078.1892036460627
-2647.3490665426502 -3066.5296088314285
-5135.3488786352555 405.795392977543
122.52734986359677 3031.3832909800517
747.4717946083568 501.2668876495903
-4635.729874166745 -4804.928751229756
-3322.1227861101625 287.1651314560453
-5976.705476204431 -980.0865859691323
2578.602193803744 8548.87751798029
-836.6936955302119 -2959.148145118445
6372.989469679449 3590.512247076417
-487.3892066556718 3560.5346527563734
-251.55838426187057 2220.276625145871
832.4324919333899 3725.67736666506
-6174.036957576248 -3029.917171612059
2156.1718940791347 9093.504254199479
2382.508297828313 5117.504298682479
-6458.118907121791 -2448.385948397564
-1043.9129195900455 879.9166690508684
-6211.928553524221 -3290.6545708140416
-935.6459531246124 690.1147884570613
-3821.0080738645397 -3939.70786003137
1659.0445756878894 6288.666436345956
4882.459921774478 4789.516273616053
-1920.900549786895 -1637.7266299921578
-3653.0436614710516 -1472.1132970865847
-624.0393680371028 -2999.7032418627546
-169.46131300334628 2176.8744097664876
-738.7835775132514 -2957.002304267736
-5953.253522584853 -165.8239438448542
-144.07338543678168 2098.292596754451
-1840.1008010431592 1992.8785025725301
660.8059431032098 -472.9831675216476
231.16251908929888 2106.6340307393716
372.10150458725593 -1621.2294273283894
1798.1146933314926 -2154.9951614464635
-2350.6983085573183 -2596.6317787150424
3150.6330166547273 125.11763369558751
1992.61885023482 76.67870088071018
147.04176913103294 -1920.1253766934133
681.0314234593255 -811.7111267749121
-1123.6856330112346 -2841.0913673849805
-309.84339208882267 -2642.3749711961727
-5115.6057554385725 -4962.1779365117945
-7194.424257834229 -2306.0300187048833
-221.2229411267513 5228.661603129493
-3463.796171926122 544.0531546640257
-2759.201024720874 -2560.3305613754433
-164.01980469613898 -1836.5366770362589
-1967.3870981026369 -6894.566031546247
3443.7728585950404 7810.723490583239
-6483.998594762634 -2324.6318668251647
3810.8575387752853 5047.9833559320305
-7342.345838503974 -2218.806422254377
3744.7479140883115 3734.5613528945405
-443.67737669615775 1899.4317940956855
-5448.840439698715 -5093.651635221324
3389.270267232674 650.6109526606438
-6018.026116101619 -212.43888343112533
4897.549006984588 1430.842826920433
-2685.8908159719067 -2547.4288762882393
-318.70411769316746 4491.486893208141
5571.176850670576 4488.460690969253
-123.13498330464805 2404.036570223844
-2776.9960176653 -1712.9725036849936
767.970535068652 3656.38938197025
-2246.102547813837 -3182.1179610314807
-3572.4975206071804 -4985.395419218396
-2971.8715308686687 -2519.7537380662375
4252.550256657612 6324.76866695505
-1061.4979316521897 280.3425109429672
2029.497824383037 4611.957869379926
5302.466570806752 3068.565062845592
-466.6504735256096 1062.2704542599126
3059.750356949027 4408.980453300308
-1883.0263027043598 4298.35470582853
3947.4975569995363 5910.658052880592
2927.4856022598806 5944.099837716863
-1414.3314844661982 -3118.742079239116
732.7248847432573 365.2634764366461
931.6210801437209 2212.6886743268105
747.1794652421124 2638.250569270307
-5738.234151568307 -4037.612863156036
-5496.018844250074 -178.49681207387928
-679.3089801001244 -4594.745824864386
3240.97031218334 3564.8747980995927
-1652.034814902762 -1597.9218801701263
615.6189132538041 2725.7744576901923
364.8524364864381 -1700.5261339865579
113.18932582943408 3132.9391511020435
274.98081010150094 -1691.2031216126434
-3276.2267139288456 -2311.627728801684
3444.7776687580545 4270.645333821351
-7275.027702617799 -2398.1691307504284
43.96296322593041 -2182.408985358328
-3723.467379546202 -4627.007285638641
-3232.8279061628036 -3260.113492628995
-3806.3494025017562 -4515.783204400579
3999.0610088010185 4305.786918782883
3255.447257488626 1631.4174405469332
-243.37825563032706 -4890.415796643051
152.20832014016037 1878.7447276503483
-2228.4993255997715 -3294.7653632826364
-822.4119184671047 -1353.613974056462
-4695.2703175249635 -4591.491077761293
-6037.6229290287 -3546.8213755402166
-3617.66134150459 438.9473011548934
-3478.9914043770245 -1705.683886045731
-2586.1101589116906 -1991.389204735243
5059.151299575235 2949.9603186818904
-3942.921746814832 -4710.863789176997
761.5859956951916 5601.243040304608
933.4705998068555 -59.921662139952446
-3303.585057569656 -3499.0028824065266
-1074.2142686498796 -2885.2236270720064
2749.9606549792766 2999.699482071364
-710.0203360160874 -2617.2466009245773
-1686.231712626528 1385.7820033920896
2551.327150109885 8785.784867050521
3988.1618853572772 1760.9543595142663
-860.5318537123162 544.8026135985588
732.1837279683414 3926.9753149820435
5372.7955986697425 4710.167384273295
3876.335920316437 4336.941667532272
-616.8812612460035 1352.8982746620607
2797.043700465877 3159.077700690004
4558.413042772587 4601.200503106752
2592.996252193409 5947.846705635888
-1427.5136182463107 -2678.1851824608993
-5030.168486976184 487.209457822691
3624.766167877462 45.25558087385589
923.3392790041012 3625.9405828571153
1318.1078521160007 6145.272291418445
-852.3323679896824 4072.5286228414134
3827.9379343530995 4290.608843988004
80.73613807856074 -1831.1461040198187
2698.6519577209333 8053.933602179701
-61.806913433828306 2744.604007144884
-685.9174106243473 -1158.4289455706405
3073.370955238882 1853.4997593385658
1627.189231952712 -2192.694549698958
352.6777217850638 -4199.134267946502
3023.3776235040546 1942.8447979611672
1195.5575506626005 -144.5570230911911
3356.6243128716524 6213.948577782037
-257.52378649737375 -1510.752958545346
-3227.9630127399855 -1530.661407071484
-4.2112845422231215 -2251.2982011043578
-246.12417363089696 -1793.12466537368
1289.6663304177516 -1227.8618107957855
2214.5597570716545 4830.992208596083
5550.059397242911 4205.213089488813
-1183.9409169544274 3115.3948283867758
-173.63737614203907 -3848.940876264198
-4724.61645094346 -4885.952275044671
4222.342284066301 6120.488654948987
-3509.5786630072694 -1887.1987207266984
4994.443861461932 2903.257909351894
-3023.787883165697 -825.3845074214165
-2998.358825324755 -3062.8691236655964
-6143.744794736238 -644.6462018377711
-918.8955060877968 -4339.999616079263
201.6757769134951 1834.6177144437775
-4282.822150721214 797.4164565873349
-1140.4903156397518 -2084.0869252260295
-3468.6506515551205 -1897.6100165986231
3204.1021228166946 3925.9365699620025
3036.3270940746747 7778.837660799232
-3786.7181743244378 -4809.2014022475205
333.8457843652433 989.5665134635914
3137.3892739206167 2657.836432456208
1235.373587495988 -2890.98380469072
-2499.017543299345 -3911.0127366593565
-2866.245052972391 387.59411031428743
-3909.5534346467366 986.4469657734991
-759.4912413422134 -2573.1149575575955
-993.9506565504392 -3482.5694279608038
3374.151327085476 -152.57806650091766
1464.761683483912 -1551.8567998884073
3254.431126157955 319.6675034210769
3606.345138877117 225.768933979721
-6062.16724406955 -4270.593528126912
-1022.9380939383029 -3087.5709850577227
-131.86201093568002 1748.0630653185115
1039.6375397948214 3447.617227740347
-960.7406742059784 33.84985173300961
-141.75213684374876 -3068.251563227189
-1386.794840571014 182.72898062590278
-1199.152026835942 -4097.444520654731
996.504240407904 -1279.5742447833359
3299.2943571676883 -29.867103276298547
-2237.916180748265 -1034.2561353071494
-4012.3384985275197 -5797.2861002464
-1221.804462069267 -1396.3067079213051
249.39533161369494 1236.432306801414
-4967.6189141433215 -5783.942439557166
-9.411776984547654 3853.868474323546
-3981.3106907636975 -4926.421433122733
-3710.841533041316 -3575.654866628424
699.1451599392872 4661.252581862773
3841.343134282689 5229.634641401676
1547.4320632144938 -2352.737820687144
4188.6383594437675 6900.1712263453455
4013.527457712051 5154.363923860048
5526.514574811795 2745.646193451704
4360.545409942149 6847.528777778845
675.3480809811042 -1026.645931350583
-2009.7315975117747 1842.160945276194
3078.5778371544634 2803.527306888548
-1207.083403205963 -2684.6628651120345
-769.0731817927528 -312.384230134612
-4515.563375070111 -6056.738951198218
-3712.8843543726557 -3394.8641965939387
-511.2215241799712 1389.1567842566872
-4701.541109355979 -421.1736638815244
-49.163594093281716 3061.4796186109875
1529.2417789274382 -1482.5931609103536
3149.8132595220663 1595.1243787785406
1233.7348493784318 -1330.8534789341486
-82.95922673419368 -3213.9175702530606
1383.8982838263203 4009.4176925812058
-6584.64410601731 -2812.742498813689
-5229.085318120337 754.1472547380338
-2947.391691882229 -1083.6980074158419
3256.2757165066405 4345.557443431418
-4469.1544453614015 -2201.933177101052
-285.15649987412246 1597.6790379432757
-5308.042055128727 -2367.0396430714504
3833.2593980560496 3838.3444193072746
-2080.875588645602 -6964.831023636959
310.7372560946729 -3386.1425584261046
4917.731569233419 5944.016112594572
3796.071690369351 3532.1501035001393
3194.596859036525 6119.796077507343
-2465.131546869907 -1864.407163232651
504.1939352509558 3186.888162053642
-7282.8806153673195 -1697.6897739578596
4156.803136624138 4071.84768620234
2103.152748528587 5982.022775134625
-5221.326302773833 -4998.354836812408
-90.97840382181452 -2513.2152230462707
446.02967087114666 2575.0011118458287
-3109.376507143445 -5517.859066168117
2303.1754756637542 6314.517354957307
-1975.673573462814 -3277.9479698161654
120.37088996823887 -2440.7382197450493
-168.5052379154428 2798.7638714660548
3643.2266714792686 5428.729807185281
-5479.3501189710505 -3828.6199838966727
2307.4692847140714 6642.597657833627
2743.030644056555 7059.620606281975
787.9691235451197 3340.222068545693
-4380.1834922402395 -1408.825724643639
3704.995621640577 5724.193330684571
1042.4066602484088 -2431.7251446378395
1395.7811467678052 -524.529181929559
-1783.3553607769202 -1532.976214163062
272.9212622487936 -2222.5871412420674
815.707724342062 4460.318389780507
-1602.5968199716492 -2354.206493163492
5805.12282827739 3328.781073431685
-1590.9589086057993 -2659.1541495851784
3977.954605543361 4712.465560198262
-3351.846328607447 -2121.1248393885303
993.5949883227578 3197.818082217543
3836.2717457817516 5659.307312128494
-3692.815108144909 -127.88441192616992
857.1676965429201 -1226.1276257738448
-3520.363060556315 -937.9677667843025
3685.667195759811 3902.869755004327
-785.6675310048003 3248.614069275816
-1077.9793159055425 -4705.176226376233
582.4691338920078 4172.398087860129
-1126.4861311301322 -1168.1212011503228
1394.4744284372393 -411.4948201794865
1075.2798854302107 3889.4222768662466
838.7678386052385 -1045.6426947241193
1739.9645121473734 -652.5658798077761
3653.1151063171123 5281.9229849820995
955.9245922458857 -3428.47796851051
-3771.985211387037 1803.3635625520994
3626.128451390162 2024.2258731976071
2634.733214049307 6559.522354447849
-5035.040905598931 -2688.8830754598025
3554.6148323478214 1163.1790716780113
-1207.842244416573 3770.641819964075
-475.34346621057085 -1730.3401052712265
590.1781516780812 5608.703281725774
-1503.7189886310036 2542.9959147040413
738.215655724004 2004.850965240038
-5298.291614486414 379.6397401052868
-4680.941613450308 -2963.763565199789
4270.706741195033 4097.0433093619695
-4899.176056873767 -4607.18851019932
4479.797459944076 6420.423774181116
4734.046443957115 3542.03006378618
-1023.241464580517 -3777.1048395353655
-4761.275506242006 -3078.52057546637
-2624.621172563622 -3631.177316501891
1215.5307213120027 -460.69023550131647
-1038.0166426234046 -3913.0703140634932
-559.1246543955967 1297.647581231351
-205.41017209911476 1757.7368562598253
5078.96979226488 4726.114050135091
3018.9720058170783 3017.052708944399
-579.3538999037842 1636.3805866470982
6262.576732767604 3271.3018814532843
1352.1876108166166 -3114.5116203489165
-1625.1052254034455 -1812.109502236311
-5557.97598754717 -473.7077433903515
520.5096794556869 -1753.6182616374267
1149.5492010154267 -1106.5991990278505
1407.7263664354052 -852.1453939625643
-7410.4239063596515 -1971.6554246204246
-3145.4794441203467 -8117.89365141577
-3854.6989945373703 -2403.333279122541
-1112.2400571162475 -986.9333711903219
1357.4748774749855 -740.1977606164263
3910.308767773573 1442.5627758312726
-5916.779814595032 -504.10019180634055
-645.3985202989629 1702.7534331818847
-318.1503700895378 -3343.424489096791
4484.6009531272075 3943.543560152477
-4970.908186325675 -5490.198260276687
179.4246441893746 -2609.0104289200485
3724.2411003665757 5475.805114108866
5699.514490094359 3982.394676212114
-5041.158998658435 -2146.524965548669
-1122.2454874441114 -4400.955190896983
-1340.4264802507037 -1014.5595121536837
-4928.147013906817 -6393.316094656809
1328.5534106576872 -1769.6821078529565
-652.1890268588218 2290.5261499212615
4427.945731306333 5288.173713305746
-1367.6308328366886 -1489.9441394685184
1363.8562504645965 119.22897489849858
1536.8833464728175 4182.473137937166
-3187.173459229819 -8039.685939553354
-5712.895706098085 -488.3737767158268
-889.086250146651 -4090.672260558522
362.27561717677526 -2186.7036776133205
-2663.693220368387 516.3892218352304
-2883.91865001643 -924.0583102257101
3063.0518222440605 8277.122107541858
-2240.239097824668 -830.8334379263323
2367.379243334777 9166.171828094719
-2892.918736265972 579.1821565967248
802.0005821618403 1429.6188443196304
-4079.50414032544 -2012.6298595825647
1962.086969752384 -104.91045140224736
-3494.8417541764447 1832.059931661369
-1324.1090958560847 -302.00344622176095
1961.300832242263 -37.08700668888394
4195.04704097606 4287.599986942426
-630.2385356111837 4620.2224213175705
3190.353430656866 917.5487034033507
-1380.0563410106524 -1117.1710829643723
1827.2105380242133 -435.8038425717829
3733.56656287024 -189.77447152929804
1507.7313360488624 6669.7714578028
1327.193874640287 -944.3797368572527
-1024.968900747615 -58.007941439816335
-598.3777110997517 -964.3171732605086
-1283.9620019738106 -956.7954267161974
1340.1149662784744 -650.1330334803589
-112.21706447465739 -2084.102982417527
3736.0563267059947 296.5199330394207
195.4812835799896 1664.881174334051
773.2344902311613 3204.2021838996775
2664.225423600623 -846.8442807311061
736.2292948415928 -1353.1636349919572
-3067.661704498754 -1990.5965826185902
1820.8355190808545 2221.2342918044583
1691.2709821384672 4932.306563764009
-4306.968938893635 -2107.9928489981426
-404.1483942005031 2714.375848957115
-733.0591042427664 2933.198100114154
887.5020480368058 1092.3179948838545
-660.032793990471 -2706.5838684654987
957.4074166010311 -1427.413450513198
-143.2972276979861 -2220.4440362917962
-1213.2615387713215 -5.632847445923989
1955.5528849428574 1862.4001644465807
4073.0852736729266 3561.0208545405985
1537.5902112248257 2022.6769823653337
334.5561302944574 -1904.687570726896
3739.6952146190297 4164.208943194586
1471.0216166024493 2134.2652984489264
-1617.8468526788174 1115.963216145432
2026.2032764794692 6975.5320059567675
-3192.498346553257 -1778.5588996531828
-653.9400715253554 3850.8071297129336
1032.8189616084674 -2307.5780698312906
1447.4322548074747 652.5022707749683
-900.6458466344396 -224.84407505658655
1511.4736168799136 54.669854366818996
-1592.7623136431357 -2500.9409356564065
-1572.2801560789799 -2150.0723745609002
2943.8237012910145 7324.31297681195
1698.9461665482274 4276.578149945889
1133.04730593037 5926.236100224358
-349.58119946136725 -4881.433029486779
1992.8594663367103 -2060.2356123969384
-968.603381920349 5652.953384335654
-224.26518117648382 3385.4829550225445
-995.954198311858 -1877.4372269398536
-1741.4849896990172 -3058.071021367221
3468.1074099963757 5752.756863018955
3495.5702939815033 4113.459194564593
-1007.8633012917234 -1549.8694849961003
-3023.842111939195 -1537.5088765056091
4111.383115039618 6536.464970968026
2311.013058357598 2164.3537210528852
-1188.058420252641 4879.156875730967
1830.966633765934 2051.845650999893
-649.8374349637518 2087.0649790731395
2717.6320212522 7138.2167674817265
-1239.6742838371636 -1261.0453824403942
-1038.3359315437406 -4602.5828029237855
1634.3128966790944 4919.717186159418
3552.660935237722 631.6532306467981
4318.327732107739 5591.069434197041
-1350.9398715090376 2738.583855899949
4018.790077972148 3322.296366406992
-3214.3645113298085 -2728.486539035132
-5027.983236360375 -4768.177287358939
3232.009570716056 8473.25527839214
142.92872521836273 3382.3602489897094
-3042.199238339958 -3515.9288959850282
-1256.5094146765568 -1216.1972082613283
1582.1465818440822 -2532.8601550667317
6222.473448040243 3213.8379259002368
-636.44675213543 -1914.757384587721
3563.566933351947 6648.437805590897
3657.6686657034043 5587.3985794851005
4468.317410528834 5323.021331920223
-5311.63159874399 -603.9858327137309
3020.471367022317 2191.562646618063
-1249.859427994368 1757.2042401456547
-812.9300560430265 1371.1694689402727
-3073.896060605201 -2160.279634379024
-2685.0017735950123 -1190.9961295833373
-939.2175902926783 3120.8291709666787
4379.266882784393 6644.356073799287
2956.371971219534 2789.472966214175
-3821.823986762964 -266.3463324301499
-390.7146500469886 2963.4222640266644
3562.7612068255526 6026.346517717865
-7174.373507420346 -1910.0701502551094
2123.0521142873295 -1322.4459065387891
4216.997273021588 5882.843633591662
2545.961968429977 6478.344035628084
-400.2227987643015 2375.2654763343107
1829.9136217401228 2142.2833907308673
4828.986261016599 5172.861894168249
2684.617785027499 2308.4211166418045
-2809.324821703884 -1024.1599923268795
308.8027177785495 2447.567465273899
-2201.4002580583015 2188.396593383078
-2420.0889215269435 -2236.4386604538563
-1609.1188974419986 2484.132572347639
734.6863554496063 3011.1143400186315
2112.745861874855 -1842.7632155597485
5783.448703436525 2400.8517265571577
2353.4818647945353 8962.259905573666
-402.0543656694089 2533.516476996463
3925.1024290854893 176.36524329121448
-3737.7223780963486 -1202.6849997126046
-1425.4751670901123 2126.4098793700427
3180.68778275943 5915.899833775371
-4322.078997321565 -774.6022842012135
-136.66101260477092 -4944.601049861256
1448.26044093809 1986.7605200434039
1667.271206128449 -1423.0048844706816
4283.837802611606 5748.634231643967
-1104.4770013786522 -240.64160834859888
-21.928358534108238 5628.901740755245
-3432.1642906052557 -2235.903226195228
-981.9703981087305 -249.2470233994172
1188.2503143380864 4694.835771502651
4938.60207092572 4180.028016100429
-3134.994576455234 -1811.2141443513426
2455.3461572292895 7245.375143287976
1594.6980248741686 -791.4669803446349
-1676.1584789896144 1928.6681520209497
508.345652906965 -4252.240735631093
489.43524408823833 -1889.9670024720585
2440.346856861829 6442.025609699924
-3744.3941050564 -2773.9192777895028
-3284.8605875801677 -2989.982439685318
3227.574380329072 1223.698394061831
2261.7850266798505 8439.884408562166
1787.6687260982148 863.6045513030712
855.299617234793 1758.7047457965534
-5728.615994923749 -4896.25422912443
2760.893667575898 2762.466239787138
-1457.8027622197342 1390.826519808675
-3447.307471746665 -5954.616843739002
2287.8403143729397 2751.854563994776
-5451.370720245378 -4867.6944743188615
3086.9388109027564 1390.1690528547374
2969.2184317412084 7935.663026280877
-3877.261109865556 -2573.3613502605003
-6664.055336091893 -2283.3089319717105
572.0265564033635 1560.1846933762497
1745.3075424471238 -2529.2534652643194
-888.7035804505648 2986.273092313535
4045.3264287766324 4533.03085639728
314.8792802215963 3329.6593776350414
5718.74281465855 2354.1472393557046
-351.8940050745527 3133.8882447976985
2062.0694282392633 -283.5948841601235
-842.3564710561025 -1037.5191687815238
-758.8492169945697 -4777.336367485985
2119.867701265664 1063.236645564778
4238.31729890403 3383.7989879959127
-1605.9900672263248 -2772.5199502896803
-4923.528038894009 -279.0699236666148
1969.1567422218197 -715.3141182071821
-3888.3636179339533 -2313.6444893855105
-1106.5456172383203 -1484.2105872837858
-2326.3275360663083 -6190.321997495242
2414.15018915485 6588.461194503368
-615.8061344204676 3376.7660247094677
-715.5485638524378 -4279.039962967465
1563.6222288639415 6772.817602996307
-1895.5622218701506 -2428.4390212149556
-1130.2919835420644 2709.557907449273
3278.2791825471345 5940.729569792172
-2091.708423657395 -3122.2342419362985
-445.3840271828777 -4352.258932428781
-177.55732509264337 5681.9559007662665
1941.8408835735027 233.84516694613882
1857.0104368829036 1215.6742093664495
-6460.245619868583 -1533.0293003427828
-6701.946169174464 -2544.047353452355
274.0763064053887 2627.705756224243
5592.570506742597 4059.1403666812225
4363.209014740881 3861.6284662776893
1024.104095919483 1977.2996928041146
-1156.2808079328324 3545.655506895138
-1215.7986616457006 -4787.3025831151335
-3545.9887855559896 -2995.6582975326346
4441.817998620034 6872.001492135938
-3420.9046273027384 -1071.4366748610266
-7028.660285435185 -2528.478156204614
5883.459846171205 3602.0109958652606
-2327.321288932992 -1782.2686204745398
3371.482073731973 1475.7037611803726
2002.374520669035 642.2471979749175
1190.4979653289433 997.2969070245472
-2234.7869714046783 1543.2591681644387
1319.4389723143604 1135.8499349930094
-1891.395329981325 -2077.932241518123
-100.3868819962056 6757.9729241804125
-6391.143547512306 -1870.5791025627677
692.1574253367543 1755.0728613026179
3147.0159191500475 6695.539334117147
1459.0220695932878 -1054.518959164663
3542.1776571456057 6387.811173390516
-3859.9223190938874 -504.5501092868878
3890.6951447850047 3115.839430269736
3556.99110679469 959.684756952888
1685.9888832042811 1890.300907583081
921.9941462027335 -3316.1763074472783
3067.7232552390415 1638.5171099637998
-4494.711908021069 770.1770987780071
3023.0072832036903 1275.656928682471
-6407.974104390624 -1825.7370560749212
-3589.6358864949784 2270.8557767690713
-2052.17502019966 563.7485895814835
1248.6178333904345 6505.598768013046
-1239.2269224513527 1542.6304431192
-5523.915759172873 -1320.6369277393253
6392.779166490724 3296.8813422758662
4360.9383727563145 1972.9017084630025
-6981.544356359722 -1634.6906685204326
-4820.0177683077845 -5114.026438210796
-4437.1407166233475 -2868.066747856797
3358.488593508647 -910.5250060676408
2653.1470535135268 2907.0575049593167
1360.879986201193 1080.2378978505878
-4417.126145848098 -2472.05836090347
3932.1858860123057 3750.101702939944
-6218.4706288372445 -1256.5645435615106
-730.5813444946596 -4392.40358498058
-3701.9301679616797 -2919.9286875821927
2256.1075221761653 6155.118884897549
-189.73730896425806 -4584.044897912843
-4356.555473829588 -2775.903200916701
1401.009559185571 1137.6665604105906
1172.6785862996526 -2406.238960925761
-462.75996227143236 4951.877453195982
-270.30190174839305 -4676.236159645561
4457.880357156598 6205.017773406736
393.87143051970713 -2095.56692393844
-170.7704536684689 -3385.4088040697093
-3337.8353402182133 -1917.3653682285583
-1602.0210923428467 -262.90002599053
1527.1685238558225 812.5735950297811
4974.699459063978 4576.710170172654
1434.2615619263415 380.8466793916554
2603.848130491166 -565.5151294061767
2406.9419351260826 -1881.462986487627
-6341.520476926712 -1202.7177547552856
-1901.0190297480094 -2665.933987519536
-6907.458218325897 -1689.5987581106751
-1824.7920891258218 1371.4185680724968
1690.047258069986 838.8151885378378
153.002683335497 -3152.2134665830504
1881.7253170978765 492.5669289186345
-2925.396817956153 -3739.4411588951452
3142.732954707871 803.4040193652436
-3691.238530122666 -2422.384690768291
-4893.891671978523 704.9427513745748
-1867.2699400104443 -1331.34185217169
1564.7556903631432 8062.153779287739
-1027.8163489451456 -5529.202177837417
-4219.030878611957 -1224.4746580847057
-2173.50055506925 -2389.3002574204634
-1728.9527815917565 -1294.3958671716025
-4250.485992039488 -2050.2535508137657
-1172.7125154742084 2143.3119509654416
-4514.433257123918 351.51908672792166
2363.752516810611 -265.57341469518923
1295.961586785726 -2482.6547435721973
1044.225385899812 -2589.9589155886842
4723.379720237376 5136.531964529063
-6261.949373842481 -1020.1686387038856
-2786.8004636008764 -3725.1260015944927
-2089.5392069170766 -1878.8002454648122
4830.8492137808 5704.509825702868
4171.900961906536 2093.0447275525535
1090.3164954228416 -2340.2249384787306
4813.201192243146 5817.217357243029
-425.1774757750277 3120.9506719067767
-452.34111278818085 -3742.0065104305504
1864.8105574337214 -864.6161642029404
2256.7992539257507 2615.4610262094516
-864.0247452236672 2263.2142275742276
1791.7017435521095 -187.84713858480748
1713.407787250099 -1885.5290560435046
-3617.095933094262 -8286.226667661782
-4988.624698163544 -2461.841511810552
5990.9389307493775 3480.0348879578787
-6590.0603387504625 -1603.6413217808547
3437.6370463499966 6261.026161960282
72.44842706604649 -3244.418599442156
-653.997299456598 -5385.422426939931
3844.34879454405 2198.7630660418504
-1786.300367745392 2988.9763050536576
177.5623929001768 -4587.309590244129
390.24376288196584 -3915.7038649653814
3469.5151475367434 765.4874275085672
-6126.702446838692 -4339.783214290592
-1813.9353557047507 1846.4848152191591
-4944.037290623847 -629.9021348135824
2362.580450550425 8193.340576889981
4794.748931618996 5997.772633769592
1506.394750329563 1196.5496661187397
4038.2290258591315 2361.4513092426146
2613.9718856744275 -734.8938953871466
-5707.163601956435 -273.5043968610076
1660.041989351594 612.0070247205822
-3711.7629475081003 -614.3489270551835
2081.8228278262627 7101.198443815895
692.7658250006016 -2541.1825175164486
5057.84412172858 5132.8185723742
-1770.1169513127345 162.98275437849185
-6818.065238807468 -1653.7671540193687
-4085.394502179964 -1492.8335379746973
983.5738851674065 -1573.8085143669089
-2128.105638627107 -1359.6663987109634
2410.7051344281463 8262.296322460641
-5821.409001637549 -275.9851256268889
-3454.325502590255 -6056.479758287234
3303.2235312941216 1033.155874342049
2764.9005214486465 1021.1086199992924
-4054.9850743693464 -576.6267480354267
4193.9495653978665 3688.1563500313855
984.9196056914187 6035.9923571222
-204.9565702962395 -3250.5078833830203
1295.4744964557526 7377.477860676358
1777.017741173724 1078.2031570145941
-2612.205584404734 -5450.587524223173
-1915.1105827357758 -5740.630033920895
4090.8019481984575 5518.044345730293
4703.824251335885 3337.7691340275087
-6437.919613970154 -3521.5322253591326
1661.331331425955 -1615.3392744305686
-2934.8150601647335 -5796.625263821572
-4886.63131124629 784.2243030960643
3303.097248495384 -1058.7538389240794
-3090.498993250035 -7924.601091871897
2477.6768200099837 2563.870722840539
-5189.099502735049 -612.6254869421579
-46.69163842291744 6352.073888248515
4004.6051262896713 3141.0264899647773
4423.132146021187 5695.244274748546
899.4518667094454 -2774.033872100254
-1624.660597858413 -5440.460304759927
4226.135887449033 1641.909046857497
1046.3172046656327 -3483.0124405421097
-7483.7515637441 -1984.533671860027
-4088.394729203126 -509.5362762985994
-1943.8084134312755 -5368.276390403393
-1348.7968147735064 1845.4615900615777
-2763.865379925239 -7205.608817734956
1155.79144248046 6073.76373905699
5795.23097634439 3475.592499316479
4136.095916241823 2363.6551708189018
3121.806848983574 -904.4946432056594
2528.354831423156 314.75923282820816
-1366.8638687719044 -5140.983651040841
-4520.814923432041 -6316.765550856405
4622.9096673203685 1198.480505713693
2611.236854686553 203.53516107375236
-6787.198399978208 -1494.8836565744652
318.78204659665255 5794.85571662709
2984.0562610084644 -986.7132721718349
1676.4387719633621 -2926.4700919057796
-1020.4560707480965 2384.113618842815
-3473.865383745784 2849.9500349116233
4804.347903554976 3113.846104628744
-2085.00279289991 4124.275190023831
-2395.8757568199285 646.625331966435
-1468.2826421747166 5121.668603013499
3799.5622616316928 1146.056531675166
3850.654943688817 -435.92664189828974
698.9892250010853 -3795.8790012000923
-4567.509424695211 -6521.177505094252
-3392.280481993474 2851.7474330016003
433.24915536823715 -3394.7550761611246
2164.7247823278985 713.7103010183557
1488.7625589666939 6895.532160588154
1124.0208322306898 -3854.3612420106565
-1994.234705286386 2622.5865255326694
-1736.1144757391019 3589.3137889141735
