-28.253408371055706 -78.25135127247249
-5.8137240460283115 -478.31166630554156
-340.5594489446732 -2177.6451122008502
103.81403967109453 -2001.8668384258126
-680.6067776704409 -2285.1708994518226
-275.4422199342116 -275.80582383520516
595.8365690158024 -931.6965878168896
-214.12397417804203 -1748.7050845571146
-993.8726150782961 -2499.4588666254476
-438.3636362157313 -1324.0772077606373
-910.0581738957989 -1723.1501862180846
-810.8798744609342 -1394.8552067172895
-738.8145660131534 -176.28377762211778
589.5093829470072 -574.8481707807503
-419.2717647445577 -879.1766369152128
62.6938226151067 -1209.7138532456815
-709.2823045133185 -2073.5522359100223
589.9935921094856 97.45398526103223
209.47483219740434 -319.058881568823
-1008.8192694735245 -1405.971459320581
-86.68468253083141 -1595.6106802973973
-1425.3131741496595 -2261.431851357814
-1249.1514141029481 -2060.8027133468845
-892.8699838031088 -633.3470811343973
-360.4092226902052 -1801.8322260987234
222.22781005206028 -867.3997988634753
-64.18140311300425 -873.125847665439
-331.45800288397004 8.773196207723583
866.4031577897063 -556.5832165016509
-178.82284381579746 -918.8122508882661
278.30588309403606 -138.64782171181724
476.643244212637 555.6374422915951
562.176425693492 248.65512504878538
-508.7304493190329 -567.2710989481342
-923.7327955305049 -539.8745146061492
777.97370595097 14.75911497865241
-693.7834657829457 1.9411135800287
731.7539498386167 282.4940290002254
-298.57270057574306 518.2294569720207
-489.9286388509018 -248.59146070862516
923.8849581163952 1763.7816436847086
783.5682766344268 581.701083387947
767.3792258859887 1340.316725174001
945.5360276989352 2105.17373848208
-563.2845913724022 81.90675351449997
-178.08160026178697 1124.8935252672445
870.8217750675435 2094.911964938249
9.155564044403144 1547.9324602631546
587.527355534143 1979.6255509799932
236.3467205255971 990.1981924763946
235.16777801875546 249.6805980587835
224.83186694062405 1788.5366564159526
-130.162707862363 275.5628927671098
-59.70723209414911 997.3561955193824
65.24745627048166 477.71933281160454
34.44812210627028 219.03299338560487
11.578824544213056 95.19892207729812
-2666.4266567884883 -4964.385607585861
-3105.620559890906 -5127.942709778186
-3180.1847738741976 -4386.34904731553
-2919.788504873807 -4670.058962492287
-1801.5091135331063 -4066.0126724103025
-3725.797651520525 -4311.393703027784
-2347.790078575458 -4595.246740046081
-3604.45204038225 -5801.484848260107
-1159.7011514804444 -3351.7787214553764
-4506.304388543943 -4368.096928882188
-4604.80490758398 -4041.3514926825105
-1625.7072479601281 -3572.06869047077
-1951.0415951593723 -3656.6077984384888
-1386.678930981684 -3066.1936788240364
-4970.743542686002 -4250.174785801995
-3109.055990126357 -4185.71792585716
-4570.1341241584305 -4011.9727497683475
-4618.606333995481 -3680.4393963548937
-5250.926090537224 -3487.7425183328924
-2333.196116491293 -4117.389829017652
-3493.6452305477674 -4765.296528241458
-1459.936417296133 -2878.1578668401626
-2373.1981222480495 -3421.1772216351997
-4835.037925937332 -4029.444357865732
-2157.0785986690125 -3895.4283859050556
-2711.822163375667 -4245.127929993814
-3569.075080353574 -4058.394504776418
-4082.4741874713513 -3932.258826775135
-2642.3228207304023 -3740.437970229218
-2723.019478182755 -3106.18129557649
-4359.7385869109285 -3798.829804543763
-4805.38156145429 -3688.794927115027
-2498.273040058926 -2545.9091442740464
-5517.075478475343 -3027.691977233939
-5985.812740467664 -2496.781995555851
-2585.208162550687 -2889.080683296842
-2576.082648103209 -2196.0136274949286
-4567.847321214598 -3661.8865555444863
-4962.070489522747 -3350.2998445747844
-3888.536170134491 -3245.5083486251056
-5293.61905710525 -3022.646379038377
-3920.2381707077366 -3463.23102443456
-5708.840269641661 -2701.391800061736
-4958.279811437272 -3000.8948819464567
-5676.370106763761 -2223.8793478268935
-5961.131185066382 -643.2733748734065
-4252.719251014554 -2264.4149086853668
-5949.537986652478 -1764.9003027216984
-5951.767373058127 -1325.8190552640294
-4034.580208770758 -2820.011550252773
-5985.998551227925 -930.2133500741693
-5765.5044479287435 -1559.1435562936022
350.14082272933973 -2488.6960164682205
-1288.1540363760555 -3711.5496784203033
-69.82198589144579 -3401.5697421040786
66.31281619171384 -2863.7254804698337
-2092.117194821502 -4888.40048275328
-2976.699782170446 -5822.51943379274
-4390.048508365204 -5577.679190041531
444.93976889836097 -1556.36605364993
-605.739442717346 -5189.076196218591
-3731.1714520876594 -4675.14065533552
517.8420178723582 -1850.9031170727983
917.3951943182919 -1792.6055908180165
1001.2838321026572 -1433.1176180885238
785.6270237925689 -1050.8433689108742
1157.4874754297578 -1130.525272678355
1043.6382176895138 -1191.3756671294843
820.2550238505908 -1175.4880100957078
1144.969978070507 -945.0220965432451
-1714.1459879248405 -2893.350918819901
-1895.9851423718674 -2838.1367621968625
1772.546333074353 -2453.682131031739
2012.6321631858784 -1995.5152525305748
1966.9737039874492 -1688.301530119634
2110.680668007584 -1243.533752522962
2468.230564280273 -1562.7304535918404
2365.438884328225 -1189.9268338877148
-2765.9614300903986 -2255.920859619919
-3178.76334119727 -3475.5850979038787
-1839.933091829923 -1553.641842241014
-2656.28728603363 -1789.712678143879
1976.9281543152722 -127.26044201670402
-3704.2563736285333 -1751.76192055633
-3551.1160863365426 -1635.8692940359579
-3728.284806568144 -1281.378115639126
3120.0656821916787 97.39663277252664
3220.287006414737 662.9912656050146
3487.5731623588144 962.7491432544016
3324.0541294577147 1496.0887697748615
2895.760637121087 1726.4748309801196
3514.229583627869 1720.2996414706927
3132.281926251915 1427.2117606405886
3397.7253490827147 1957.4123078421728
3248.2039153268693 2210.8906190486955
-2860.024126236472 -799.8756252812243
-2194.168808510215 -1027.1914345209873
-2550.123560711358 -1118.8171577282183
-2892.707271512284 -444.0115877472444
-2264.998123323548 -1221.064840657989
-2707.7559926185036 -373.9056564265145
-3228.5006297300006 189.09511069292444
-2675.316162118655 -128.8710250523862
-2967.160014535093 -60.598684048154084
-2469.247817326725 25.909400530455056
-2630.3340893314708 247.0873404564847
-5268.015390053573 -197.48580721675654
3638.0883323027506 79.21310017220475
-4543.440243780459 -49.95469850039157
-5097.115064070749 373.522412787919
997.3935294906354 -871.1741708465482
-3526.036702536495 941.9222764423089
1852.5211544791116 1627.0457735220443
1911.9301024424185 2333.2059230477043
2664.2803731577765 2307.4990729945403
1796.8496239268025 2672.6447949283397
3016.6975768981415 3005.1777227574103
2561.8871752937625 2667.435393124932
1820.7826994421182 2971.377471123325
2361.314147357653 3033.5881066151555
3654.006410127802 2685.2406932444756
2947.114059251575 3305.27544834923
3404.2972063740635 3128.8743288300557
1589.6049100393261 2987.4439114887755
2209.3099214946656 3049.655805439033
1908.5310236991352 2978.5520324770096
3788.415189184306 3221.826480760724
3319.8659512402423 3695.0541216563647
2868.0609719476865 3713.374514179068
2597.8449082726015 3632.772199369113
3038.4167072787623 3726.0642828336345
2848.697048979964 4289.096097826509
2543.2490807944414 4006.717608817881
2921.0332854619323 4629.1030102310615
-1488.131603979643 104.68827598497184
-1946.7743212032117 1476.9772807224172
-3198.0664377789394 623.5863128215204
-3657.853253741019 1552.8463146279928
-4112.71216312208 937.8281718891172
-1067.2669564844578 239.44128723376207
-1496.7705043179094 446.2847121588351
-3599.818969429323 2302.4475355309037
4929.205730181228 3228.7626662207667
4430.238691968462 3925.087519939388
3964.177942269193 4271.642394680244
3744.928865912722 3877.442685116621
4036.380718919377 4443.6005999543
3612.8971258532188 4252.33856099
2852.2980559457264 4977.379156090128
3570.575095206894 4814.283931816565
3220.5611244902334 4724.282100182559
3105.523141047041 5186.360337921373
3797.004990599138 5316.234588217484
2693.7481264753433 5486.189796146153
2815.6200193451386 5041.499528679158
1752.1113546206093 5521.835149225453
1473.908818196494 5462.142999456603
1948.6801528478386 5589.229800989926
1359.977489479476 5639.951662464695
2357.832253111392 5594.476747829702
2077.7218249085086 5917.973141263029
3048.301429954661 5588.497732408724
1885.7207319087008 5670.879592057308
2169.054730738818 6234.478472846073
1631.4563359226775 5967.885906982814
1961.1577936174167 6473.574426191944
1426.9652287926592 6318.8568937533955
1698.9984728971074 6469.6494310474145
2269.6214148685654 6636.9881708705225
4102.326867806839 3634.6229182083985
4279.5847050395605 3311.9315394719356
3852.6715212334543 3609.879170567637
-962.8850608085877 1141.3659165082815
-579.3392741264764 4186.908111390889
-1575.538688485979 3248.325041619347
-1442.30555869593 2816.9093125007894
-1151.8469118057071 3366.748656477959
-920.5615098862056 3788.963862506305
-589.6015276861826 4279.194926282677
-928.5285813881057 4392.379214797483
3541.019282205761 3687.868023976643
347.87752741204497 4530.2338765147015
172.99501544732433 4345.459969574828
802.395338901317 5083.809892009224
998.2692726048033 5947.58750918429
454.79295846139746 5015.771582189904
894.9252269402524 5475.427874273074
160.6393335003489 4759.92878164688
1186.0423664085897 2890.95963533263
1123.29076722421 2387.4926767923
4218.758619980593 4837.948762682839
1014.0269396498372 2739.94122340444
-12.389964717088123 5359.9217145165885
1977.1271426650624 4995.750535649046
2389.8038924003695 8416.975738579718
-214.23744032817638 1825.2226477179795
