12.5 0.9679227512326164 0.7945500647233791
37.5 1.796772976436305 0.5559891322537185
62.5 1.1179396879777341 0.35077474322529745
87.5 0.2863164112185639 0.1979206624224301
112.5 0.06385862982853674 0.145945396323559
137.5 -0.06482619966670777 0.110725811181937
162.5 0.359751247048691 0.15507986161748777
187.5 0.04703585401978139 0.11114975001593116
212.5 0.00950992150705987 0.10171684905785223
237.5 0.13486410994553366 0.1087939880836423
262.5 -0.0423123760705999 0.08362501798945195
287.5 0.12652863913804058 0.09741342850000673
312.5 -0.025765823989964853 0.0791859136384997
337.5 0.09259541984642217 0.08669706231910856
362.5 0.019945088773834718 0.07750142294440539
387.5 0.0999618849522187 0.08297432269003545
412.5 0.03289278883783442 0.07491889569358265
437.5 -0.09030262291209135 0.06131922671843556
462.5 -0.00033256024901995307 0.06808047477473442
487.5 -0.032502695686389194 0.06446092295202523
