12.5 0.9210171443261118 0.5892294817269838
37.5 1.144293543217183 0.3588235325390662
62.5 0.28116423407456614 0.2165496994662158
87.5 0.3789383507924302 0.19017159136859033
112.5 0.35749026669368184 0.16668873995298675
137.5 0.0030755495151241347 0.1289822888396706
162.5 -0.1630052495831872 0.10997091162714645
187.5 -0.06523220296224803 0.10810978365203593
212.5 -0.01964438752605524 0.10360574432440368
237.5 0.00464141955092473 0.0992323273493727
262.5 -0.09274015862436334 0.0902710100861794
287.5 0.09760899314720337 0.0946314899860653
312.5 0.03700755997686671 0.0880511539001804
337.5 -0.11549113980919656 0.07863462061996558
362.5 0.03234589697992592 0.08138592495213641
387.5 -0.0736328152323201 0.07494905112839047
412.5 -0.05378705692937026 0.07307260766202114
437.5 0.009884028291464786 0.07380756080354506
462.5 0.06956434565247127 0.07347614002984376
487.5 0.1707827070513383 0.07511297713581636
