12.5 8.192709222279115 2.7465863933629246
37.5 4.909598785750859 1.2172883071680527
62.5 2.650663391907631 0.6991812517750511
87.5 1.4828876581733517 0.47094774657891253
112.5 1.99157151662802 0.47925059031516637
137.5 0.5778966878673621 0.29202433295132113
162.5 1.0966860148600257 0.3218206054060784
187.5 0.6173441050640465 0.2561280229893479
212.5 0.9386281460475006 0.2657915239389602
237.5 0.9673066643832771 0.2561770634759296
262.5 0.3781088666366377 0.20129159518885076
287.5 0.6698250511262704 0.2134227469819452
312.5 0.8703897507455745 0.21660293337001638
337.5 0.8829097529774375 0.21262314472021257
362.5 0.9347684220609715 0.20621587649243892
387.5 0.6437726616485002 0.18190562413198086
412.5 0.5810643600136454 0.17085236825931968
437.5 1.1091283086183248 0.19523721452062245
462.5 0.5203623157615536 0.15804254718746294
487.5 0.4883289653495233 0.15306766556213713
512.5 0.721623032802484 0.1629370610989339
537.5 0.5711723669344959 0.15048427269345493
562.5 0.5437652667683655 0.14463169428826808
587.5 0.8330913381296161 0.1562717733416189
612.5 0.7084964201657402 0.14705814709695122
637.5 0.675675924110207 0.14216201520135938
662.5 0.6063443444995864 0.1376514106091533
687.5 0.5145268572911985 0.13061847551848768
712.5 0.602466917904833 0.13178288615799152
737.5 0.7531869753023932 0.1365056570419492
762.5 0.4925105954594764 0.12512002949763404
787.5 0.5529672406146966 0.12365562989752635
812.5 0.22812047996801632 0.10886193596353362
837.5 0.5292137142274735 0.11919176348161023
862.5 0.5464101521501901 0.11713402840939173
887.5 0.3978682067012873 0.1118515758901062
912.5 0.41962391905955565 0.11022122098455733
937.5 0.5823914121857936 0.11546568831068109
962.5 0.5006901379959925 0.1099994232601687
987.5 0.374909388327177 0.10399164550805948
1012.5 0.5956237772589141 0.11084272527235785
1037.5 0.5161075065518865 0.10754443123592551
1062.5 0.255302280485588 0.09592612751559762
1087.5 0.4455378877381584 0.10298311182066315
1112.5 0.3260594560404808 0.09580869368288975
1137.5 0.35960744892724583 0.09655166011262711
1162.5 0.18659203482830855 0.08910759195853307
1187.5 0.234735441252089 0.08983106858836674
1212.5 0.4457941173908433 0.09716429157853494
1237.5 0.20662288852522703 0.08709043811962758
1262.5 0.3277298868421381 0.0915939204538405
1287.5 0.357570017209873 0.09057013261327015
1312.5 0.28969542527542935 0.08772556961788476
1337.5 0.4653903723030708 0.09329936500392759
1362.5 0.28353276794588766 0.08671520906191273
1387.5 0.3685611578318446 0.08865366224882602
1412.5 0.32044323650947426 0.08603206785869517
1437.5 0.17338682234024105 0.08083984843331034
1462.5 0.11087211000614738 0.07833543845374803
1487.5 0.10887091488966782 0.07707321366749385
1512.5 0.11158221190634299 0.07671998130045804
1537.5 0.20750782737873186 0.07925853106653906
1562.5 0.13206879815150074 0.07621343281748842
1587.5 0.28451911770045735 0.08070615773007193
1612.5 0.12435372688480228 0.07535486799223778
1637.5 0.09605980593269958 0.07376647733333375
1662.5 0.05706560326332699 0.07175906166358925
1687.5 0.31429100137464316 0.07958217049714705
1712.5 0.0020356336665590113 0.0686150372635317
1737.5 0.08711483906396289 0.07128268095541426
1762.5 0.1531810411894563 0.0726539729775258
1787.5 0.003134838499765369 0.06776055932082857
1812.5 0.10942995602357741 0.0708427915534051
1837.5 0.1514420501520246 0.07184778986561494
1862.5 0.11818129873540228 0.07015532961911075
1887.5 0.20130363596205703 0.07202791153009384
1912.5 0.0015065249890278132 0.0658997679221469
1937.5 0.07565596415755849 0.067203713722262
1962.5 0.043004766727096744 0.06656330675239795
1987.5 0.15628997371909636 0.0697955499467122
2012.5 0.07243598440999732 0.06599687811291571
2037.5 0.010782054757386916 0.06385369354313025
2062.5 -0.04734895828364094 0.061873865286368984
2087.5 -0.015227749012541869 0.0626903384221774
2112.5 0.07723660830501622 0.06556782476454381
2137.5 -0.12875397524630328 0.05852314971448223
2162.5 0.07217372950700596 0.06444181833783744
2187.5 0.052384872289383155 0.06358080428484973
2212.5 0.02566867815516316 0.06228831669920213
2237.5 -0.08120548974037123 0.058573883334226515
2262.5 -0.045677204605058974 0.05956116723309532
2287.5 0.0010754409152864408 0.06111501328365118
2312.5 -0.07850753474318117 0.05828282945809427
2337.5 -0.07040474215604386 0.0586840038328945
2362.5 -0.09847055294626572 0.057350110141173936
2387.5 -0.07565284178187415 0.05767547829506354
2412.5 -0.06767991003326301 0.05784544569514465
2437.5 -0.007067048484580951 0.059220080400522186
2462.5 -0.09468500031116389 0.05647871293644503
2487.5 -0.14592881054992946 0.05452659693484988
2512.5 -0.1419462791903372 0.05456403633333969
2537.5 -0.1789482719437696 0.053046654685219526
2562.5 -0.10610291639079483 0.05565441038541574
2587.5 -0.14209687569784202 0.05412482036715467
2612.5 -0.032598719324281045 0.05788744858841531
2637.5 -0.16749522771164593 0.05282261311458874
2662.5 -0.13330088042812493 0.0537436988487861
2687.5 -0.11207639445438267 0.054454544775805594
2712.5 -0.179717916019697 0.05183631369676687
2737.5 -0.23143476542971797 0.05036386978503545
2762.5 -0.12473428337046144 0.053872319226399006
2787.5 -0.17253857211753199 0.051886273293922446
2812.5 -0.07204710788196622 0.05521725102746639
2837.5 -0.1609598331049943 0.051340009804108244
2862.5 -0.154127535048319 0.0522453252220877
2887.5 -0.10808985997619525 0.0534297544019012
2912.5 -0.2619738701119978 0.048146347176179737
2937.5 -0.13695465387833605 0.05215053068186852
2962.5 -0.17422076829044875 0.05080481169436823
2987.5 -0.1684608324665008 0.0509718786372321
3012.5 -0.05414740386907635 0.054250130706990043
3037.5 -0.23755355896447283 0.048444440878095296
3062.5 -0.20502493830421498 0.049453381477513894
3087.5 -0.20149120964653267 0.04986540765333078
3112.5 -0.15350248413998369 0.05096034679489626
3137.5 -0.2418263525846006 0.047698440829234565
3162.5 -0.22244817389157812 0.0486415535794292
3187.5 -0.21999412078484215 0.048149769299527044
3212.5 -0.1768446635794928 0.049281856601329097
3237.5 -0.1702702099177652 0.04959073709910682
3262.5 -0.16719271796736046 0.04995218739726215
3287.5 -0.24232864453269676 0.0470280093102192
3312.5 -0.18922048271363334 0.04888244145451084
3337.5 -0.2806036811236302 0.04560141126344257
3362.5 -0.2719066231557272 0.046340421418403575
3387.5 -0.17596589472865498 0.049334841096436856
3412.5 -0.22908747799071683 0.04740682195147103
3437.5 -0.21806241058094789 0.04782245017064314
3462.5 -0.2412615355983695 0.046740576470461224
3487.5 -0.18795664264365952 0.048526279396454444
3512.5 -0.31772045460525544 0.044119034238400585
3537.5 -0.1964830745685482 0.04818318963723884
3562.5 -0.23322716681720324 0.046716795685770036
3587.5 -0.2539571448129536 0.045953461630758426
3612.5 -0.22571889731107564 0.046336281868395765
3637.5 -0.22236183524504693 0.04687095062857496
3662.5 -0.22705567952487848 0.04642006988635711
3687.5 -0.177571312281393 0.04774311681853797
3712.5 -0.14159267168708545 0.04943822792587998
3737.5 -0.24245251075068563 0.04565211463952557
3762.5 -0.13582138697499124 0.04882493813783983
3787.5 -0.205932264675048 0.04711411598633159
3812.5 -0.09066013987224919 0.0498526476031662
3837.5 -0.26368563694523006 0.04501448678083198
3862.5 -0.16934721014963794 0.04744231069163308
3887.5 -0.29547461701390043 0.04338061163767204
3912.5 -0.16767114664738048 0.04761533741333418
3937.5 -0.18429102012048637 0.04688530052441954
3962.5 -0.1640457516382272 0.04774727873315442
3987.5 -0.21623934101678732 0.045711610668842426
4012.5 -0.1547107561384765 0.047749955496722854
4037.5 -0.21792716465812578 0.04561250801946543
4062.5 -0.17603052119380036 0.04675815554347207
4087.5 -0.20332373689458705 0.045783836740614654
4112.5 -0.09108041935125599 0.04917897845384305
4137.5 -0.10167127298917 0.048955499761187994
4162.5 -0.17394229953896212 0.046582669191331014
4187.5 -0.14375837441366102 0.04741376498646312
4212.5 -0.13508200428831774 0.047540068549663216
4237.5 -0.15522720338039409 0.046916027294953054
4262.5 -0.18619409066017745 0.045886933131100094
4287.5 -0.1810814710347961 0.04639592112571128
4312.5 -0.1486372937789041 0.04685933232529289
4337.5 -0.2098423544968312 0.04482637179237876
4362.5 -0.15662928681228216 0.046766575148521984
4387.5 -0.15307147454047243 0.046613495322361996
4412.5 -0.09309538703200737 0.048444878767745794
4437.5 -0.16893729772024046 0.046149167858829644
4462.5 -0.06586457377588284 0.04895779447668062
4487.5 -0.14351177914638868 0.04652273058081433
4512.5 -0.121371007793169 0.047122018661666334
4537.5 -0.13238153508007844 0.0466594722549718
4562.5 -0.028982988549434707 0.04939476951111017
4587.5 -0.08337971511382802 0.047967825021006855
4612.5 -0.04917909753159022 0.04898627662852503
4637.5 -0.09246175252974043 0.04748884516141823
4662.5 -0.09230273007217704 0.04743334792551969
4687.5 -0.11857811994878265 0.046941660888501976
4712.5 -0.044773991303468486 0.04821822455126309
4737.5 -0.04484321832610427 0.04870544894741144
4762.5 -0.13102620017565547 0.04608108936221897
4787.5 -0.0258000881188718 0.04887870247391928
4812.5 -0.004283230081593703 0.04924153875825418
4837.5 -0.034062991364134154 0.04870238969188963
4862.5 -0.0789308376618677 0.047195531081524134
4887.5 -0.06663895796261654 0.04734358026135221
4912.5 -0.028750717336120002 0.04837155496280575
4937.5 -0.029713820372269772 0.048323189619647704
4962.5 -0.04349700777706356 0.04774770888320366
4987.5 -0.0835576036866359 0.04701737448709758
