12.5 2.576777498857944 2.038925799875335
37.5 2.2340442837776724 1.1242469377982625
62.5 2.4782381491704086 0.8847165511970295
87.5 0.9224588851038882 0.5561527544321944
112.5 0.2031972741943764 0.37227039011912716
137.5 0.3135872005315596 0.35384133681317315
162.5 0.6077194549371899 0.36866038926502387
187.5 0.02923460557190033 0.26995310794000793
212.5 0.24865385340012636 0.27981226303921425
237.5 0.24466568505925296 0.2632456478624636
262.5 -0.3435137084659098 0.1752277042247448
287.5 -0.2617461444525302 0.17582910619619227
312.5 0.15199272307092218 0.218425969795544
337.5 -0.09297590539224534 0.18330707812001132
362.5 0.21326297769332184 0.20877927680454
387.5 0.05731382305982699 0.18912961618205196
412.5 0.23825761908185755 0.2021416957327278
437.5 -0.11816262578241066 0.1594836197597247
462.5 -0.004829710786922126 0.16564723225472147
487.5 -0.06793554791543177 0.15605545882564406
