12.5 0.6768395607256187 1.095861076161194
37.5 2.6086124640841053 0.8448095852389615
62.5 3.4460179024661923 0.736221412434488
87.5 0.7386550897725284 0.41734442236615443
112.5 0.2972631281717223 0.3233864256631732
137.5 0.06822956869316721 0.2755142962411007
162.5 -0.19287178248466508 0.2315685762959584
187.5 0.2999038462524898 0.2489513066167559
212.5 0.28874217945623926 0.24177853153942347
237.5 -0.19920610453928966 0.19454114811378673
262.5 0.26030387616702455 0.2094279829844298
287.5 -0.057424161274693075 0.18417496323588783
312.5 -0.06600938048473648 0.17640496098885938
337.5 -0.09041849007453817 0.16767866622742947
362.5 0.2798918457228772 0.1804649686024937
387.5 0.1628215625435997 0.1699692793527166
412.5 0.07379878256480166 0.16004330142573045
437.5 0.23947842802918184 0.16236050607838287
462.5 0.06325021666801622 0.15014112571199792
487.5 0.054137462721209006 0.14589256633373768
