-498.7345225485788 295.4033869742732
-315.3289490810095 -199.36304863444855
-442.5838607022605 -839.9372638523865
86.90767142985163 -278.0731959804097
95.91422276443872 338.56236746383894
127.81114131720359 272.1107049964022
-467.2099365709694 408.5083802412146
163.63210630489206 295.19436762574
494.1717667066948 871.356488785501
-120.7969709468492 -401.9383244678107
-140.17226023464963 187.7842460023638
-29.445074329576304 -88.41969196998122
24.896113842845292 -41.14084429912069
46.69643817869083 -100.7299148012335
565.8156817509613 795.7845857238345
-21.712445480249663 -12.670221845332751
12.841924625589266 10.344991177259136
81.54770217094215 -151.78768814296936
-611.9626311129787 -108.06863472036522
-57.329669865597104 43.623659810261564
-26.278772444602442 24.518735397904386
-268.5392172953103 -238.10512891987437
206.38376062759374 92.99758438952534
-600.1536102717827 -338.74067814779295
-238.56160897345666 -232.48787202758083
-158.64422408702663 -186.5180396593531
210.13666671362645 32.422332894235524
167.28118964039317 -68.69800840481437
-607.631847769938 -367.5316669711781
339.1565427547445 -103.9276347855078
504.68976431219625 148.95678648272636
-380.50147751666947 -134.1361222722909
478.61952725536514 -77.56280500940707
527.0189521740441 721.598892046157
414.0826407014121 412.22356878645866
471.83382927517147 -382.68713440109104
-487.16962673528366 358.8184056272627
-140.3435067814707 658.8156897185461
362.4069944373575 504.573839344599
452.63071221342074 517.0449870186429
-29.33192342681121 -644.0482675906554
582.222434006797 376.9739543477876
-256.51265833862186 614.3626359470219
-256.0831252501986 -786.7486290283
5.30668275486857 718.2041455778399
101.12314343663061 660.1361312216983
189.60331502147724 624.762771495191
267.9868350610172 581.6070946250534
128.3715634679785 -644.5487576508232
-336.214581031258 157.17870032119524
-406.61052807385687 -606.75234102044
-513.2472942131949 -435.3671431131197
-329.47433015955755 -679.3093884569167
-203.5505474978464 -602.0908429263235
685.6980772773328 186.30276495712815
291.8294362357543 -559.8263975786515
373.88428838301746 -493.75745202354756
-360.4598502608021 514.3985087711906
647.9812474907934 -125.20860017714139
543.8062928035534 -346.08403699459876
-584.2299959967528 -399.35229244975335
-540.5969400472018 240.56651731535973
-564.9518792481543 65.38526772048291
-600.1447194812528 -151.9253365650518
-4803.048934846956 2219.4415649369926
-4787.670038544646 1798.4787983155038
-4325.566872755621 2154.695538133703
-5466.771788408475 3783.2455652670883
-5647.089430083168 3073.834051766107
-5546.364773883202 3372.359749889367
-4431.609152097456 4029.456330495718
-5721.092598563412 642.5072835438202
-5674.9117623004395 409.30106425728485
-5624.71198268705 205.4913994811702
-5834.135121662863 5488.141550127815
-5862.85199250484 5241.3209231670635
-4456.719982853054 5179.667957413122
-4409.150315914697 6466.430653305504
-4214.688302241882 6575.009708881372
-4993.547929835911 -1858.197347062942
-3297.0997095876983 6626.944143770923
-4508.54976636038 -3090.081044528637
-2921.8314466779543 7102.090837908435
-2794.129400901111 6669.61279932882
-2883.9118260374416 6897.05135466364
-3239.1491565264523 7080.954353009185
-4213.0709663562275 -3603.492334562325
-3470.70351350878 -3320.9610232040395
-2314.799778364389 6516.018643785647
-1926.719626137068 6378.1670871750875
-2943.510843402635 -4555.6701024831455
-1677.5449959359823 7294.877565864562
-1934.1728236488514 -5742.395628544709
-1853.308495162289 -5984.525749854477
-2029.173579872933 -6987.665419244422
-1588.0309357729004 -6122.428588037663
-1622.8818593354902 -6635.276379375038
-1764.7264209327634 -6535.74074983657
-1689.5803238957644 -6517.471847978002
-647.6826972434154 -7550.004041870283
1657.7362194597827 6581.86213455958
1987.0925808593845 -6019.438135615816
1157.7453989450648 -8421.299086259718
2814.4549584859155 -5767.309053334023
2969.5057651576208 -4987.850272968439
3090.9205732438454 -6070.5954470042425
3576.3330965663476 -6053.058943233743
3332.69436757148 -5974.705484466682
3286.2682595942156 -6174.4084052414555
3259.96810168938 -6664.571279175407
3362.981055346061 -6458.996516697341
537.7093822041907 -2710.1828569037675
451.43724552080954 -2696.135783913008
591.8582507509827 -2725.027373986863
500.2809585370542 -2685.900218183812
504.3151952353672 -2691.6493914052066
442.69608511594026 -2675.006157820479
438.2203399477291 -2675.888076817676
2657.745572936167 -6326.967071474219
3468.1755123548346 -5689.038492139775
3649.8313099862917 -5516.802912014078
3736.934952560173 -5709.805082691595
4998.085865972526 -280.3801399719018
4337.63695694169 -4779.1352833189685
4193.083065777541 -5102.99358229019
4304.566180168843 -5227.511961337456
4013.609909019328 -5639.861420219929
4233.573611022851 -5590.870286437108
4930.5434029916605 -2381.6707579498393
5064.436516194936 -2226.528567444493
4937.608825602835 -4963.004238396709
4625.595748809874 -4728.15058860993
4755.979520846311 -5078.9602483798535
5663.567711169259 -2412.110608609161
5545.285497227902 -2866.1840446487363
5574.753555015251 -2631.604807170239
5383.60184786459 -2981.9918148527527
5288.783117435517 -3082.0279620648066
4909.722446846293 -3651.8637245324744
4866.8770179832345 -3890.2553938589426
4602.551265371127 -5378.924228779337
4588.23761370476 -5357.838565393152
5855.893000763325 -4338.738089238761
5784.2311387206255 -4545.773938459463
5614.172138890861 -4626.176310629821
