-5320.9014714658515 -3379.68767858612
3105.052686162823 -5854.72136412053
-4614.967445399069 -2704.924420508756
-2625.175071331502 2685.60575082544
4856.754120450246 -4646.732432293419
-2686.439669469104 5035.27108029814
4533.5285054301 -5093.861585479719
2342.5213988842947 -901.6183726294086
-4665.033967182939 -1577.8336830949252
-2491.3926193082207 3267.332444521499
-7218.455757647085 -1243.320380191205
2186.2926831167547 2801.217713677538
-6490.076448845288 -1940.7218036431013
3810.374714261797 -5821.462947226646
-1969.1439536873752 -6550.691106090826
-3217.826493344888 495.63699458383354
2102.4365594328397 -5300.75625465389
2024.9920630582212 -3909.800518778085
1963.066979714806 4267.225919756296
395.3427189772338 -5893.193289783495
2385.3312405102333 180.3035893490429
1436.4895599340887 -5830.887549867271
-3354.717088946896 -3383.0513944693043
5251.659526782567 -4847.016693762268
-452.98961710403864 -4676.0895504782075
-3558.412033837616 -7065.028202546235
-2812.37093968727 -2376.388567360335
2452.461387715458 3380.21890633592
2074.579517055132 -4415.1491341860865
-186.32919343788217 -2024.3308284970503
2632.2073251734164 1098.7849498165854
1148.6399531259842 -2337.8290087054543
1545.3712858050383 4137.691942489632
1747.0863820127654 -2797.1282731335587
-3295.949549580465 -4618.3472747490205
3513.121292257963 -6265.4927537412
-3556.344957371231 -2796.431761281725
3211.1976375623135 -5089.855897191497
-1871.2820594262012 -3994.1519131933223
383.21133205129615 -6458.35460029556
260.78441645342696 -2421.48628599294
2304.7522003788836 1189.6815255909
3873.657228008468 -4528.601822732509
-2443.988233813055 581.9408320713086
-567.8985123943014 -1745.0353923636612
-7363.481847165243 -647.6905603800308
-3277.507087608809 2833.531189885335
-2472.639416780958 4144.010592441848
757.906600173814 -2061.4893313572975
4304.014149443523 -525.3216612452817
440.55391749144593 2741.6383004648083
-3702.364408174928 1652.3918047326615
-6430.231703383005 -3449.7813047498075
2933.114135199841 -4558.52997616144
3510.1283630167613 -2352.5605828153566
5482.576849685925 -1063.1258328929152
484.1144924481451 -1707.49031970868
-3081.542002700461 1148.895980971051
4753.844460460188 -646.7465898707048
-6059.759530866641 -2544.868682057148
797.1556237536876 3678.4660818790144
546.4686920814503 -3603.5324981773997
-4492.460133249938 1340.4399974281687
1055.0747550879296 -6221.130771797963
-654.0103898882321 1168.2483918393427
2443.1989633366857 -3570.5172488873227
1414.2838832289908 -2452.531158063533
-4575.430983498114 763.3110668116807
5182.260446469309 -1013.318255472453
2484.5573785032266 3933.4362201621425
-5168.3227726025325 -4097.4008586897135
6734.247593221316 -3063.466682156162
-103.8238228413512 -3519.220986195964
6405.622395886996 -3643.728045155486
5895.415091096024 -5376.001352784761
2780.448923010982 3253.338895783003
5625.208257709631 -4370.9846296497635
-898.2690107783317 -5239.786300738831
-482.3073880564915 -6909.319906078445
-374.6242035199127 -1512.1456948977718
-1470.504842048772 1010.5308436580394
3588.9094914676843 -4225.805263692221
-1720.7330694980267 -1556.2602118887369
-3619.7008169492074 194.6420958730215
-3306.9175194768363 2055.1553233911463
4503.218097585158 -5875.5990007337405
-1352.7591418232632 2628.0328565864165
-5185.956099712546 -2733.3218034232596
-200.84431721122917 -3116.9409456229505
4252.838718276736 -4939.293285747281
-912.9145900201808 420.85613268927074
2463.913737725635 1853.2268556935862
2662.9932101788704 -4390.114714629949
1522.4314737884183 2998.9112039390384
1497.8239141782976 -4440.06633818797
3407.9969276225456 -1748.7462171106663
-5749.46547487866 -3453.8758490749365
2600.996422127768 -3206.0521123725507
-4409.283369750368 -2014.140810266167
-5162.37035718417 -3745.6428579436874
-3262.6243393624645 -1951.2857187811453
-4879.342724519884 -3263.393655457497
6623.174928680313 -4125.75564327777
-1371.818765176578 -5950.70889853533
-821.9633584811684 -2518.913022318376
-3866.4534026326646 -2921.8250234019188
112.74585710106275 2434.81804041778
829.4833280330956 3083.996981463633
605.0818691106376 1491.1929999465108
1569.405626075357 -12.17792374869672
1941.774220694098 -1340.6692630122143
52.042232596093456 -2658.5841691508604
1176.557406233569 -5633.990923001549
27.20276863719258 -77.25662079082939
571.8019770003364 -4552.547753749387
4224.690192562046 -4086.9343862922537
-1860.1302807102713 215.28445469154596
1975.4780478517105 75.20114860570293
1385.1620116660436 -2697.9100990305624
3307.0555165061237 -5906.056362181293
-1562.1562028670812 -955.7778199669672
-2795.0038325558476 -3191.243711835724
-6778.983218819765 -1609.7531510424021
-2966.440460271226 -2022.9121824136364
-846.1508314516333 -6454.748380193429
-1024.2527725163284 2343.265822469918
2173.3279233638227 603.9519274891162
-5852.160746847753 -3878.151587438797
4900.8769677671235 -5045.778721963345
1974.8851303661413 2497.0647582057036
3100.9876644256587 -2348.401991069449
-1768.3979544645063 -821.0883792252561
345.02727681286785 -619.6599301446731
6185.9029503685815 -3135.760577939526
5614.23033058088 -356.6569142961707
-1205.0204152495976 -5446.840068588094
-65.46891708801584 663.7222005152656
1436.4944617511496 -1463.4572224019098
-3883.9911097979693 -1183.8105777965422
343.58475614900766 3537.4171590779047
3505.106538768872 -2042.7814620760948
-3598.4559812362445 -4114.9070598075505
-2993.1411398345467 -676.7776067624521
-356.3398911213118 1861.7321165533506
2896.0432318942517 1344.4267154961262
-4199.722511436869 -2595.982556871298
-4042.02697726251 -667.3351020830382
3023.3783150298345 -714.7275601128177
1687.5271348592773 3431.139082959562
1102.5406180047653 -1405.6140194401391
-2202.4057931645066 1034.6285979490262
-3533.999460916628 -707.4688163609552
1138.044956010974 -3655.0689472181834
211.94923279655004 -3110.1968582484255
-175.51871010648466 -507.46826704386274
1929.0463708630245 -266.4764677458005
-2270.4266086563052 -1684.0418777506418
-3330.793918181496 -184.4955487205573
-1333.4738201221337 -2435.8210031660146
1882.8368466365139 -702.8374088575176
-2692.2461549652476 -105.38941161499147
-3801.6235678046432 653.479115222636
251.27146510337118 -4357.523222384007
2889.5603292220403 -2936.9244051738483
2096.604742390775 1942.1417091266903
-3990.8776954253003 -2471.4074681726806
2670.2155817933985 -1208.3250068941172
-6262.152044870278 -3275.4343252183676
-511.08980305940526 7.308255564319782
3492.9027235610265 -5038.062254362819
1635.2985506301143 -2135.4621155466216
-3471.359791432087 1508.719085553909
326.83023777352537 1548.2508868490374
6393.609072185404 -4270.811928612491
1331.1522358097777 2211.997140851437
-6477.288748163771 -3750.0999487755807
5938.99587147043 -2816.8842354028084
-6103.113013752342 -2928.056542140422
6252.328798874241 -2467.677161161342
-1273.872740081128 183.2585098925521
-3053.060822517128 -4541.636330312828
1619.6931411991543 1202.8092726141683
-646.6723780632401 -2352.5233793606117
2213.076423538144 3198.4300281332935
-871.4309099302071 -6780.948943262461
1393.9884263289377 3210.542545406882
-2862.5158106568315 796.6535254591444
-1192.9869710044206 -2161.375540963421
546.4204733520373 2068.8875493445353
-4572.972308771459 -4050.622102452026
-2248.630206503148 -6702.793415978657
743.2256165868001 1732.9251948830647
-6861.7284241486705 -3577.5713182704776
5436.161438972143 -4225.245671052045
-2546.9460963325255 -3793.7608011327306
-3991.5643943552304 1997.3496837977814
1795.504565343266 1821.9042879690962
2450.3553087130226 -432.7832721225758
-6245.635759776492 -2240.3222238770263
2237.0797560431824 3781.8862719641998
-4455.609025893391 -81.72617419533321
2753.0424418717034 -1546.9798124125562
-3738.7302017416196 -2180.110219114671
337.9036619162869 2103.5697646623626
-2621.522760912491 249.42466102406655
2757.7553174699924 -1914.3046937817562
-1931.9787604910584 1066.6768292502572
-804.8887223368229 -1370.8270439696662
-240.4774346281265 -7391.750786836453
5181.76595222071 -2779.0471151443608
-158.32794561345312 2609.567308965807
728.2721389270322 -4002.935252342691
-110.1087160421349 1893.2164058628093
1663.8897876510114 -3152.142347642722
414.7458791547786 -5447.167209097263
-712.5685652158069 -1142.7186514293928
6069.780650139454 -537.8883389493633
-2212.162436702111 -3774.861519979105
-1077.0923913285096 -3873.363550993049
1589.312699227361 1470.9673314822394
-2992.8098021038136 -3557.4027442083993
1727.0011208468238 4050.3509541100448
2083.0363378288343 -3065.3111673247618
-3019.0081839570103 -6687.769830087053
5728.060071119073 -1371.9497502179038
-4707.289171977292 -3481.503377445564
-621.7320053184671 2754.117819273246
1050.8346998539762 -4165.368878011933
1076.561753074427 -5068.206521663628
-75.04550010713568 3241.9433462605393
2230.6027666636205 -466.1988424604865
-1115.9850749062225 -7.372229670640704
-665.8366291870359 254.72714194276398
3917.735796507849 -6561.650959333978
-1172.9508243576602 -1652.8606672154692
-114.02293162371338 1276.5672599932313
2591.2564122898852 -5310.74967252747
-2570.934413472456 4409.9195355693455
320.5265624507684 -3838.1307222788632
-2013.9366525961057 2226.8921304330693
6767.993600088244 -4104.7378863390995
-1910.6243391293845 1438.6133334733727
-374.595502765777 2472.241086524573
2242.966780499877 4045.7557526200903
-568.0275042167086 1432.4892560576927
-5748.486346838997 -2732.6199071498027
-967.6269551019506 -1937.6810601026764
336.6450956796048 -4907.454611589976
-197.3369558083954 -5217.378549232094
-2732.8424091949114 3347.174844931844
5402.231057505395 -2575.209686083391
-2238.1535258942768 -1248.5834658686645
-1857.186811241204 740.3796141397402
6047.748715759156 -2287.151334531761
-6800.37991695781 -1902.4401090253036
-620.9904930827854 1756.8254648385437
4890.359924709829 -769.5351987660542
-175.07382882282602 -1178.6132337408653
1955.0528700137627 -2503.483565145884
-59.218317123180924 -1805.264361070576
-672.5041391814711 -384.3758745835024
2866.911789403066 3490.5322425495488
-2374.618879177429 -610.7231943763677
3737.411900854976 -5991.605359657543
2743.19954018162 3817.2256551852643
2775.3347592332825 -2262.1143690752792
-1495.0861809138908 -2828.978040987569
-1901.3485005978118 -4407.552942775273
-1026.7043129968167 -6686.905959900349
-1731.6679864943592 -3008.8801954746496
6023.090388343316 -4634.894924263
1704.5767653444414 -4524.9919743399405
-4719.887208908422 922.3678253387721
6090.813722751771 -5146.584614946379
315.65399242040894 533.2562200643056
-1684.3979250583793 -4331.926514672382
-3775.623314880045 -1802.4422194742367
-1833.5293665614306 2546.2375788688346
848.0763420015109 -3136.9933678823163
-6443.872856696104 -2719.079726152433
-6114.5049625992515 -1715.0229652230983
-4792.278296907488 -4292.1151025947975
828.9750452995804 -3329.863311881011
-1185.1356350398687 2022.2202452020351
3479.931814166667 -4816.930860808705
1107.310983044438 2352.3792564234636
5770.118616252079 -2978.897915133993
3326.8030528780405 -2584.2205055789427
1201.0191422477742 3219.5903272403866
-1006.2902851379456 -1138.3644427954914
2526.4336991651035 -4654.3510535864
-39.42723965764325 -2404.358128014812
258.73715249015214 877.4543125733663
-4063.7587552833807 457.36974098693975
2596.5324917422936 3668.7501028861675
558.108835522173 73.31774107355632
866.737129854456 -5231.158614883544
5637.821221924062 -4055.8574838918476
-1733.4995734020872 -3676.8612855827023
1044.6264026275487 -3444.722450342666
770.6108991076175 -4562.342573789955
-2665.4074812944878 4538.031119906758
1421.465930165836 212.72108602504667
-61.167351805268176 -1014.7308638966475
521.1435872542075 1027.2269824552386
-1288.658634530089 -4934.882088801899
-3040.126424937864 -4158.638140724284
-3623.283442478973 -2182.9266099286438
1544.2052859593252 -2889.0631940219146
950.5324400144796 843.7245022352552
108.38257942273029 3284.9672110894103
-1752.2741215714339 -2093.1204121282135
369.2651363179052 2391.4783791125005
-3781.3353157493293 -3949.1550596209804
1833.4929485569985 -5924.793352938725
462.2704514384799 -2237.61690608439
-514.1177643547885 -4099.132553686155
-1249.8197627311015 409.41164246549016
3059.5083540226824 -4380.591343249347
-3861.2117078223973 -3466.9873706331377
1031.5775008166886 3555.5133756040395
457.0985412558799 -823.8244988464204
11.079397708227292 -659.2611341256414
-2119.203673258537 1920.964032088291
596.0946073484663 3106.7971296232363
-3693.0314740763893 -3659.4017175081717
-5828.310561640358 -2447.266775548555
-339.9047221108305 155.75280933043373
646.2504579927553 -4190.344536109873
-1250.9656910271406 1158.2440045477285
1389.916107539637 483.68023563970496
-514.9723837450197 -3585.5446229935387
-3971.655689528357 -3327.6012676564515
4603.098481889339 -5541.684115851115
-386.00480276087825 2970.1296182546257
-842.3408403170846 1303.8242013296237
172.02264186199375 2857.7865228708874
1926.9643802872265 -3049.622156104958
-3697.899707977704 -750.5773048512307
4413.996148365471 -5614.36343437943
-7129.104847569666 -2025.2376544086087
5700.503307696655 -766.3404432061998
1762.6290534289483 2258.5384774423624
1511.8589999584303 -550.21251145939
1222.0131329907283 1060.0257788305562
-414.9142740748415 -6103.220288296533
-1033.54798182529 1242.1013465187855
221.3619524558044 -1971.661078912287
4968.538816614278 -5279.99996856467
5744.832122193666 -3637.2652612730535
766.9863722020068 1144.5298537839278
2553.630355942383 -5981.55280075045
-3594.682754074337 1801.1916980079213
-1363.7966474388445 -4590.310982720368
3471.323854079005 -4431.49263809854
-3570.295163313037 831.7352319186982
1741.1747965103532 -2084.274315958039
6084.853604110531 -877.8758069770059
-2624.157068859302 1040.1456911049434
-4431.154532712882 -2597.3498098327987
1322.744158229838 1733.809640418627
1763.1057405763402 -5317.968065569563
-3742.2644443108616 -3288.384014951036
1277.7182833237384 -3712.361971537506
651.7326493090612 -5465.0748880458295
3229.3492255826854 -5596.45365494271
-24.246374453053427 296.8196384074262
-4060.64502398195 -3216.2460974899504
1594.0348154053486 -881.8455812722121
-1368.7733732895872 -1114.1353508417228
2059.258919991177 1420.5749372104085
-5624.131039169833 -2233.666104230361
-1062.821009817943 -734.8674524041695
1360.4415182265268 -5291.829135493799
2476.0621609609843 -1286.049751041875
5755.565527475689 -3851.2194501999697
2980.741978814598 3187.66304873469
-22.726413214885344 -4827.5307580017225
5080.776240365216 -4771.84541964548
474.9263231979265 1306.8174569734392
5923.617794169159 -888.7781176505055
-671.0747140473997 -5505.279379654591
-209.59832158380055 1589.786213062121
2550.483412919067 -2969.611808733615
5946.03884792689 -457.98324142006203
-3267.9124873757287 1589.8834232234585
-1638.1186903879059 -4609.129726263326
-3700.7050580513596 385.7697703333366
-1579.6987627900285 -3591.5731386746975
-955.111686055766 82.10454218207
2789.725396225953 485.8170516509101
-2571.427140132092 -382.2302533965488
-3195.3340101799154 1393.6562129251179
-6997.423607740974 -1576.5089741370457
2376.9485760593643 -1402.951103638877
-1653.7512322759337 730.0825109162625
112.39760819649224 -1107.3583254233263
-656.1446255153398 583.24212719765
721.5865341008604 -885.162143683619
78.44692342425907 -3607.217277062886
1882.1093538237474 -6125.7533968169355
-3669.023403886936 1410.6239151821244
-7168.390020586899 -637.1357686467503
-5429.767068315983 -3815.9167842654692
1050.4671600489148 -3025.557847419223
6729.387373541624 -3248.800109462032
653.5649107165085 -2362.718628255844
453.8167674788228 -3390.2132961719585
3220.6892974813036 -1552.4927542617006
5720.956850856125 -4201.839007926463
3650.743698503584 -1824.3600726079706
-590.1369278448149 -2719.529121104275
3219.295211641125 -4599.7153995756
1232.9685465468915 -224.67032871163926
-1214.1499260458024 1274.2734852591893
2077.754668170797 -4873.7915527040905
-2643.3166339740615 4134.771928426595
5926.145419115429 -2258.391336911885
913.2317763986966 -814.6126196523431
-1354.1971251288844 -6354.251911589567
-4257.234514248409 -2816.2797190566585
6412.505089491983 -3378.255236276504
3377.0358180379653 -2015.109160856132
1137.8078718820602 -4725.162585582288
355.073891728508 -4569.237269444794
-4887.230499065389 -3718.3254010800974
-258.879358082805 -4241.1925062916025
873.4212399666635 -2802.2668986133135
-2788.163561119268 579.6343791102745
-4061.1413824829847 -4201.570216085571
-4334.058531013674 -4113.027734870451
891.05466910108 -3662.4298424532935
-3739.050207921958 1115.490969507603
6178.312845426465 -4643.67001906434
-1882.9310985039463 -3536.349520868852
5520.900135069162 -4476.743712501984
1692.1083404754177 169.01167335087018
3349.871997774756 -4829.877985502056
-2799.6814145219187 -3681.215032787772
665.6723360970248 -448.8838007229219
-6944.506942236687 -1359.0134601884363
2280.671392504481 -4704.266781184513
2270.201814307805 2.9889451259157043
-465.49304290380695 -4320.269592636103
-1520.630685071621 -5309.522280150937
1055.5999397171302 -985.0731924369874
-2039.577883344565 450.480884050115
-1491.105479140754 -6107.333581696067
-1764.8184159807117 -310.5236620069543
-4025.5764573172573 -1174.3257538599614
3063.0160852240547 -3066.716952174608
6277.7931067402815 -793.7168939975674
-2560.4462398940173 -1137.446693521544
2974.6595199377307 -2235.653504049157
-2080.0301209359777 -2777.2032190593045
-1383.5907069689085 477.37887978088406
-2094.3283951783033 -1547.6643018649404
6610.56431706451 -3730.600552579463
4826.063071965378 -5332.716655248245
2136.336766280874 -989.3030030912691
5282.658291611346 -1196.9514327232764
1305.9284982979045 212.3925497833033
3220.460718602768 -2239.436496469461
-663.7095129419604 -1320.9028981979902
4262.8348872435245 -5139.065496175444
-2291.636831481276 -2434.676093406366
5520.061951546613 -3333.7925781903336
-745.878270072085 -1782.1136001547566
466.68078206242416 -3933.08523311132
1491.2236260858208 943.0640489180414
-435.7700186084232 -3869.7026033937977
-862.5181232522797 -4484.707341564477
-3476.6820595954196 148.04901481994975
-3746.2377448482894 822.211285988916
455.3647587516843 -2600.155128683633
-388.75661771661345 -2426.726743571143
-234.15896492385846 3240.212796479337
330.1234413786604 -3223.5602547041794
-3509.5803982759694 -3334.087957434236
1335.7201650747934 4119.604767577888
-221.76037128760458 -3693.639482670516
4745.677506863708 -4485.377017155013
-6232.31633338111 -2874.8892703625156
598.7954062082425 -2074.18319292022
-1086.6233346035647 -499.47567648215835
11.577885286479733 -1671.7291285091476
-2130.5397689489055 1723.1810286933555
23.79863898521816 -4304.139711342054
1910.4255030463796 1695.1685755256046
6255.315617926478 -3561.9380878998427
437.94759296130246 4360.565374445024
-3910.7504085827127 -1889.9583767935655
-1129.9467428106893 -4248.372864879295
5858.803056236269 -3696.70370060818
4660.160099505585 -4167.6257262406625
378.29764408322046 4609.141588805484
-4373.939654833456 -3018.601952520409
5399.253752171516 -3527.1868106694146
-325.18943970122393 -3000.5514733776104
84.4058541285013 4219.687328001598
-5564.751860225479 -2947.436635436903
367.169896678425 -4216.338615131558
654.2548500754222 -204.65050243689393
206.32280968706652 -6531.730072333732
153.5211486820031 3910.348247942996
-1554.3390468193645 2159.1677017455236
-937.7198899046284 -6268.207634868963
-1679.0485999049513 2601.2277658592925
2285.4487540638224 371.1716536166754
722.3328132791302 2528.404619539549
2280.6130619798205 2605.8365442167337
1916.4680207562328 350.2938546365528
-2235.389229690787 -75.42724637728111
779.7492370742187 -1313.2140531959749
-6932.027636806052 -2766.8329247484853
481.5005704728596 -6325.561989728154
-4302.369381388914 -3633.035350930848
-5040.702376564775 -3158.45998478242
3330.26937102067 -5140.624287360213
-4012.9734106562078 -311.1502024671161
-1584.2776379296083 -2370.114910696133
1427.1539745214477 1333.6542587046204
-1362.3460579466605 694.9873868052606
-155.08485123030354 -5066.988740932379
-1645.4987925598882 1115.4895207691725
2753.682136964785 -5265.66716829365
-4284.322501304219 -1608.4899320035456
4559.843205999374 -4701.036888350705
1047.2125484220223 3268.398105911177
-2474.176928504325 3486.616655163778
-970.1491137113325 -5997.347497708804
1135.7025651075905 2083.593350569194
2641.1105485366065 -3677.0538136801742
-3430.327618797988 -6820.6392524020885
1104.831840569317 385.2390713572694
-2874.4293351826095 -401.71130607604647
5885.122860303908 -4800.074720811255
-1802.7599721626575 2069.6450834398865
20.164556149253617 958.6038986258396
2704.8293162725104 -5498.838132154024
-1052.0989161520645 -2976.2886409075204
132.37713076313594 2041.3181963462268
1125.2582116167102 -2124.9944362192246
-2675.218580633678 -3157.107061252448
-261.7915530178662 1984.7089427377946
572.7885364064213 386.03908685946686
2440.795007358128 -4188.70076259741
5658.115211646926 -4613.9924960672315
5456.039477424467 -1464.5821615088469
453.70792374943426 1508.193204361741
-1561.632069001628 32.906682215644594
1500.3651830484744 3491.3037876329004
2884.9807282026513 -5064.004451192279
884.2597665440869 186.0579626708273
-2122.1799737867113 -1358.2346639560726
-1322.6830381845562 -816.3156860651625
5074.7610998327555 -4178.257023725059
3620.25566353412 -6368.223062623355
-837.9456792904665 232.80798167306264
96.0149720751057 -4862.844877344031
1588.929605267875 -5014.245169230679
789.2386828463912 -4397.331391631778
1133.3758148384263 4001.4655625407054
-747.034056159614 3051.6957456419195
726.0107979969416 -5640.351180751492
5505.265062257989 -3628.234627161309
-2949.77672326284 927.5346872719996
567.5807284763337 -5800.356913131057
76.41969708588547 -4475.2665905188605
3792.5444933093413 -4096.773656990586
2916.975554375926 -1927.915878523198
5998.768395347591 -2612.427223586686
2329.441593540092 -3043.2877395592604
5818.698048285688 -4457.4335246440005
2101.6079629263377 -4681.539137378474
1035.837062270451 -2647.225317689807
-2180.382019190661 -728.6444281055784
-1804.5896248969095 -6409.203091359163
382.18305441976025 -314.1416737938453
-695.1230048314592 -4618.09274905505
2258.523804584733 -4085.565051346021
-57.43483194980303 -2197.2735300925547
2859.3202481484145 177.88091425011584
-2727.714856154295 -1318.2126002426212
-725.928720109422 -6815.978861980995
270.86108411724086 3103.006449083858
-6434.981902184592 -3605.002661808589
-3212.7450404068313 -3933.889489919032
-993.1405893021697 611.6633507047535
-2482.384246914436 -1640.1146610528056
-4206.601104594647 -722.0758275188
-816.0090324044776 -3718.9210709383547
-1091.6612358694697 -4471.899291647023
2131.496415743655 -3575.8175459670915
-3419.5891066023855 2705.6726487238716
1247.271712964173 529.8451196330918
-1633.188336360372 1353.0097721006687
792.6985429910062 -3576.778801178921
-3946.3641125028917 -2094.1486470496884
-738.5233670595082 -4854.113569175133
-700.5838880691822 -2651.3201140179353
-5614.101874536066 -2081.0828349737376
-595.4823243788691 -6110.528721827362
-1978.1903373218317 -5138.649085791467
-670.6820560993891 2102.556109916385
-1163.9093031340005 587.8508894654957
-3216.643652908057 -3578.2111121703997
-3097.5092548616394 -3300.031845174731
-2403.987021934269 -196.2855132342184
-1982.03564372315 -29.136930404929153
967.9588842351875 3894.2974604358087
1587.712255671926 -2431.3211702356475
713.1938270864017 -2765.9867792091654
1505.4296949411575 -4666.562729016057
-2112.134859058026 -243.59542906465273
-118.83193871757643 -4732.593080678029
-3726.1623736365377 -2589.811483139047
-2014.929864727095 -965.5144834575182
-4462.071782589509 -3545.1062755309144
-6566.31744766229 -3577.8468402960316
-7.516741555910892 2263.3712472312295
-6019.94772916186 -3844.266511364912
340.9742666618734 -1180.563863501012
1016.8354535456665 -4942.056580950985
-1413.9041396281132 -2150.6886590437216
-52.90934590630238 -5168.679342159377
1494.9685206113102 -242.41265827806612
-4490.950997923143 240.01723551302365
2191.342120416982 1352.2288175520587
-1396.6049259010272 -392.4804797551752
-6536.768070955477 -3300.4056660258907
-876.6289630379964 1022.1135744178988
2406.2960382587125 -5398.0991732967195
-4818.971648757456 -2805.9478437672283
-3981.4521922888257 -3578.010016076257
-4151.750197845165 -3616.732858269883
2007.4748802023232 2210.0998734553486
-1939.5017405419756 -778.8623311775274
-5877.48287124994 -2220.88636290206
-3485.4427988720195 1856.4679537716884
1866.6030625564765 -2883.749168611398
-1745.3105416403644 -1179.8206136962876
494.2644321145309 -2442.7937565342604
-1766.8928678319855 -2276.8945871387996
-1513.5515876060692 498.1763977959362
1599.8921569933668 -3723.02602190298
-3009.28726751742 -3721.9345683072966
-1584.708674575751 -6216.789779990002
-2375.8037211169594 908.6279679781328
-2576.6195225773026 -1843.6945944618324
-5764.4023967666535 -4203.350922883288
-6349.5128432260235 -1739.6352514420005
-5552.815949091739 -2538.0134064779695
