12.5 0.3642165185259165 0.7945500647233791
37.5 1.193066743729605 0.5559891322537185
62.5 0.5142334552710344 0.35077474322529745
87.5 -0.317389821488136 0.1979206624224301
112.5 -0.5398476028781631 0.145945396323559
137.5 -0.6685324323734076 0.110725811181937
162.5 -0.24395498565800888 0.15507986161748777
187.5 -0.5566703786869185 0.11114975001593116
212.5 -0.59419631119964 0.10171684905785223
237.5 -0.4688421227611662 0.1087939880836423
262.5 -0.6460186087772998 0.08362501798945195
287.5 -0.4771775935686593 0.09741342850000673
312.5 -0.6294720566966647 0.0791859136384997
337.5 -0.5111108128602777 0.08669706231910856
362.5 -0.5837611439328652 0.07750142294440539
387.5 -0.5037443477544812 0.08297432269003545
412.5 -0.5708134438688655 0.07491889569358265
437.5 -0.6940088556187912 0.06131922671843556
462.5 -0.6040387929557198 0.06808047477473442
487.5 -0.6362089283930891 0.06446092295202523
512.5 -0.6184861682069374 0.06464653941671077
537.5 -0.5595122352337973 0.06816210578633299
562.5 -0.5467759467655406 0.06852609382869555
587.5 -0.49295013354485784 0.0705453878957851
612.5 -0.5383591776075526 0.06683076845771797
637.5 -0.6396009197367432 0.05860057327980001
662.5 -0.5621567585156967 0.06209548968660186
687.5 -0.6180026526306424 0.058397800050848304
712.5 -0.658619550821512 0.05409603792630931
737.5 -0.529546429893258 0.06305800532288719
762.5 -0.639065522121751 0.05453979700968766
787.5 -0.5736971237152393 0.05871843879878648
812.5 -0.5532374171308214 0.059345895120888406
837.5 -0.4790624333842173 0.06338545289736892
862.5 -0.696492414883155 0.047492878000374994
887.5 -0.6261534478911532 0.05247541419822384
912.5 -0.5676017373927366 0.05597827536257026
937.5 -0.6077667758850764 0.05302272079452886
962.5 -0.5301411347229297 0.057151651222903575
987.5 -0.568660617205073 0.05449505297239724
1012.5 -0.5580594391758613 0.05497244282746721
1037.5 -0.5360857029538761 0.05601604305220122
1062.5 -0.5141361172361424 0.057044487255867284
1087.5 -0.6351050444940796 0.0488760842430674
1112.5 -0.5898907017693975 0.05139946029761336
1137.5 -0.5635974040199354 0.05230710564745094
1162.5 -0.5041660215537744 0.05632190121646959
1187.5 -0.5445638771445238 0.05346155483209062
1212.5 -0.5492029471222477 0.05255666449962269
1237.5 -0.5742413697755467 0.05102782901308225
1262.5 -0.5441528261864026 0.05279166073990661
1287.5 -0.624641916483589 0.04778611647254127
1312.5 -0.5921498188595031 0.04958939624068964
1337.5 -0.6604781949450873 0.044679189321738616
1362.5 -0.5668498068434409 0.05049355542780289
1387.5 -0.5935257124500262 0.048710527364923324
1412.5 -0.5383519075817509 0.052094321693926804
1437.5 -0.5980132305024193 0.048874636059288906
1462.5 -0.6134142870575163 0.0473469045094322
1487.5 -0.5392991494846926 0.05166117306401011
1512.5 -0.6336227359409072 0.04702083104040293
1537.5 -0.5614370897716441 0.05112631111295804
1562.5 -0.6032618124739726 0.04823487026198959
1587.5 -0.6047360809606275 0.047705678066976974
1612.5 -0.6378989660059446 0.04647074071342761
1637.5 -0.5147205395956064 0.05343326680496159
1662.5 -0.5930978126060003 0.04876193970619623
1687.5 -0.5501128842882528 0.05108769398943718
1712.5 -0.5346540092311899 0.052183619185542394
1737.5 -0.5687851304116904 0.05061044915637501
1762.5 -0.45538590627803743 0.05697959922718822
1787.5 -0.5739107865279233 0.05035329175313206
1812.5 -0.5610332565209732 0.05117352165450967
1837.5 -0.48192979230220556 0.05572875855922288
1862.5 -0.6047893277082164 0.04877126197997464
1887.5 -0.6271925238592313 0.0478480644548924
1912.5 -0.5217830905000753 0.05431462365971867
1937.5 -0.4378228632448147 0.05947375171560407
1962.5 -0.5552829530976122 0.05292979469538036
1987.5 -0.4574602714528889 0.05870849698231046
2012.5 -0.49730412572867444 0.05710386366223547
2037.5 -0.4580638160082614 0.05898690972369768
2062.5 -0.4947769575295726 0.05739186997090463
2087.5 -0.5580652404433963 0.05414502967916615
2112.5 -0.4628757844956152 0.06026057541592082
2137.5 -0.5632072169184235 0.05433031835125367
2162.5 -0.531898398511143 0.056937261832188335
2187.5 -0.5989871248050105 0.05279196551841099
2212.5 -0.42015620785933017 0.06350297046158179
2237.5 -0.48855274621150924 0.06005806243344769
2262.5 -0.4791112240813913 0.061170468996321885
2287.5 -0.5029048714212895 0.06047514159336876
2312.5 -0.5196573772516531 0.05976398231048349
2337.5 -0.3447429864985043 0.06975084919549229
2362.5 -0.4201703283491057 0.06632506824990748
2387.5 -0.4020226559677843 0.06753741081727979
2412.5 -0.5128917422611019 0.06108006252731925
2437.5 -0.4941242145806446 0.06295113457264351
2462.5 -0.45270369758252327 0.06472740188756847
2487.5 -0.5574995626793824 0.05877812014476629
2512.5 -0.4877814295035211 0.06374302798417412
2537.5 -0.5558940380126276 0.05899199393482076
2562.5 -0.43531334757875384 0.06773902032776431
2587.5 -0.43479581990842653 0.06732216019655786
2612.5 -0.4572737177654582 0.06703908032787344
2637.5 -0.3701024963843301 0.07207534052882432
2662.5 -0.46634832449336694 0.06641941518498778
2687.5 -0.4572159809269227 0.06704623700760587
2712.5 -0.3704890382029773 0.07250327131349882
2737.5 -0.4508945277488299 0.06834961125931058
2762.5 -0.4818545472250759 0.06656368553197983
2787.5 -0.42086801975103416 0.07049264050159114
2812.5 -0.5618862386331929 0.061521791062205115
2837.5 -0.3230226774576682 0.07698748528791452
2862.5 -0.3560071895124721 0.07568695558611244
2887.5 -0.4261888573061028 0.07143616817110918
2912.5 -0.4657102010305253 0.06864479200406645
2937.5 -0.41625648506384083 0.07267732508144743
2962.5 -0.3990377173984774 0.07426031564410722
2987.5 -0.55498419488875 0.06375640733251109
3012.5 -0.5939540981825692 0.061374274198209136
3037.5 -0.4833376593719727 0.069272241683671
3062.5 -0.5602319864834152 0.06432895448129859
3087.5 -0.49326261875585053 0.06918386423756424
3112.5 -0.4079545805769512 0.07609336598451182
3137.5 -0.45180152340896873 0.07286765980932912
3162.5 -0.5196022699697453 0.06814926559780422
3187.5 -0.40600478765385395 0.07572673329319775
3212.5 -0.485455127981104 0.07025332994754123
3237.5 -0.3457516757713318 0.07909482848211587
3262.5 -0.4662005237827077 0.07157780735318646
3287.5 -0.4701063027812512 0.07235611468989117
3312.5 -0.5274718660362555 0.06702949304697754
3337.5 -0.4398144730690682 0.07382198933294269
3362.5 -0.5459289120912271 0.065731714616202
3387.5 -0.38334907187733536 0.07620661807261
3412.5 -0.25606625715873443 0.08254808642608787
3437.5 -0.39158481048331417 0.07518485999972793
3462.5 -0.37329745055795616 0.07630627991248322
3487.5 -0.37929808037871926 0.07670923937775732
3512.5 -0.4181298720265806 0.07358412134530316
3537.5 -0.40631024211229616 0.07335823273861905
3562.5 -0.40213618710019594 0.0738759716765886
3587.5 -0.4002386529579256 0.07411134600069257
3612.5 -0.47153513011414894 0.068457317241408
3637.5 -0.25954217699446047 0.08216056319925473
3662.5 -0.33068742236823734 0.07710706291154176
3687.5 -0.3742934572652451 0.07455761771444422
3712.5 -0.25566648947668436 0.08112204680615302
3737.5 -0.34740878382173457 0.07618171818382678
3762.5 -0.3353816961027587 0.0765639619993747
3787.5 -0.22599797035463653 0.08199439441223695
3812.5 -0.44465612595644977 0.06966687866693708
3837.5 -0.3293474572478535 0.0762651232252564
3862.5 -0.40593756682967674 0.07179097548464314
3887.5 -0.459888734683226 0.06883340584006857
3912.5 -0.26201974046497856 0.08042635686837267
3937.5 -0.2431980154578669 0.08106929637649567
3962.5 -0.3147281626345356 0.07744007202831198
3987.5 -0.25163153039581976 0.08062094264461578
4012.5 -0.438562661835703 0.06989014820081134
4037.5 -0.42270671176957253 0.07079044912565587
4062.5 -0.3838827323903322 0.07289888946656818
4087.5 -0.26522084067017027 0.07960893461158076
4112.5 -0.3584597284940366 0.07389443672234536
4137.5 -0.27131291951380676 0.07717152290462453
4162.5 -0.3187125689672019 0.07510980709589253
4187.5 -0.2699975277337444 0.07818508470265513
4212.5 -0.31982082034321146 0.07453940489470766
4237.5 -0.27450424979330823 0.07683197430397445
4262.5 -0.28820622369483717 0.07579654755910482
4287.5 -0.21307540068904185 0.07869944841948341
4312.5 -0.3335055805898448 0.07217909194748075
4337.5 -0.31249958058476546 0.07279043713892008
4362.5 -0.1625662535792164 0.07955749546589812
4387.5 -0.347415475503585 0.06946517721979363
4412.5 -0.1769745718398782 0.07818147434422366
4437.5 -0.19615379219715146 0.0763502138119874
4462.5 -0.17282078082184715 0.07721146260701162
4487.5 -0.21531638840901135 0.07519539795485015
4512.5 -0.30037044136529323 0.06993005096225213
4537.5 -0.27738785884300443 0.07118835129275937
4562.5 -0.29887654290461907 0.06906187549477905
4587.5 -0.38588071410801217 0.0642801726444347
4612.5 -0.2530226555621785 0.07029802936594841
4637.5 -0.28271153544027305 0.06839713201801495
4662.5 -0.27989999942618493 0.0680560828697397
4687.5 -0.18824397635942636 0.07184539799824814
4712.5 -0.19680873466297943 0.07108346713739733
4737.5 -0.21005975383327724 0.06936912751911686
4762.5 -0.25277330504669215 0.06662532775806708
4787.5 -0.17549980578800206 0.06955851520827291
4812.5 -0.154817965425327 0.06985227992360928
4837.5 -0.07584794699051112 0.07281655521485768
4862.5 -0.17513571609994794 0.06862949390410271
4887.5 -0.08431985296358091 0.07170654672886075
4912.5 -0.018341552806747985 0.07363159701950334
4937.5 -0.005612579165756748 0.07337946111988532
4962.5 -0.04179590239001929 0.07127011800078613
4987.5 -0.08143491236170197 0.06964959438117607
