12.5 0.507706612309123 0.6766638698864481
37.5 0.6353993886485818 0.41042614157588814
62.5 0.5969304906234765 0.30848648566657666
87.5 0.9608079711915503 0.29044126623348737
112.5 0.46147942385075114 0.22108558520523955
137.5 -0.018855117644491992 0.1639026756839324
162.5 0.11119164497743239 0.16080711030245196
187.5 0.3697189617506573 0.16663935186511106
212.5 0.11896022839359288 0.14248319081934
237.5 0.11114937827355331 0.1341172865531016
262.5 -0.2241343615093434 0.10577525485052425
287.5 0.06856803426550329 0.11902907754917877
312.5 0.07397040855587633 0.11477568468421022
337.5 0.06275247129360162 0.11047858735876524
362.5 -0.06809357716660913 0.10013053740329073
387.5 0.03161802043646489 0.10189573108333454
412.5 -0.1487318698329726 0.08991178401363546
437.5 0.0785180046393652 0.09953823836491185
462.5 -0.1074787614411381 0.08770321814960748
487.5 -0.05974093302260308 0.08825869534279711
512.5 -0.06463007680582888 0.08557564550538144
537.5 -0.015848650866352787 0.08585827274094696
562.5 -0.21593927850571248 0.07523835068370001
587.5 0.00987971127156495 0.08435714845825379
612.5 -0.13154027670712376 0.0766203066817316
637.5 -0.14204762721405728 0.07454451329424053
662.5 -0.08627377907272205 0.07604442607960386
687.5 -0.11467920706368728 0.07317256535183644
712.5 -0.07267703656595403 0.07393526913131902
737.5 -0.04050891954840974 0.07419392391540328
762.5 -0.16586189105159133 0.06824114829013495
787.5 -0.25693258310844747 0.06359586105855758
812.5 -0.17666317678669263 0.06604777560414556
837.5 -0.22847730616027184 0.06332068057404362
862.5 -0.219034315638704 0.0628442802803398
887.5 -0.2126572903988625 0.062360557808657714
912.5 -0.171927395322236 0.06289868814317603
937.5 -0.20793828512097723 0.06104170621510796
962.5 -0.12362274007020313 0.0637105636615864
987.5 -0.22386852645602873 0.05911626092986673
1012.5 -0.23703808722930064 0.058280046289271685
1037.5 -0.20926633711644516 0.05872245064106706
1062.5 -0.16965514379369206 0.059886641995015366
1087.5 -0.2584255561987847 0.05568063053777915
1112.5 -0.24559165185610254 0.05602002542503151
1137.5 -0.20250708469244683 0.05678201289481772
1162.5 -0.20302538666700953 0.05631997778241092
1187.5 -0.3738944510263933 0.049416949986829786
1212.5 -0.26185169020941756 0.05295198105845745
1237.5 -0.21355823658456907 0.05476292629418082
1262.5 -0.35291598081434017 0.04913023350092132
1287.5 -0.3244463153044358 0.049746885338028436
1312.5 -0.2644394437051564 0.05171584879762642
1337.5 -0.3020927224438419 0.049805736006348036
1362.5 -0.33908696360943047 0.04827722671354377
1387.5 -0.37585411382468037 0.04646074217481673
1412.5 -0.2932438308324721 0.0492048861197342
1437.5 -0.31533596988976154 0.04801352988111376
1462.5 -0.2138972621896268 0.050943087560547315
1487.5 -0.3926098212596555 0.044599857675010325
1512.5 -0.29303292940955805 0.04774323650400667
1537.5 -0.3270418742268403 0.04640193073571045
1562.5 -0.2408636491435201 0.04908982793326858
1587.5 -0.3170039067014957 0.046226995118914045
1612.5 -0.31663377001519943 0.046146849157746056
1637.5 -0.33867384421863633 0.04486057084807443
1662.5 -0.322646345766362 0.04512892524806167
1687.5 -0.3768797218457186 0.0431655233473995
1712.5 -0.26021380793335647 0.046776413868678875
1737.5 -0.4484863998567733 0.04016893720863153
1762.5 -0.37696915387648045 0.042652141368219786
1787.5 -0.3059606283009808 0.04478023622448038
1812.5 -0.32133928569912473 0.04415436116853837
1837.5 -0.28045750212071996 0.04531406851485493
1862.5 -0.4171858877177681 0.04046648026486754
1887.5 -0.3318660989229729 0.04310615553485997
1912.5 -0.3826262971397716 0.041310124981914824
1937.5 -0.28170898056689864 0.04445139344268079
1962.5 -0.3019890407802561 0.04361245497087936
1987.5 -0.3618602085647684 0.04151406717069221
2012.5 -0.36024993026499297 0.04153145448122519
2037.5 -0.3822613089129233 0.04061566569942963
2062.5 -0.3175627950986578 0.04247288325697069
2087.5 -0.4242532491888088 0.03904748427140216
2112.5 -0.4012864349234633 0.03970680827705752
2137.5 -0.327762017687947 0.041918110222492304
2162.5 -0.3990593101504929 0.039595078081885234
2187.5 -0.4167039963401036 0.03893993969711226
2212.5 -0.38389160663641075 0.03982745922235145
2237.5 -0.3696724270131845 0.04033006330922742
2262.5 -0.3967862786484171 0.03932177537879184
2287.5 -0.3779062212840908 0.039802471054821834
2312.5 -0.4169377748474744 0.03849889648504171
2337.5 -0.43286802848439154 0.03794382582142527
2362.5 -0.47602836724721 0.03646359113463821
2387.5 -0.41707451809113705 0.03824126354906107
2412.5 -0.4887510401097882 0.03575026975121212
2437.5 -0.44112337052583017 0.03739077701100617
2462.5 -0.39712318290823223 0.0388095372029881
2487.5 -0.4467483812558304 0.03709685196045783
2512.5 -0.41049451227876943 0.03826513577969271
2537.5 -0.43248129801389235 0.03747120434471818
2562.5 -0.45414135036845404 0.03676573822126634
2587.5 -0.4223924587212695 0.03789191964216685
2612.5 -0.4834009837814809 0.035777477953946195
2637.5 -0.45245468873263517 0.03687948809832739
2662.5 -0.5203710582283441 0.03447434090912008
2687.5 -0.439357178775297 0.037178614336387236
2712.5 -0.4482550859541261 0.03699569246487948
2737.5 -0.43214668676954593 0.03733136809386462
2762.5 -0.45230092511592357 0.03672406013647342
2787.5 -0.4785609609758644 0.035941529856986176
2812.5 -0.41189912707651466 0.0380144447315121
2837.5 -0.4773464655568056 0.03577193983602161
2862.5 -0.47279032126637177 0.035916718256630606
2887.5 -0.4688306315302029 0.03610333788717206
2912.5 -0.44564857737558106 0.03676086003433306
2937.5 -0.3891939703585776 0.038609317843299074
2962.5 -0.410620009699427 0.03786134230657423
2987.5 -0.4609199019470025 0.036145410582841646
3012.5 -0.4484297740857376 0.036576190109551966
3037.5 -0.38688374336595 0.03852600794571782
3062.5 -0.5140083418199138 0.03431853606794504
3087.5 -0.464421350810867 0.036072465867409864
3112.5 -0.4400138434711617 0.03681348936015447
3137.5 -0.4316060287877238 0.03712768058600778
3162.5 -0.41703389307808936 0.037603821284832036
3187.5 -0.3980790442658021 0.03827632277622297
3212.5 -0.4589720696187104 0.03619511535198502
3237.5 -0.42694542316880724 0.03727424607387882
3262.5 -0.3426401243564873 0.03999372289417767
3287.5 -0.3900704369040039 0.0385538364209566
3312.5 -0.34439628978129033 0.040034716138830924
3337.5 -0.4235279168158894 0.03749683910813828
3362.5 -0.2963154068742573 0.0415338752192068
3387.5 -0.47172615302635246 0.03590628565928486
3412.5 -0.3576988919246371 0.039590828881928594
3437.5 -0.3756772066238159 0.03907767415494639
3462.5 -0.36593058755364816 0.039306648701810845
3487.5 -0.3472663657384145 0.040083323997543024
3512.5 -0.3920551316761014 0.03858222509191807
3537.5 -0.29183604671914976 0.04179870317470885
3562.5 -0.40334607672397327 0.03832927117568309
3587.5 -0.32795469216282913 0.040664138515521
3612.5 -0.45747626578456957 0.03645843932251293
3637.5 -0.3144678490704921 0.0411081394491117
3662.5 -0.37792449410492623 0.03908979956900364
3687.5 -0.3410465514648351 0.04039001559991652
3712.5 -0.3466909040159646 0.04019434095655299
3737.5 -0.39159755046000855 0.03884602769600834
3762.5 -0.3506913194464194 0.04002342943109193
3787.5 -0.31158330708333515 0.04113422101582288
3812.5 -0.3635434495674117 0.039606894148847833
3837.5 -0.3078050913605541 0.04121393582032008
3862.5 -0.3803976845762932 0.03893416316651244
3887.5 -0.35780682884224635 0.03965934935988786
3912.5 -0.3373898811651921 0.040239471453880946
3937.5 -0.34219388325605715 0.040094958528244073
3962.5 -0.32168787229834117 0.04067449716875845
3987.5 -0.2809631597105341 0.041934984364370494
4012.5 -0.27061721556545526 0.04225390410102815
4037.5 -0.2759945685427503 0.042225251692577424
4062.5 -0.376438311814035 0.03918332500508195
4087.5 -0.28701110304736666 0.041794728564713016
4112.5 -0.1735099368567461 0.04510958832033784
4137.5 -0.3164988908916173 0.04098615142866419
4162.5 -0.3377195302446816 0.04036810704722495
4187.5 -0.263039740626658 0.04262242115384556
4212.5 -0.2969084297556518 0.041571049760386634
4237.5 -0.3681354253219864 0.03947341117274931
4262.5 -0.3051336477522467 0.04152023102893961
4287.5 -0.3293817287953439 0.0406519051120191
4312.5 -0.20140396392601867 0.04438161917695949
4337.5 -0.2982049197446799 0.041566745860890264
4362.5 -0.24608022727861834 0.0431050304649283
4387.5 -0.30980274534540797 0.041462711001869344
4412.5 -0.2685281989611551 0.042589328860735486
4437.5 -0.2969760109390498 0.04178601486033537
4462.5 -0.24268011596371486 0.043299776839505345
4487.5 -0.28371489414865003 0.04213281337249715
4512.5 -0.21750105938173092 0.0440306755494767
4537.5 -0.24502715773119654 0.043306640712801395
4562.5 -0.20886871741112945 0.04430814950318399
4587.5 -0.34009251655855277 0.04044858325962855
4612.5 -0.19926013740137927 0.0445696073297278
4637.5 -0.214836695535902 0.044180874482564476
4662.5 -0.2274559416626224 0.04374638140156487
4687.5 -0.23352890738606258 0.04361137435457259
4712.5 -0.25803103603474575 0.0429843080203197
4737.5 -0.2349441612601989 0.04367180770531278
4762.5 -0.24554767046483528 0.04327673011984069
4787.5 -0.2305913144369207 0.043849605176166935
4812.5 -0.24725980515976487 0.04339227702669001
4837.5 -0.24491257660138832 0.04352782526091561
4862.5 -0.23648960889378046 0.04372562767992281
4887.5 -0.16492280260649406 0.04592112670392503
4912.5 -0.32151591610182795 0.0413573468748273
4937.5 -0.26287031944137995 0.043138489656177524
4962.5 -0.17317623615916988 0.04574277914402149
4987.5 -0.2268067171632978 0.04442659116401679
