12.5 1.8613712737127366 0.874232585016511
37.5 1.5393121693121694 0.4855642017845825
62.5 1.2283759853147607 0.34335595399860114
87.5 0.12714366699060586 0.21040844053544025
112.5 -0.15777127815150638 0.162725738735498
137.5 -0.01823105081826004 0.15999532117840842
162.5 0.01428616394622062 0.1486506983085554
187.5 -0.18004688400182767 0.1255214291586046
212.5 -0.19508595387840666 0.11661692380002352
237.5 -0.30235181319106164 0.10209473903388502
262.5 -0.3156508975004195 0.09613500055705085
287.5 -0.14392902306883382 0.10500462282932967
312.5 -0.2600198237885464 0.09355160573447824
337.5 -0.2979080459770116 0.08874594791734339
362.5 -0.3593549627819632 0.08365500801261695
387.5 -0.36186364708657703 0.08128549383358964
412.5 -0.33255889739917377 0.0817956592545054
437.5 -0.36051329475170535 0.07835960878563246
462.5 -0.30347302187467173 0.08015759910922139
487.5 -0.3555283256399494 0.07618085020413877
512.5 -0.2729328770248687 0.08007755128134901
537.5 -0.2927533485960895 0.07742237587263223
562.5 -0.3359725356923583 0.07447128573238679
587.5 -0.21278589369009193 0.08064067863303948
612.5 -0.3097534952170714 0.07467166587538107
637.5 -0.5496349148566113 0.05926056033624525
662.5 -0.3682978504087473 0.06954336371661587
687.5 -0.3171567500801301 0.07181021007142001
712.5 -0.2956365878982333 0.07288904625672618
737.5 -0.31202275292036474 0.07118793703575141
762.5 -0.3799773165986916 0.06705282749873083
787.5 -0.4042639328203632 0.06557290475933372
812.5 -0.48070915763770083 0.060513119489857964
837.5 -0.3754475004020996 0.0663959914321127
862.5 -0.3473091051538467 0.0682556337654355
887.5 -0.21600838852097126 0.07468619530452815
912.5 -0.23163021137578166 0.07319267565844978
937.5 -0.2813837142731317 0.07139292941197972
962.5 -0.3846513389865083 0.06578535238194705
987.5 -0.30796471635510236 0.07013255615525273
1012.5 -0.41219779979441407 0.06431097211653991
1037.5 -0.3417462610345079 0.06810288778695697
1062.5 -0.29550279776179056 0.07033123801903927
1087.5 -0.31859058241484806 0.06940731374277756
1112.5 -0.41875640628000055 0.0643622891738011
1137.5 -0.33730800869616306 0.06856348690570592
1162.5 -0.3863010673002173 0.0656084796190952
1187.5 -0.4224796202132265 0.06394889988407747
1212.5 -0.31970055370985606 0.0696538661851173
1237.5 -0.33779187252414666 0.06888063690825488
1262.5 -0.2950216999399079 0.07108677326049542
1287.5 -0.2951929569575026 0.07179838428963294
1312.5 -0.38850219520432283 0.067312751286961
1337.5 -0.2919917940206994 0.0725002414162077
1362.5 -0.27851203050946693 0.07427306256223061
1387.5 -0.332305227286938 0.07099670553123216
1412.5 -0.20618369131164194 0.07775630843357594
1437.5 -0.37134846799075183 0.06920654075777696
1462.5 -0.3295736997087094 0.0716919606000534
1487.5 -0.19272937890761366 0.07870524419842925
1512.5 -0.16768303063570478 0.08003198021778841
1537.5 -0.19325937132291138 0.0790270307225135
1562.5 -0.18450577725992812 0.07988777255348202
1587.5 -0.15074401171114638 0.0812951350295405
1612.5 -0.2575950499117783 0.07603465521394814
1637.5 -0.166603923495925 0.08126223475895403
1662.5 -0.12145193535178378 0.08262177923884102
1687.5 -0.0433161902483753 0.08595132808991787
1712.5 -0.17828245768515805 0.08049975462734595
1737.5 -0.060582045246819094 0.08577693041378374
1762.5 -0.19752615644353533 0.07936701298294613
1787.5 -0.23685764401167164 0.07776209569843737
1812.5 -0.32644739992239813 0.073287368863165
1837.5 -0.15192710397674725 0.08231162704183595
1862.5 -0.1375075560783543 0.08256727915046655
1887.5 -0.2400158353127474 0.07784143026776469
1912.5 -0.2834101699464827 0.07621312536519151
1937.5 -0.1789189555436984 0.0820145111737859
1962.5 -0.03866541050255057 0.08889598037020868
1987.5 -0.025866467132819038 0.09008487358343507
2012.5 0.011310417489793112 0.09275626177409875
2037.5 -0.11709817999964278 0.08735424893506984
2062.5 -0.1386035807899062 0.08605758977016806
2087.5 -0.21341171859690367 0.08230935835753511
2112.5 -0.03258369426057606 0.09223860881615409
2137.5 0.1140805836511356 0.0997672252080574
2162.5 -0.1443463865011143 0.08678010174644282
2187.5 -0.02771239663333147 0.09312559599128242
2212.5 0.07155895079668229 0.097902604557392
2237.5 -0.09236846695493317 0.08981133036682262
2262.5 -0.14600003746160184 0.08796864711389588
2287.5 -0.043244940946362664 0.09334416009289961
2312.5 -0.0033460981557689173 0.09590713968811765
2337.5 -0.09437580028689974 0.09186944543136268
2362.5 -0.03537198150859966 0.09456282259936051
2387.5 -0.13073749723017036 0.09002221806659658
2412.5 -0.21850478927203076 0.08507505171223645
2437.5 -0.07147985326935424 0.09279252187683223
2462.5 -0.19776528906565216 0.08633146325660611
2487.5 -0.040111767993176395 0.09546984590208935
2512.5 -0.06746063351898346 0.09319592720010694
2537.5 -0.15761901944543044 0.08964414783059976
2562.5 0.028212551840713918 0.09895850361728092
2587.5 0.06224316980386346 0.10087116087676676
2612.5 -0.09979071030159437 0.09274849448457317
2637.5 -0.0208448844884489 0.0973948350466259
2662.5 -0.035516150959009396 0.0959289712169999
2687.5 0.044377963445432655 0.10052185974404976
2712.5 -0.09378224455611406 0.0943687939352706
2737.5 0.051597545914505494 0.10075899846647854
2762.5 -0.047417728553848515 0.09568269331939358
2787.5 -0.053084337111683144 0.09511100299035798
2812.5 0.011413174373795743 0.09917073767155996
2837.5 0.066415895406164 0.1012693665468628
2862.5 -0.019890752637005238 0.09701576542922682
2887.5 -0.014173521991883264 0.09758427514393686
2912.5 -0.09822543778087711 0.09194761200642834
2937.5 -0.07923083631289785 0.09293939838755717
2962.5 -0.18529085489824515 0.08818726065975574
2987.5 0.15576158940397344 0.10351982193813565
3012.5 -0.13224943854440263 0.08939078217356426
3037.5 -0.014011299435028213 0.0953143656427789
3062.5 0.07285885936233827 0.09842953914476876
3087.5 -0.06847249688713097 0.0908722231300744
3112.5 0.30269072385361184 0.10846788484429448
3137.5 -0.11631691380866827 0.08743186496880627
3162.5 0.017241252200197454 0.0953095425325704
3187.5 -0.162471034830167 0.08537143086981575
3212.5 -0.14844261634002753 0.08592573422761338
3237.5 -0.0028623941185872415 0.09261534670614877
3262.5 0.018128950252026987 0.09299791957890598
3287.5 0.15970792950384793 0.09925618163737646
3312.5 -0.06880568446996516 0.08877006910171974
3337.5 -0.11210730268256719 0.08462512184424507
3362.5 -0.11368015316322733 0.08524606908586449
3387.5 -0.073218954248366 0.08605240953072613
3412.5 0.027150092306686968 0.09017363698023259
3437.5 -0.09571055240154991 0.08468216672977034
3462.5 0.056998127959475786 0.08977423420437698
3487.5 -0.11282047635975834 0.08236021108277977
3512.5 -0.17568702766847788 0.0788983068546924
3537.5 -0.11864811414041532 0.08181699258102784
3562.5 -0.042548588706535106 0.08500656780478383
3587.5 -0.09964526306813326 0.08219519751591454
3612.5 -0.10845466155810979 0.0817260479915944
3637.5 -0.031595694318331646 0.08531941312742512
3662.5 -0.00016932559542004455 0.08710174599635945
3687.5 0.10976947216913246 0.0920072351532663
3712.5 -0.15714199884459867 0.07925220341686473
3737.5 0.04792384868552113 0.08996895047802533
3762.5 -0.14413497828509947 0.07978328501287399
3787.5 -0.058982925891939764 0.08453762717767391
3812.5 -0.03719278095544387 0.08449971035510208
3837.5 -0.045134680134679916 0.08412129471665357
3862.5 -0.02168440735376398 0.08521891025148133
3887.5 0.04945742790761254 0.0878840141793781
3912.5 -0.24376385385180643 0.07441749811176901
3937.5 -0.19383650911490558 0.07646264787344217
3962.5 0.011991832795040125 0.0853264327458513
3987.5 -0.1531145226751367 0.07761605330447265
4012.5 -0.08095674545746911 0.08064241177254935
4037.5 -0.12746980241580674 0.07836005813161408
4062.5 -0.21646345780147225 0.0739791817864514
4087.5 -0.11291557461678958 0.07873333536861936
4112.5 -0.009707280282331476 0.08262026231808035
4137.5 -0.16194424923869744 0.07586125288786476
4162.5 0.03152032366141988 0.08379579226810967
4187.5 0.15338603592208466 0.08867728352511862
4212.5 -0.07489742530634724 0.07852379975942027
4237.5 -0.09142125337565077 0.07824114509103837
4262.5 -0.08167599303447637 0.07822584976129006
4287.5 -0.07362015061305505 0.07807696818014767
4312.5 -0.20715157177773724 0.07204744171686522
4337.5 -0.05302790109942079 0.07871913815648786
4362.5 -0.17691473559120618 0.07331829840958146
4387.5 -0.043076313776903574 0.07955006421530911
4412.5 -0.11468363770522039 0.07651150005450842
4437.5 -0.035036704180498424 0.07940969738663807
4462.5 0.07972961917617671 0.08448125860389233
4487.5 -0.01538776120214147 0.08049562575445737
4512.5 -0.07046604527296929 0.07779799282718881
4537.5 -0.16561688025046006 0.07403767313484876
4562.5 -0.1864515958151236 0.0721819406356582
4587.5 -0.20008467005346886 0.07181441142632213
4612.5 -0.019052799535828058 0.07915309728876363
4637.5 -0.0593135881397292 0.07740314837301424
4662.5 -0.25214932783984356 0.06908618862991553
4687.5 -0.21348738118649613 0.07060674539668058
4712.5 -0.07074270314114894 0.07671652874393564
4737.5 -0.2679832997259707 0.06761846664560432
4762.5 -0.059611572153065895 0.07636033918521015
4787.5 -0.10030263926606442 0.07477288990939454
4812.5 -0.1377066686911247 0.07265399005225107
4837.5 -0.09953469173327334 0.07383241160670119
4862.5 -0.032171745289438336 0.07614934219759505
4887.5 0.17430146991691786 0.08328359199839092
4912.5 -0.19370692676795143 0.06864691253140395
4937.5 -0.010077620365846918 0.07605176975713031
4962.5 0.034164736303399446 0.0774549080138916
4987.5 -0.07613189769637085 0.07201597950915214
