12.5 1.8736894451120962 0.7652001783374833
37.5 1.49640751796241 0.4274001326936811
62.5 1.5274187914774715 0.32720388994285826
87.5 1.161810092588881 0.2644908555878036
112.5 0.5902859811543639 0.19068456452598095
137.5 0.4650551275545507 0.16748085844369257
162.5 0.37719585545374423 0.14902873580389991
187.5 0.3469932830895581 0.13737973197506714
212.5 0.5365305512246856 0.13864248990073283
237.5 0.2700810397508637 0.11905683428365513
262.5 0.5176019935070333 0.12432732745941677
287.5 0.335283931967818 0.1106237070955328
312.5 0.4430452000510303 0.10987332696608931
337.5 0.33552843032122737 0.10362783799129792
362.5 0.482035321943842 0.10418114995523228
387.5 0.4031531911305961 0.09902765860616433
412.5 0.32289755182891455 0.09283580204733688
437.5 0.288751521723563 0.08852052392117155
462.5 0.33655768437093725 0.08790738984719573
487.5 0.4082121938987653 0.08817599849725569
512.5 0.29886736884222986 0.08217666433794614
537.5 0.3213675628182313 0.08054508452626265
562.5 0.4372754404135537 0.08373339477092225
587.5 0.3599840247810713 0.07942655858706336
612.5 0.2265376091267346 0.07299518069123587
637.5 0.21274328161910727 0.071549347214771
662.5 0.3934616692927331 0.0751942862008189
687.5 0.3839833328778328 0.07446516228738356
712.5 0.32563558437135565 0.07118119021135605
737.5 0.21562155090200852 0.06612945172049105
762.5 0.4006796106330768 0.07006728203029321
787.5 0.22705335614522015 0.06509261880846651
812.5 0.34632415175639997 0.06674432363468014
837.5 0.326762839217422 0.06521822268135595
862.5 0.22697706150542318 0.062410198304502645
887.5 0.3484389644124144 0.06415155225727276
912.5 0.2589849439562908 0.061410502261129866
937.5 0.2913925093434808 0.06093301093668735
962.5 0.2621939434770719 0.059472278410087356
987.5 0.2677216492474508 0.05922679879567795
1012.5 0.2009421836064318 0.056918913517988834
1037.5 0.204852046840293 0.0563113169338642
1062.5 0.18566529474207916 0.05470911702516966
1087.5 0.2875954266682377 0.05693563728831275
1112.5 0.22357682260966194 0.05474834960224733
1137.5 0.24491734980293334 0.05440610367267794
1162.5 0.1857434020707711 0.05257471747115638
1187.5 0.26643118209722516 0.05402019514113107
1212.5 0.2967443432218926 0.05410046200228069
1237.5 0.16150236191693823 0.05057425197515196
1262.5 0.2271961586847442 0.05177754769501482
1287.5 0.2985700771578992 0.05272565365684238
1312.5 0.26523533837683133 0.05160244341282038
1337.5 0.1528784877837679 0.04847715864940447
1362.5 0.1833099859274594 0.04897734194742003
1387.5 0.25105841728780587 0.049668464779836455
1412.5 0.1987145333373821 0.04823400468495159
1437.5 0.18166396100191262 0.04768986632518545
1462.5 0.19700272229150384 0.04764110271916704
1487.5 0.196514756182965 0.04711519047448707
1512.5 0.13914986476734015 0.04588023527306576
1537.5 0.16964201976492355 0.04587078358268518
1562.5 0.20696720235331 0.04635660659910248
1587.5 0.2551528319698153 0.04683974356529688
1612.5 0.1368701689955376 0.04453641673590821
1637.5 0.13526280719759964 0.04398161372345165
1662.5 0.19665221464194094 0.04496486290001403
1687.5 0.18790843700012871 0.04472447984148678
1712.5 0.10364250644403716 0.042432508503250824
1737.5 0.16624811471673917 0.04353938313374412
1762.5 0.19876846945801718 0.04394111408653481
1787.5 0.0360597783503156 0.040634396487989416
1812.5 0.2453727881820802 0.04432914110001679
1837.5 0.16913745790809553 0.04264637659662029
1862.5 0.23725987874659826 0.04345111023471155
1887.5 0.10900234632415118 0.04115361875204308
1912.5 0.13866659899121703 0.041440706384761924
1937.5 0.11505989523983673 0.040650082798305384
1962.5 0.09684323075722756 0.04023993370915786
1987.5 0.18061102567790321 0.041486212163222666
2012.5 0.1387411207458631 0.04073897925083509
2037.5 0.1409971319114065 0.04054324487290502
2062.5 0.10639211884082522 0.039592586676225595
2087.5 0.14981258502819061 0.040197527075575334
2112.5 0.1927994499055219 0.04094612944931851
2137.5 0.16213830191558953 0.040111344578969435
2162.5 0.12089963843104146 0.03903517874497571
2187.5 0.11455150593358332 0.038857459251765716
2212.5 0.046663558944317396 0.03750140568367979
2237.5 0.08893195247875285 0.038021480589678705
2262.5 0.15346473033107877 0.03911039986424145
2287.5 0.16090849112054983 0.039039079297307266
2312.5 0.08467586346122657 0.03766986779515401
2337.5 0.09504827302666108 0.03748643643756418
2362.5 0.11548230928059522 0.03782824929799516
2387.5 0.05502567894690524 0.03669329410194981
2412.5 0.05223576502384164 0.03650895103690999
2437.5 0.14291080420057578 0.03798912415797247
2462.5 0.10847052635889254 0.037152348375111104
2487.5 0.08021269134313225 0.03659770724026396
2512.5 0.12869684761896472 0.03727071483574535
2537.5 0.07649318896262658 0.036287619034599046
2562.5 0.1552956016138647 0.037584620512083014
2587.5 0.09520816221173356 0.03652281263481626
2612.5 0.05248962451378514 0.03544961351956733
2637.5 0.10218495335272548 0.036135835400136866
2662.5 0.08071691030290329 0.03593650597000249
2687.5 0.08357701304567344 0.03583972510835489
2712.5 0.09695361771424427 0.03600008693918134
2737.5 0.12884919257348137 0.03650715080418798
2762.5 0.029037950462421636 0.03463174441421507
2787.5 0.0014263949883774885 0.03393760430926207
2812.5 0.11046392822904338 0.03585061259305985
2837.5 0.08504229851908773 0.03530881279395271
2862.5 0.12421896054977544 0.03599019992720381
2887.5 0.0887923330500553 0.03523245436401141
2912.5 0.05611343824701476 0.034571867595154994
2937.5 0.11294531256058038 0.03546571806895979
2962.5 0.07191704039536506 0.03471557640645073
2987.5 0.017343494250809277 0.033733240763492475
3012.5 0.07946671277140083 0.03464492246239103
3037.5 0.028797502859072566 0.0338275118857176
3062.5 0.06515031040356245 0.03431854021728875
3087.5 0.08290686599111696 0.03463488390652986
3112.5 0.08564957963665298 0.03465446268573447
3137.5 0.06788246266880771 0.034148812081336195
3162.5 0.04448304050001339 0.033713591217650205
3187.5 0.05477865013351901 0.033911845657328556
3212.5 0.08561898710838078 0.03421373491095837
3237.5 0.032702611770992096 0.033414275801912474
3262.5 0.05683326874038985 0.033707366432145607
3287.5 0.016169856266425642 0.033077224926042974
3312.5 0.06204361595641683 0.03372493483717779
3337.5 0.028902019842830917 0.033289935277651485
3362.5 0.07424737563377559 0.03395012797489846
3387.5 0.08380622167430585 0.03387777540440867
3412.5 0.07948521905907358 0.03374113417033037
3437.5 0.08168840551465228 0.033843111502748484
3462.5 0.047820033403589424 0.03321909838082421
3487.5 -0.012313847521671528 0.03212350917713953
3512.5 -0.02157406098914527 0.032018635622063904
3537.5 0.10111394983353095 0.03384875301005898
3562.5 0.034053601046050375 0.03290733917189976
3587.5 0.023851409963295156 0.032482733797473747
3612.5 0.02422634356939124 0.03267210876312121
3637.5 0.024639176384272377 0.03270169731054835
3662.5 0.01692142023193588 0.0325664006670028
3687.5 0.01759741800354897 0.032458323640630934
3712.5 0.050044199205115936 0.03299994185694456
3737.5 -0.032430184641221826 0.03138128381611917
3762.5 0.017639828894815857 0.03231531835786695
3787.5 0.0004720185485345141 0.03201786304791153
3812.5 0.09037443702661907 0.0335612018953733
3837.5 0.02092901508963596 0.03235716226010023
3862.5 0.016083464783852586 0.032233579754481934
3887.5 0.003325124893211573 0.03204600524803239
3912.5 0.025712274838248117 0.03246264595814968
3937.5 0.03524531932669728 0.03254536145015179
3962.5 0.026738899668490967 0.032495498225790835
3987.5 -0.03662692644715715 0.03132450492607726
4012.5 -0.00025451598101144945 0.031978343236541744
4037.5 0.025389052129320522 0.032484134488579924
4062.5 5.537966332092026e-05 0.031988362963379806
4087.5 0.06581458962444264 0.033011019232856785
4112.5 0.03892791439387544 0.032474716097529825
4137.5 -0.02288052622719272 0.03154841466750987
4162.5 -0.044921546389193545 0.03123033390349091
4187.5 0.0013480242132606346 0.03199814405528755
4212.5 -0.032352941649540834 0.0313033231995268
4237.5 -0.04900781227730899 0.03119348433799333
4262.5 0.008975528524469478 0.03213238681161387
4287.5 -0.049684297714053915 0.031089274056694347
4312.5 -0.00015358453950353734 0.032013668372613546
4337.5 -0.06956605965218521 0.030756394801036775
4362.5 0.027153719937430543 0.03236643254962639
4387.5 -0.02259476031560559 0.03154165028203127
4412.5 -0.04517266030305378 0.031124417809150172
4437.5 -0.05711830723333999 0.030892199904583594
4462.5 0.0019271798545466012 0.03200087116815442
4487.5 -0.053505121825028645 0.031159587988818023
4512.5 -0.06355283815385004 0.030990382644260107
4537.5 -0.017555275126850067 0.031885277505896696
4562.5 -0.022977139086797438 0.031691118409368196
4587.5 -0.012363276590062866 0.03195690184197138
4612.5 -0.010311412844230206 0.0320568669737379
4637.5 0.01238327927558558 0.032338489540212824
4662.5 -0.05707568540174024 0.031240462339364918
4687.5 0.028417923919433763 0.032725997274810716
4712.5 0.0005764370706029531 0.03239672584468003
4737.5 -0.02867303845298963 0.031850724628667657
4762.5 -0.01771362615268146 0.03199574116635167
4787.5 -0.08237814794995524 0.030861959571792195
4812.5 -0.048654632135793796 0.031370910126620175
4837.5 -0.02654487358165425 0.03182091566061383
4862.5 -0.0667216794865465 0.03110212968613876
4887.5 -0.04028653463452958 0.031632879475448517
4912.5 -0.04728886164833479 0.031602059437011394
4937.5 -0.0017772187118620941 0.0323695336236714
4962.5 -0.031229980369649968 0.03198560343841066
4987.5 -0.024677646603523007 0.0321186429335505
