19.84060044472329 -2197.8328924920966
379.78529438119944 -1972.948048280579
-21.028476176469376 -2896.955210586976
-470.7877521167783 -758.9928609958029
254.89082597568554 -2248.580129254321
816.4433339686807 -3522.0433491493172
39.652450828903945 -640.219261999548
545.0299514714105 -1975.3333233409528
-262.2980064160856 -2469.120524211386
-396.9141329404678 -2014.857166796336
891.88001362879 -2890.3408433192785
955.1409615432354 -3400.4546843364988
497.8992380666881 -2471.736901962867
-274.2848538303401 -1052.748564556276
375.5317280072299 -1367.5770161716252
281.8688526306426 -3286.9306145991595
-32.88653388350855 -1484.4122870860544
132.8032511698652 -3571.530994109999
-328.2929810942469 -2365.1881686876995
147.89584506330104 -923.0976430929004
1213.1592827225616 -4049.463078231353
-317.3994160431592 -2316.725389573932
328.25129536831554 -2930.5256472464976
326.4309521242705 -1865.3883248436862
-299.45969963407606 -640.1466249886805
-75.07552051591809 492.02978660078884
-63.598678651955794 -2726.5410045575195
301.5294645550179 -2879.0690714467905
-986.0189945611038 -265.6931951632592
1216.8028785380686 -2478.7379445464167
916.8334006118541 -2642.4475949765847
52.39593638308695 -297.78996759117354
1210.5828542517231 -3639.4930691237682
408.48971569183306 -1124.285761556315
114.94559141297812 -3152.0902190198385
1660.5850820551857 -2933.4169176694536
-1027.7890321505183 -353.6336640230319
136.42646027044452 -3218.753892948996
-36.247115562828455 -2862.670095005304
-272.2771752208434 -2313.374888713649
372.398959661563 -571.8660745463652
1295.5729071065364 -3166.404152069085
-133.51145307921882 -1192.5641421780222
760.7592130477415 -2263.9118821416073
-1594.7810709823889 2132.2159759772258
-233.7859025137448 1056.6043454414362
-295.41116652952553 -2337.183743040434
-520.8670682732051 -15.6865693432407
-195.86926585737245 -212.38405797891812
-1454.0910362927684 2374.113103171997
-336.72483938034304 -658.8859152664421
-830.115909820691 -1346.6156295595376
1745.4248589652507 -3745.629958883576
-788.6530981181103 2428.496011314396
-917.844685856403 -630.2129560384107
-1569.5368845928426 956.0723405880278
-1562.0239120544104 1333.8003461342505
-1912.9504939832946 2296.700366626305
307.8719120740714 109.73954115552722
2036.9642730305077 -4352.0688528543105
617.1330224237608 -247.41072784779007
-2061.613591884866 3590.474258650384
-793.2126175044234 -981.0369947530996
-1503.917539252299 2812.208561253447
-476.98317622383166 -1568.1423779033787
2320.5915897642344 -4579.280085161367
-1365.28044653428 -489.1885462330769
616.3375330508381 -1006.4932326900532
-1421.0745073382077 -1057.1260453545347
1370.617273607725 -270.9638905718467
2461.671080934353 -4210.449259019278
-392.7544384787436 28.14382161393856
1396.1214221879554 -229.83256649143067
465.40176342201835 1066.7757466777573
-75.53417384649387 -2408.0967391930244
-1492.0764309870508 866.2113680675708
-847.0898070635078 -1261.6213251461852
-566.6870587781069 -1012.5746072923805
-775.8287657414973 -752.4182952780317
-1127.1769244551367 38.541947487486595
-744.4108527079512 2140.411648958806
-642.7273765669296 1364.5945912076122
-3124.385399064099 5172.608612497716
1401.8912595402828 -232.8393997791481
-803.9194944221308 3084.1449607536097
-209.98907731803868 -1306.0405589988072
2573.4035117370067 -3855.6400181838617
2519.681535340322 -4239.650449922107
-2878.783391318498 5344.7151121633015
-1843.6402085889015 3711.9537716597797
-1449.4460546650043 -854.8232685988729
2243.327580131366 -4120.311611794393
211.97419341529266 -1292.7134536162757
1378.1130476624733 -1089.7928869227655
1287.599790852139 -548.2981221854404
-2914.475387899906 3159.8546156723237
-245.01048034368986 -1198.1160835695491
2779.3751612695396 -3460.1221957529933
-784.5006286836937 -558.0271172612355
-327.9959663969311 245.7218315024
238.34849658607908 111.00862443024494
-2251.4370234121893 3603.812092219083
-1587.0441430884766 -1452.59090414649
2920.347152444519 -3025.457876383708
-1400.4438550576108 -566.781973691958
-395.86335563178034 751.9355447106728
357.96680663962195 607.5789062593756
-2449.5561247551286 5315.594691470674
-1076.967881653837 318.46039841225706
801.4143769860904 1005.2643461583925
-293.4756447638736 -925.3737197267781
738.7131144064965 -780.5058194492144
1307.0338302246137 -608.0551252570756
-2569.9637718397694 3591.5218665659577
-3197.369868278702 3275.3478198723487
-2753.1639835042633 3436.3543391334542
186.09522466323673 183.79397747840437
-66.93769700215252 -1539.7204820598306
3061.4591480376293 -2619.2466444332013
-3081.822952649893 3193.70026434999
-1546.3851261911086 1662.8599138375557
-1234.284454860281 3669.1662016516902
610.8995397043118 -816.5905621532232
1284.1964834869539 -411.1334307376497
206.82681077293591 299.6500464990068
2813.84637637678 -2424.4775793892936
-913.6720517819216 1932.974952436749
323.4132912876096 1090.6033908849824
-1326.3106252650553 -528.5889931438882
-1010.7103662522877 574.6201311051159
-576.7735168639025 2716.5400984153334
-1910.4487325158198 4991.986108961061
544.5916907788427 -668.907229504297
-56.933546670915625 3176.8369923912096
-365.9189613635761 1462.1348693578918
-1166.7256991644413 905.7906633159674
2827.590914945542 -2207.1742036971086
-1687.3756546963432 3880.0582167097887
-1808.4292127319827 5108.984792428024
-1301.1095230636572 -472.0375262593972
-1139.6469087929363 -160.35041736523624
-1070.3558271212237 636.1993349782774
-1935.304971441502 4849.327118943927
-183.52117134291134 553.4027961756359
441.77890902234185 2144.4996165531325
-661.930914587653 3306.9922884647704
-436.55305605825976 -813.3356897470233
-750.6259795196074 26.674320792005265
-1550.0454000694094 1912.7440221590807
-1536.669340372005 1926.491281366027
-2450.195428205939 4113.0701361329075
-312.97721651429197 2002.7355777470211
-1890.2609026546313 5348.557196251724
-606.8097620744941 -505.0414381433284
399.62004763547077 -521.1549722860625
125.36233591529287 1741.6201470401236
-128.5234225868364 2252.3972526014486
-1381.1595333933838 1420.8163209759755
-1054.1378500169947 2685.6787376944285
885.4782199887834 768.8825213653905
909.3271349646207 344.4924342955711
-160.84417206851683 2574.878031231143
389.5154272996763 -616.099800661017
-337.5725679920524 2915.341664869122
-1848.489588667664 1983.7606255739427
-449.8263048138892 2174.362387400483
1147.7926470744487 -294.19366693217745
-1485.347585431219 1815.676192067193
190.7328247087369 1063.0171860958287
917.3693071940972 317.1550620696235
184.28020919931078 3419.6202641291397
-1078.558554203614 -95.17804319322076
-1098.6219414470331 2624.6640449079136
-411.58725760971583 2128.661649810253
-50.3494074967744 749.3682771941744
-1073.0668820369299 376.0563489172042
307.6650680447523 1777.7762468604221
-1087.4757866155483 -108.654768530306
-507.80696002235175 3466.7164904962283
-667.4808440223067 2632.6899161758292
959.0307661643831 252.39830088717247
505.1891731476712 1383.8992188108034
-18.186627369648427 2644.771234613002
171.62501942398714 2216.867023484486
-27.52027028970113 2688.130923047455
62.33596454870476 977.3342486698145
-1168.9346960930193 -2632.2128923279547
-1123.15905465296 -2688.2149729561893
-1446.1128664495554 -1517.4685603697726
-1341.674124481499 -2529.20799134782
-1143.2825899589777 -1773.2519533991833
-1233.2631348586663 -2144.251149798747
-1138.9338538283516 -1772.9784396122495
-1487.5450705104497 -1304.565442711568
-1044.2285935968305 -2763.1376031350555
-1020.6232532505342 -2608.051726490463
-929.8664449170118 -2084.870624304927
-1297.7604858586803 -1685.0645596177371
-1093.9884013478018 -1256.675584224622
-651.0840701910731 -3222.1402220361274
-493.0788879049519 -3349.3244870761027
-1304.4444008775336 -1542.1923473586867
-852.7698312911839 -2939.1613385505348
-1042.7363498812824 -944.1144500068103
-1328.5704595085535 -2282.384674801803
-1035.8485720739623 -2523.045771212214
-1334.5391493481989 -1862.1868634303378
-1067.8961823027234 -2463.598199145927
-1588.9639655647093 -1134.8526877017391
-1384.0623659751957 -1747.8256882021267
-1044.369068948348 -723.8480479959344
-1328.2413423975745 -1293.6484064047925
-1288.809868929208 -4591.805230475479
724.1682891437039 -3603.623457365694
-812.2843609426097 -6157.969551449937
2485.1145804128155 -10467.782393962834
3170.673953313032 -10689.010562875117
2810.304946729893 -10685.795966302068
2060.24747345041 -7349.0974638185635
1994.1987979137953 -6698.247412032863
2777.1112998344283 -8991.02166954203
2882.0454184239734 -8633.75142166266
3237.407174130723 -8147.313285888545
-1503.82233478298 -3593.250960021881
-1922.7435505516296 -663.6377671794612
-1843.2295676646115 -486.7009525739499
-1924.9846294041781 -675.2539201937733
3761.4887873526154 -10253.007746973366
2414.1361024976354 -6973.639163554364
2213.598540172459 -6402.925249529169
2205.1124884393803 -6389.800153578985
2047.2171546642498 -6549.420165562292
2096.83459460217 -6170.38171250582
2695.1576090946055 -9371.031532549838
-1156.416395255115 496.7968129056054
3959.2113926356274 -8429.714263722773
-1000.1832847229368 -1223.6030030341578
4538.475077959225 -6289.840206828407
4847.3611649226195 -8982.935882478136
4805.510757309304 -7093.330799537719
-1662.706368778185 -749.3134116176101
-1983.126592273475 -141.43599018832205
-1755.8354357050155 -349.03770909098256
-1670.8110648455897 -1087.9475979334736
-1649.6862188543378 -1191.4204288443282
-2029.0758322860706 -350.16341371207886
-2304.3359000950645 261.5315419535511
-2413.986243962923 901.3703699397289
-2097.612631326431 -59.01699998915375
-2366.6865610090126 1107.0802525566523
-2467.0592884623225 1419.0050475246467
-2324.071558743381 774.0398779219473
-2245.213830426492 295.85740170748534
-1374.9874644982674 227.6957794666087
-1346.3492652622692 -25.26808621325187
-1319.4190239921943 303.0316357652178
-1377.613334251131 -27.240490664816562
-1322.0968757894746 282.3073624002163
-1340.8660946198593 -36.13699827092567
-1394.720568529277 214.35120297911067
4597.659096090183 -7938.21088328436
4718.495586200528 -8330.24718446578
5310.971330948357 -7682.8195911613975
-1967.517903220215 1055.6219796204261
5438.793849575698 -6302.095628953201
4556.924198463277 -8367.169943414905
5934.229818494891 -7360.016281758399
6073.766446714953 -7620.903835877784
6077.573847110438 -7402.070399841065
5486.701481293093 -8048.763029793153
7337.6315533903435 -4953.993629613845
7502.785497119423 -4517.806267648815
7094.126578455239 -4893.758534832641
7607.459776385323 -4184.473404906442
7309.7216057681135 -5710.010952514578
-4551.636988571839 -769.7345594447797
6673.988352544118 -6612.097998465148
2446.0954755704693 -6022.1840872849525
2734.7463418166267 -6701.562149791329
2822.025335991875 -6626.4332546232545
3258.724048603718 -6599.954296958596
3675.5434154078775 -6163.807238452289
2947.1777729390005 -6619.6453962569885
3164.178386149986 -5965.865184851113
3404.5059081244135 -5877.156051234976
3632.2255847968236 -5859.844114026169
3963.0236281243833 -5395.792022385555
4119.812036758342 -5089.193188047801
-994.523305672284 916.0857449437045
1422.2238343964623 267.38728719363957
6768.299040679874 -4009.3108260673685
6869.0096405615905 -3597.617178081186
7068.481530295132 -4205.686531707701
6658.056193568631 -4764.062663760343
-707.4051888687096 -1279.2137580914964
4760.6278402996595 -6267.990448208221
2123.7403790590242 -2989.6485320687257
-3690.7194545492166 1304.3158974448872
-1637.2983404432753 234.76927523645588
-3235.980231940042 2310.057346242277
-3311.410362189988 2933.0589002711677
-3527.9609310947662 2675.5909585926206
-3321.1049701137867 3440.7937849159784
782.4002577082821 640.8887644137126
7134.60167679132 -3063.4749759790807
7015.310740638907 -2898.140970240228
7432.43962590744 -3907.699107037474
7392.917510039047 -2849.485073448864
7485.184245782853 -3582.7455197483823
7596.136323329847 -3163.954830945717
-140.8824119803752 -2664.286903773792
-124.91614668150505 -2297.893000511737
1449.0579986390549 -2203.0263091126612
-3824.5336569514816 3563.5157147373106
5178.065392171293 -5665.690680892323
-7328.59792780194 2752.161600744254
-7363.689719064157 2882.429541904199
5391.241752001956 -4870.0080017768305
5817.406402639469 -3835.9714344545514
6076.841777378449 -3194.354535925536
5852.250639744108 -3490.209628805177
-6679.403940698304 3713.3457582048586
-6843.820146925784 3872.3228075591387
-2191.8669908822867 359.2033895036006
-2342.8497714208106 868.4153559020607
-2273.1347614532674 805.50382121169
-2269.7744979277436 1036.3809989039064
-2240.0883669381915 1423.02248755964
-3627.049534268234 4202.698014599183
-3498.928897731401 4559.99819683445
-7486.614404802291 2464.074032215622
-7135.837069595746 3852.456207587693
-6154.537789937184 5493.635966127471
-4154.225155534196 5350.4315595406815
-5649.601645280221 6241.023107630953
-4398.472833451882 5729.155640438224
-3936.0063553933946 5761.686026990492
-7214.897323684706 3732.4961602102435
-7034.003810541168 4234.718772244632
-6321.482593487451 5606.870632912766
-4745.07167435994 6009.4282983706335
-4254.343918917498 6052.832839135113
-6862.759064231835 4770.972009745427
-5991.441882164964 5925.621573291428
-5530.831243226211 6563.180827412731
-6703.060345907413 5223.785800335976
-7113.621385016805 4220.193338244089
-7358.947728882226 3838.1057274704976
-6873.062281036067 4958.51365262488
-4818.162410830012 6131.756330270122
-7634.5748483575235 3559.3832233013236
-6472.753544818528 5791.847082305602
-4399.388600392123 6056.541185937707
-6287.139200288137 6119.2925052435485
-5807.09810544202 6033.787871365044
-4837.891073168981 6129.642321148773
-7194.7084206410145 4118.741480889454
-5850.876282296162 6692.598806649523
-4451.333551208951 6139.929392930223
-6961.986745475291 4712.889225659513
-6092.534762803202 5799.50685522181
-5846.740365378536 6412.817145950698
-6824.492949625588 5150.643933302519
-6124.355177290952 6462.98341529988
-5043.201662855402 6191.370242206217
-6631.24911298237 5604.543553027341
-3962.861637137437 5776.812123878053
-4126.483052743058 6165.863262447597
-5583.991577943986 6597.534928008011
-7219.041818070611 4426.121024284596
-5821.737523783673 6150.3409192554145
-4288.434304914383 6141.035916332102
-5404.112361681399 6107.832593238096
-5312.076632042178 6828.7693832359655
-5886.0317548665225 6928.293671755322
-5560.373387976408 7423.678877175341
-6110.757736141433 7059.06163250709
-6021.868964656086 7303.053536748386
-5700.368589019203 7440.68426905631
-5778.033253949518 7779.644059162218
-5514.688179122619 7911.119544563861
-2508.7158859545425 311.93487418945466
-4428.260106656848 5318.82352728307
-6459.539825268746 4900.00562511853
-6609.702660685865 5091.808860328913
6511.752371092775 -2307.249841990408
3617.1930959759893 -4960.412429697718
1009.7947679157172 1616.592178704142
-7807.855316375498 2554.3520579448395
-7722.3006322891415 2910.8626053711823
6012.987152792527 -2851.496465477434
6107.738547860232 -2472.210555501489
6588.733271904501 -1790.8664331465259
3699.2235901420345 -2914.3581372120184
-3388.9037604698474 5869.830365288098
-3422.173720662324 6113.20016944087
2208.4907490255414 -855.1137818616528
2154.994026601346 -1596.1202325315612
2415.630846987912 -1259.1858717156224
2459.6463471993034 -928.693826541857
1959.8458199554395 -1204.6906401488284
2038.0072280632635 1413.9429990879858
-5070.472335187559 6399.82099548021
358.08801708787195 3124.3950780988434
1054.6050553579478 2259.5444944604596
1255.0591352322967 2273.716932962046
911.0502983914884 2221.148423896219
-2990.3411211703574 5359.387674835184
-3120.936826327507 5256.402399014202
-3130.627726159623 5203.576135748367
2388.3054500940184 83.85440007752916
217.6622735773594 3582.5472671244243
-4175.3130934880255 5188.249958118956
-2392.884384161481 5084.887957202245
1013.0859110805055 1662.0085875297148
1683.6003408054855 293.1079213555058
1454.221992493644 70.51317907613772
1670.7624285214115 245.6337110388421
1934.756101664517 665.6654789091187
1617.7695829322229 241.00160807822965
-6553.3876653749885 7177.964702554221
2197.806566342034 1442.7735498948275
2338.184224366095 2059.3871013529683
2470.334433612322 2550.943004382905
2130.19704621927 1792.344925632577
2493.779658778348 2034.116397897777
2133.402072123479 2343.451622914469
-855.6764147125994 -1221.730866870658
-4425.571078626552 7134.374618678674
-4743.302353115719 8427.669208107145
-4634.4288561249705 8320.124090880812
-4678.32232926677 7818.036675852806
-4201.752256561344 8109.086060395569
-4231.94520137424 7659.782451419488
-4069.5577204206475 7973.912336971897
3150.715242743674 3218.7945046040904
-3699.0347688927272 9047.01186974914
-3916.4834972396243 9287.001673420811
-3889.8337314440414 9635.668980105855
-4184.571080150508 9981.202500710191
-2891.936635214491 3879.658533100816
-2581.934592172187 5050.012583971462
-2030.9203938608498 4837.411990524784
-2211.060900424407 4543.564256505028
-2757.077003332418 4713.8645156768835
-2126.557965305105 4847.890274797483
-2290.482278954058 5134.836834911665
-2246.3013722725677 4671.607549953821
988.4283920978364 1226.876762220734
936.6638587326114 1337.012410522461
2156.641399383802 3355.781676841661
1618.67984809077 2796.8667115754915
-3466.118014753263 10094.93863088159
-2755.134146928369 9782.022048089208
-1446.0567683496536 9610.159491228042
-1886.0882102448466 10084.39520555923
-1731.8723667001875 9854.711336244469
-2213.7360362500453 10304.323630070474
-1788.0039913852418 9745.938613660082
-2015.9250626106407 10140.847858372726
-2948.9072653705844 5819.890693536795
-1383.1100548981888 3512.995678153811
1382.6889930003304 1486.3656941725553
1137.667475678513 4264.0157766132115
-491.7782523865267 3830.6212178718015
