683.9448340693585 1587.5058874880722
587.8315096093551 2269.657185523677
678.0030507107797 2225.3928161119666
4417.182743541494 4683.354943528309
3533.3141589618003 6790.671620855504
2231.6404602496027 7826.8221248944055
2243.2409894554867 7604.348598170247
6071.807325311558 87.67576836709257
5835.3156403669645 18.55485263840343
-108.02362445267536 9192.894214159438
-1542.0048929981704 8407.349013692496
-1422.3630039872576 9022.999311887454
-1185.0393513534987 9791.649784190367
-1897.3801576090082 10244.866337449841
-2996.886063508482 8575.426412809089
-2132.7810636551803 9737.432778895938
-3192.2638439602724 9744.889492196218
-866.2667303484283 4562.630813829284
-852.5851296889099 4564.460608793707
-3726.642950630572 8493.025952154323
-211.02082115173357 3526.725590795828
-165.53266805529574 3507.4443833308837
-42.12151922585451 3442.6224030376175
62.40758718835194 3421.2187841604123
-188.14888862244035 3547.5463719241857
5159.993581111782 -6716.967778445666
-3623.517142110912 7173.979651073685
-3679.4136119844934 7001.138941370353
-4798.406786132248 7910.7791292587835
-5093.474119543681 7632.496518632976
-3222.74199994835 8215.27512532869
-3206.2112784174833 8644.656297312884
-2844.7199198291914 7439.263728340337
-3192.5221219804503 8516.17755024194
-3343.6726856292103 8485.324920300485
-2936.863421495052 7918.807278974285
-3916.7088002153096 8126.796660711746
-2945.2845788877553 7696.860438788174
-2841.1679861003827 7822.565686195619
-3147.3240081691843 7950.797755111569
-4466.965244677229 8042.060710117318
-3091.3155217485473 7561.768277922182
-3268.357672123756 7447.286526528051
-3599.030683907134 8007.791178510407
-4107.35291123102 8011.087781975625
-6215.205041624239 7030.788909361003
-8484.278979891473 8072.711064641513
-4944.078295932654 5174.325344297598
-6257.430754910511 6327.212097254021
3826.1186808258662 -8074.256876799738
-6158.364197737771 5381.364567273059
-7333.807065040719 6408.893609855907
-7450.406971060571 6270.3616510013335
3117.921330279384 -8144.115610760955
2343.6925766273703 -7873.585422281241
2036.7949988668747 -7873.347402099475
690.3567865370848 1664.5533830116933
-534.4756603608662 -1977.026096553451
-418.4983266026957 -1816.437659236607
776.3044157036111 1572.1152557599128
-83.73534316557777 7.976288799994953
-228.50843653332018 1100.4988893398827
1023.9848372744891 58.88744355355847
65.59668123077785 -20.296047301291107
432.1838018819967 -704.5810955485334
722.5476839317799 261.86149412070466
-371.83554909850534 1039.3561893716442
9.12628505572718 1180.2445976280064
-180.2648361374001 899.4753995652486
-164.8738668208243 969.7121473189848
-230.7072083694026 1093.246180739387
686.567335164194 1749.6651362309103
611.9432467805027 1921.3474051613107
-79.24716430418194 136.09854461537756
-138.83287529873627 1168.4379610613087
-213.48082879328294 1148.8692414093048
667.4426788926611 1831.7861136474953
160.28445445528973 1046.2758289857836
41.91091265869362 690.96990378549
913.3205133506931 381.15282386958944
-832.6061547465793 -1095.9265823338035
-743.8241505676153 -1422.4125342390053
935.768803300485 1066.8575657090264
614.9360304021446 1840.7018265920367
893.2798624038065 115.30972304316012
-710.4355979099132 -1810.532482526617
58.88343256099539 -18.779247927744176
375.6346621366115 1368.258049636607
-624.3427831441388 -1767.5447173016948
198.45178207211063 1041.4902721000162
-169.3478256591454 -1051.529344102635
310.9024528251272 1069.3611978835088
180.56567798116933 1151.1606314777832
843.5965854371298 809.0378971044562
1030.5956705587084 45.25240799741297
687.8025422587668 195.54339729204492
79.51541853080109 -23.51230827343846
516.547068851192 1297.4921889713548
28.9138697169756 800.3628604279616
328.42449973674275 764.7319226642342
139.26413867707083 -974.1521498557736
-530.9307169486616 -401.227486244983
-689.4294165751951 -1601.9691951390605
-702.8030738407286 -1457.7744168362804
811.2921536499737 1380.914492337604
241.4408895412616 -961.5934055955705
717.9661079018224 -308.40256964114474
-176.5391995385756 -76.01049572424341
-599.4760173234105 496.9407840563645
-947.7682641313658 -890.3664121849654
-705.1862300867322 206.65648078057635
-759.4624261804519 264.14909433154116
662.6785835384562 1747.0855001079146
-771.4118399044427 -1413.9179321846273
-371.70031194250674 -999.060460542287
-710.0293874163212 -339.83540259691534
-249.92001652618447 -1004.5387826377564
509.5695915909951 -291.72429456514993
661.7553408382596 1751.509524991431
-87.47315596804617 142.0971128710512
-293.4006854385508 539.2668355504946
-506.6604358994987 401.0361449960211
-370.6000395104515 728.4220090160945
-383.5050905472475 778.73323006487
-453.5563385392081 714.8917909614916
729.839573404289 1594.6502168089628
619.7412235863222 1835.602593538167
473.802480495719 745.378643347845
486.66979201756266 785.4012561655275
100.92916913740532 -402.5481052530623
-720.463679874933 -1316.3483582062017
-72.88168404468156 -986.6272932515808
-786.1265923421081 -959.9349390737973
-783.4533397647504 -682.8382396397177
891.4357139505092 1145.1426839044407
879.4506044985383 -108.56281319972993
816.868757734683 -265.26297311941875
-242.576269138313 -111.96870744691859
-422.74116648192074 -368.58082517917273
-158.63098018345843 -604.4750828655918
-761.2811476883157 -1267.3875120402834
-166.14323335586408 -517.8552225461211
-649.6114035139215 -849.1715663829775
-406.26080640709796 -43.51125876158396
-974.7720379512302 16.63966502296679
-194.94510419172556 -577.190877174959
-460.20890434501337 -1022.2081873533334
-537.3097398918991 -812.4444182793254
-811.40874696536 -946.0073212858744
553.2558202149085 -298.04379707317315
579.2316924471517 -357.38248698215864
-231.43835494751448 -491.0797510675923
-860.3671276687899 -33.438334766568495
-863.7887946004828 -520.1498935659788
82.64413657904078 -3.4404650284319613
-55.48104958427368 -735.1975171099019
-866.7300477879678 -116.4736904579745
-891.7403822721974 -206.46287421345627
104.95721121680421 10.867589252255897
323.6358321548852 -536.9296617925659
780.6816814441031 139.6348921258003
156.06671378964302 -922.3044340742754
932.9466119435193 797.3402909258499
0.48324357970116955 411.6745716923029
347.96862772374806 -834.9249820271541
132.13876968796754 -836.5697695311108
968.1004097310553 184.3852796898213
47.709386680451864 -925.170441110798
128.81257513370636 -924.9209449762175
138.3591803850757 -836.8850879771791
1060.1802854716002 457.19094332803274
298.761049128125 -56.361493454031304
819.2746761266462 153.18089526652307
198.08196331400669 -663.7346558237964
55.45614466097815 -932.1870691141253
840.4243490312408 482.9007949775714
231.3605934365953 -310.4948169890454
518.6053496208137 -12.243126841720901
1013.8034203985881 507.5975922513184
316.0569330517393 -166.64543268463072
565.9883941527119 465.60100586851814
786.3897556601187 632.7669737426211
756.1455803439197 1039.654680364465
169.81122569794252 57.10733713219071
613.0573235939555 315.09980421562034
612.1436193068104 91.33010652086732
150.17906947511358 50.26718680539992
228.53346167127444 -7.540414676985881
-295.94599000088056 138.75275109194035
127.26639374474186 143.27525265703684
-393.3218807640093 98.19636382579901
12.634543845997626 -245.271370755482
-494.87465631982116 -118.74532209682023
-498.2237553384074 -238.38060508835304
-72.93457454192291 -269.40524098937107
-101.65680020950414 -217.6016922415
336.85245605505935 256.626450259676
-70.97949114160429 262.11096475036805
-67.72757915678503 301.6234977921682
169.94896939943595 363.4314385787663
-37.481464733773905 167.58866861371678
0.29326822881897996 192.20227596010537
-50.88416157851713 162.8540021891496
-46.73626836928241 169.28024407109788
-7283.474539108943 2916.888809358015
86.72765158702796 -7439.958879545838
72.02550085999088 -7555.236044941792
-760.3014614737274 -8513.00406021053
-713.9209299387643 -8548.50802921311
-1183.8342829683352 -8176.00007745753
-1318.5507619142713 -8185.932381878713
-1355.638666810602 -8285.96725301679
-2363.8005662166443 -5800.490270212355
-4280.366312487679 -5982.929168558267
