12.5 0.442688698243377 0.6766638698864481
37.5 0.5774058717043353 0.41042614157588814
62.5 0.5459613708007295 0.30848648566657666
87.5 0.9168632484903028 0.29044126623348737
112.5 0.42455909827100313 0.22108558520523955
137.5 -0.04875104610274051 0.1639026756839324
162.5 0.08832011364068336 0.16080711030245196
187.5 0.3538718275354078 0.16663935186511106
212.5 0.11013749129984282 0.14248319081934
237.5 0.10935103830130273 0.1341172865531016
262.5 -0.2189083043600945 0.10577525485052425
287.5 0.08081848853625168 0.11902907754917877
312.5 0.09324525994812422 0.11477568468421022
337.5 0.08905171980734898 0.11047858735876524
362.5 -0.03476993153136228 0.10013053740329073
387.5 0.07196606319321122 0.10189573108333454
412.5 -0.10135942995472677 0.08991178401363546
437.5 0.1329148416391105 0.09953823836491185
462.5 -0.04605752731989332 0.08770321814960748
487.5 0.008704698220141194 0.08825869534279711
