12.5 1.5636677316293932 0.7864402467711896
37.5 1.608196648044692 0.46923855928042685
62.5 0.7018133669609083 0.28302104938342093
87.5 0.5051169188445668 0.22667244436826725
112.5 0.36606741573033696 0.19499162185691032
137.5 0.07961346488682541 0.15229070037344627
162.5 0.3084843049327357 0.15558322394979154
187.5 -0.041398535114174795 0.12354014084514044
212.5 0.09900136959499117 0.12618272855675458
237.5 0.05183715012722656 0.11490732912361197
262.5 0.10544539915638151 0.11308822023826896
287.5 0.19517529360591568 0.11334993650211134
312.5 0.04020565149136579 0.10034148240043832
337.5 0.02881069908814582 0.09619391151081016
362.5 0.010200855663138775 0.09171527032885442
387.5 0.11607649808754794 0.09371515509524314
412.5 0.027946412622804395 0.08686901024803893
437.5 -0.009996174514983247 0.08165276663811816
462.5 0.32597273456295106 0.09367660493141633
487.5 0.17356015745336317 0.08627639962577605
512.5 0.13981250000000012 0.08268399504355747
537.5 0.07818685863072461 0.07818102761536909
562.5 0.08188964013086175 0.07630706237914092
587.5 0.2008115157129624 0.07965522278877868
612.5 -0.10140791599353804 0.06683371122984522
637.5 0.1371583441138422 0.07381953975262082
662.5 0.18331241747878013 0.07426492019829548
687.5 0.11802740714028137 0.07054807870363483
712.5 0.10546599055778971 0.06907560739473985
737.5 0.09930634278002692 0.06765490278551387
762.5 0.15400206577874442 0.06818178516536856
787.5 0.25232618025751075 0.07016833430433068
812.5 0.06308411990457441 0.06387871321749526
837.5 0.18363597883597893 0.066494437965887
862.5 0.171224435850996 0.0651871420935628
887.5 0.08696201085404143 0.0618947668408115
912.5 0.0034995831403428213 0.05862809319700617
937.5 0.11969301611665406 0.06118813625327202
962.5 0.238873891450869 0.06383877641024965
987.5 0.13837964367766276 0.060464207147077856
1012.5 0.14721018472291547 0.0594682921687594
1037.5 0.07227746810355518 0.05724675063611056
1062.5 0.1401330708345052 0.05825703445231616
1087.5 0.12059713250354487 0.0571778167118533
1112.5 -0.05686465207826796 0.05186102471934512
1137.5 0.1758148474290746 0.057765705064172494
1162.5 0.13355878778952035 0.05560786022920755
1187.5 0.23306648169106636 0.057787757107181315
1212.5 0.09564123273113712 0.05360713889288407
1237.5 0.1362373823781009 0.054775275130025336
1262.5 0.10907963678112953 0.053456264769829044
1287.5 0.08484859622256269 0.052279803706419416
1312.5 0.15475257108287965 0.05362767388758605
1337.5 0.08902840119165845 0.051661704389115166
1362.5 0.06718465539661911 0.05067421549544588
1387.5 0.09696240601503758 0.05087000830991027
1412.5 0.11641994044760362 0.05145312476669107
1437.5 0.09513643216080414 0.05046496628536645
1462.5 0.08571037811745796 0.04987116506580595
1487.5 0.18173982947624845 0.0516482487488069
1512.5 0.14133317161916303 0.05063592375145853
1537.5 0.06604592901878914 0.04850966259551731
1562.5 0.1518443941309655 0.05009664286882848
1587.5 0.08381579176460341 0.048252853403567934
1612.5 0.0512374509692457 0.04702228964769468
1637.5 0.11698939929328644 0.04816732386226806
1662.5 0.08646823227533873 0.04736490709071282
1687.5 0.1312415369783777 0.04804439342189568
1712.5 0.15388349567246373 0.04816544897166996
1737.5 0.08267988319447062 0.04633875478762184
1762.5 0.111872407291012 0.04643850665001747
1787.5 0.11416216499436738 0.04649493316069631
1812.5 0.07797420500234975 0.045644192063773695
1837.5 0.013690050625064565 0.044005885513224395
1862.5 0.08058796718322703 0.04500649912691584
1887.5 0.08954009623095427 0.04496135418464446
1912.5 0.0943841576236435 0.04501193415642294
1937.5 0.13691736332026339 0.04557519817105443
1962.5 0.1236192940487233 0.045073754315912616
1987.5 0.0966304679367691 0.04433580497253439
2012.5 0.09635472916014365 0.0442178967337196
2037.5 0.05817588395285589 0.04322483628561282
2062.5 0.0484348995822812 0.0427889398165294
2087.5 0.16076845543630425 0.044800360988621155
2112.5 0.031193199813693395 0.042149632801531535
2137.5 0.11732486254216146 0.04372436085344463
2162.5 0.04061340100130306 0.0419539512362936
2187.5 0.08688519195612421 0.04288163964165957
2212.5 0.013257460345909244 0.0409750425926949
2237.5 0.16665748508366596 0.04403966077394792
2262.5 0.060405220522052216 0.042023229629525066
2287.5 0.15399602859412242 0.043436317090594236
2312.5 0.13129879745033146 0.04284522554156845
2337.5 0.10800676995182945 0.04219556868843196
2362.5 0.07031473262377719 0.04131434284151272
2387.5 0.03378058872714029 0.04049331562012894
2412.5 0.11253769815697923 0.042069979193635434
2437.5 0.06652304938087417 0.04101662910469844
2462.5 0.06115208098509184 0.04086820834932806
2487.5 0.04296381764595236 0.040162786713098635
2512.5 0.05979564782391211 0.04043316911907576
2537.5 0.08124204540703261 0.040906730024503
2562.5 0.013356291721255298 0.039479321085387695
2587.5 0.05161384260023105 0.04006136458426456
2612.5 0.037232185419577624 0.03970898288628909
2637.5 0.05060488848654443 0.03999405767034573
2662.5 0.08227939355807679 0.04032540154697286
2687.5 0.046555113636363776 0.039641089679505144
2712.5 0.010657161843774743 0.03879693816867688
2737.5 0.04678093342621148 0.03926286808566927
2762.5 0.02860961003064455 0.03903954657901416
2787.5 0.09205758134554753 0.04004043081034352
2812.5 0.07204424603958426 0.03959079456405609
2837.5 0.05550394438803408 0.03905442099910125
2862.5 0.008899406429369039 0.03823210136513397
2887.5 0.06247379503977535 0.03915595529324307
2912.5 -0.014579219722076764 0.03757673421157504
2937.5 0.09742786607005094 0.03958868818103542
2962.5 -0.017818811309867177 0.037372038069483283
2987.5 0.060508028088821275 0.03859523641433764
3012.5 0.038317012070143486 0.03818285056067147
3037.5 0.07567762860159921 0.03874872296834006
3062.5 0.0450686826686828 0.038229538515361684
3087.5 0.02461562599226741 0.037625375901709245
3112.5 -0.0017398066964535719 0.037148358286098845
3137.5 0.030114263534369634 0.03753043991670775
3162.5 -0.024839361622790768 0.03666064942792725
3187.5 0.09266676541381202 0.03870276017221635
3212.5 -0.0037266317523177994 0.036922909716537146
3237.5 -0.020497645124946895 0.036570811821920984
3262.5 0.03107655222790351 0.03732228187565773
3287.5 0.07256778883218917 0.03817490838383733
3312.5 -0.015384952120383044 0.03643862227063355
3337.5 0.11146433589402038 0.03875572651958778
3362.5 0.011380880562571472 0.03686739135946055
3387.5 0.003895764765452503 0.03664074157140563
3412.5 0.025242030442274466 0.03689573384853796
3437.5 0.04019080018819432 0.03731851973851598
3462.5 -0.013845056028686686 0.036155581046539424
3487.5 -0.0009104179056064199 0.03648811957052301
3512.5 0.019262041223167436 0.036632292586323924
3537.5 0.05668865986746918 0.037373136133855483
3562.5 0.033132936472678676 0.036853678308590834
3587.5 0.029505420419610573 0.03700300170361847
3612.5 0.06281682002995925 0.03745314522503257
3637.5 -0.004373249048200578 0.0363608008448649
3662.5 -0.0030981559020044624 0.036241164258555746
3687.5 0.0935145067698262 0.0380796345602478
3712.5 -0.03187016309561874 0.03565629540254551
3737.5 -0.02576231966861864 0.03585873637593058
3762.5 -0.004587948549164778 0.036186640105914464
3787.5 0.11412527304693731 0.03828037563960183
3812.5 0.038289499597171206 0.03708547335210481
3837.5 -0.00408287825248943 0.03625242085956102
3862.5 -0.010804717847305634 0.03593570899477956
3887.5 0.0009038656358304475 0.03626961053466656
3912.5 0.06612137726034173 0.03736519278072953
3937.5 0.06490617736141435 0.037254703821597436
3962.5 -0.010813609467455465 0.03588868414340855
3987.5 -0.03645299054499107 0.03551018587455615
4012.5 -0.04643137254901941 0.03537799211360378
4037.5 -0.014636160318080238 0.03595984663013618
4062.5 0.0909057737788288 0.03789767294641337
4087.5 0.05375079758950729 0.03717692066451113
4112.5 -0.04185697089853435 0.035404785372703744
4137.5 -0.01653059191804196 0.03596120424899471
4162.5 0.008962655601659542 0.03637563885618748
4187.5 -0.04194899500613125 0.03547314675182239
4212.5 -0.042309317963496684 0.03548373492847033
4237.5 0.02708870234721683 0.03679852906161912
4262.5 -0.04679684826012542 0.035436640449368714
4287.5 0.015589351187629497 0.03647616403767138
4312.5 0.015442559739639705 0.036447677472377815
4337.5 0.04017366320829985 0.03694471221719568
4362.5 0.023632040537906907 0.03662749232596958
4387.5 -0.04065324862527353 0.035521434913945195
4412.5 -0.03598674930540713 0.03562311329376775
4437.5 0.038641623750378606 0.037005160814425106
4462.5 -0.03827615604597179 0.035755470018315444
4487.5 -0.05129231212623386 0.03553609246851432
4512.5 0.05236286065514495 0.037520990714385236
4537.5 -0.004140850157102083 0.03646543359075921
4562.5 -0.03237633007600438 0.035976252633266634
4587.5 -0.022958674081343444 0.03622999572637377
4612.5 0.024802022089125852 0.03726246935055118
4637.5 -0.06410453228363677 0.03549843544521253
4662.5 -0.10412376913147692 0.03492701315109657
4687.5 -0.08244894044742823 0.0353551211765299
4712.5 -0.010044850405443229 0.0369382956022463
4737.5 -0.05317027932960883 0.036095729585238476
4762.5 -0.056759927290444656 0.03613994444079094
4787.5 -0.04781236834185987 0.0363796801593948
4812.5 -0.013141933786779858 0.037025963957847956
4837.5 -0.06287973163572591 0.03632763960077019
4862.5 -0.014329576816927148 0.03737245308265671
4887.5 -0.06205037753887577 0.03677147413208539
4912.5 -0.012367366076661668 0.03777017667711201
4937.5 -0.046758301823952464 0.037150040175691595
4962.5 -0.06268904158557409 0.0370854806599974
4987.5 -0.06706155366673239 0.03691138636415725
