-872.7996506422464 7.681700539486894
-618.2987897907533 -100.0852213862106
-879.2977834171625 -512.4128029625393
-885.6163406689985 -479.92758584997586
-1365.602719877427 -232.02762811421363
-1437.3201927421692 -277.66116435739417
-94.17272625608194 -359.0837089647723
1075.395768464515 -242.59036516278923
1233.706874187092 -191.62105554907853
655.1294416608076 32.454670562432455
765.67625891414 -193.79652328388747
-1213.7216779377936 -108.77345714115299
-1167.961373569265 -41.70910046363309
1442.5342382375254 -113.07544104709454
-778.344694263227 432.14779652704925
515.9953994725888 217.2761653535011
-1106.7643184217065 -12.786464322536533
-873.7002097327608 -46.01313557147472
579.3081454513906 -56.08414787865605
-884.5942218261537 -81.06066783711142
-692.9153253451644 433.50022881668065
-620.0741801369821 334.1065669432285
-13.97917745065399 -364.26825129192883
936.2465802187429 -409.104039860137
608.5153919097156 -249.28825416335047
1269.7434086792562 -164.8546465479143
-763.1560094515094 -360.8724404258301
-814.5874817051081 -374.72749970601745
-909.2703409183431 -444.61538628265515
-638.1193211441797 411.64523411909596
-821.7752201820066 -442.3354195255734
-868.8647547731123 -408.2277342189402
-606.5371144866615 110.80644685765316
1020.8477574032809 -356.365571766089
1267.6725343132757 -178.91795181574318
1067.20003330997 -306.1172462238845
1185.7217827101326 -229.15732366095958
-112.48014390912823 -323.71097275973386
-564.1788534951802 -192.06672804420276
-634.509718839708 24.49740989177501
-666.8028028200374 24.845843881426553
-116.77948313904695 -242.78087702545264
-337.27600343545043 -41.79435213126185
553.9896413733356 -97.81703275071276
-385.9621329097376 227.1387280312855
69.94722116548482 -4.93430820422649
-86.60437255952581 545.1083351765359
146.89513100693713 124.68776494419858
2.241538432234419 -88.40945791407768
112.92801398786123 56.84278465206049
143.28625904353908 87.41147956414935
-432.52468842771015 479.4456405380214
66.53117037290802 400.20368599564506
126.22856809945148 426.073098321675
559.753388428232 -164.4454139702007
-408.6730021695922 197.286946306078
34.24095140379645 -384.769622861453
-136.11636908100328 -265.9287406718196
-262.8682579275148 463.5926418596902
169.974272350588 -439.8948604734064
173.3160971312404 -387.9354158620052
11.793323225128066 408.48672016222156
243.00286314512013 374.6516764806085
241.48579086730984 310.8423362105048
255.7836337145288 -272.4923829409836
337.4165867030074 -223.77804565146343
354.23597120808597 -186.9731338071133
-197.37529110895028 299.9011608901666
-109.0491595307837 327.1154659202423
333.58934515431883 -51.41839409121764
349.84300301740956 138.38879758980383
-150.94520917563094 114.59153289197049
461.63658983531974 -373.0163622241323
-68.88786133464204 363.13713124257754
39.342541525051566 121.82115436767188
89.67274336810507 120.81555797406466
31.348088707962578 -84.20525434727473
-65.47574498213754 151.02876872752503
-174.899848735749 93.21443805794831
-120.93753275419802 173.23334031093478
-77.98468740595668 360.4779000241777
-223.79048123123135 -96.29647950411379
-92.66081556631315 -279.77870515960285
205.56931074019616 -288.09805656496206
210.05752363341603 -251.81942314656771
65.61313410266003 -320.94382600658963
135.73336467099668 -297.5908532695224
-6586.285278561946 -5808.339308434888
-6370.892903766607 -5934.0925964928665
-5834.47980142823 -5992.921666574865
-6126.308841939629 -6230.864079687935
-5864.714542857067 -6285.182879801305
-6048.055150757185 -5567.808846365332
-8483.844948781609 2918.040313861975
-4734.727864296884 -6993.167694519697
-5558.0460908272125 -6118.439673930062
-8173.101327796921 4060.4484905167183
-8138.288286447276 3306.913100739503
-6604.9454429004745 -3393.7219493333178
-5757.723228460139 -1432.06381310402
-5763.494497784397 -1638.8000440087637
-6497.691460098894 -3625.6227741910793
-6275.572367278839 -4825.919811025612
-5587.378356528303 -1726.7190997277619
-6634.464314805526 -2392.448615594319
-6509.917647029843 -2471.2045856247046
-6840.551220414669 -2757.737403101198
-6620.258432778214 -3701.074420768804
-6362.314190216341 -4372.246719369231
-6793.45896091859 -3553.389990919936
-6493.579891121574 -4686.106900118338
-6465.748085963576 -4986.634370423822
-6246.376130826912 -5153.776951696716
-6052.833482974247 -5103.281736671305
-6520.341839003658 -4059.0358780140023
-6472.316747275965 -4100.860665009655
-6467.400961682719 -4003.238791491911
-5969.251291369177 -1971.6072623581615
-6758.472997356317 -3012.5337330044927
-6554.880099727152 -2841.78012448836
-6626.310868911179 -3107.7118541884442
-6421.195895214048 -2632.7013860665256
-6262.324045242257 -2318.648159080413
-6613.831961582584 -3372.7067860577795
-6489.014065435868 -3736.7261988596733
-6589.413988889942 -3527.352400781459
-6565.512921312805 -3468.07344466251
-5038.5318760584005 -6571.485213872367
-4929.181419128475 -6536.58541514637
-4233.298340630329 -7544.468469726458
-4033.0715833351655 -7703.143508589088
-4799.748057351659 -5596.468069928051
-4466.218412615002 -5776.558317380358
-4581.349429087837 -5789.321114667604
-4263.103163424067 -6205.313357769663
-4459.505673312435 -6724.006957925463
-4334.1867734056195 -6479.843619670314
-4116.263170217045 -6742.533202917947
-3612.5492339715806 -6684.022740688334
-5941.025898716176 5573.400217199008
-5320.559875598733 -1705.4585246924398
-5591.533903936379 -1942.4892709968783
-5478.454479480536 -1904.9755162988242
-5358.7371023513615 -1889.9112352373313
-4994.7687720365 -1722.204695234397
-4917.88979249777 -1672.6773849045217
-2600.71934783853 -6168.529881002792
-2532.847318587601 -6176.761744516427
-3275.5594659554467 -6777.300584060325
-3384.9857732003006 -6678.289800963602
-3246.9267412569907 -6843.781711156561
-1277.0966843615352 -6700.625265906011
-1499.141400352296 -6844.5818972152865
-939.1308085484707 -6566.766908098014
-3353.188769696782 -787.8421268556214
-3446.9852160912587 -761.0926396445161
-3403.9837263862746 -820.8527584118585
-3483.1341803393643 -822.0271884300076
167.73949952369566 -6360.612114697579
1544.00550037376 -6253.673686185857
1368.499063569735 -6314.915441553338
-1309.447241399068 7221.0732692441115
-1470.3566874330245 7420.962176405023
1179.8187917046728 -5953.613942747368
3597.097423571645 707.952243709541
3408.6889522723327 490.87688340349865
3402.83996695402 509.703935057705
3567.8708413991667 614.2433069057887
3618.899173164565 659.9382419816704
3145.197539428985 6928.130859405691
2214.278188809778 6572.616743118937
3101.2728210249925 6606.9771909351175
2126.194048191824 6525.37332499231
2488.95964639828 6493.158878107051
4899.502911750972 -2734.4750396748464
5401.613318068656 2153.0321613039455
4115.547475041207 5494.2340061191035
6316.553520871478 -3618.94144523995
6236.7763833242725 -3495.2572338614464
6795.577727131583 -3410.4155095319124
6741.930372967296 -3385.144444168043
6548.824230098174 -3442.1038681602354
6545.436154253943 -3500.3567263508658
3686.70383034922 6674.742939803384
3881.8218488736925 6857.957756344297
3791.888032721395 6710.708941517242
3846.255316927501 6178.587011569142
4634.081560864154 1391.7760718924228
4636.112129504579 1372.0890939746803
4661.779722967378 1515.6754622264282
4616.694516951291 1367.4934664137559
6094.840202739704 2447.1575652368783
5790.148616761802 2333.347563342054
6095.404333862528 2433.0569282232273
5973.80531366952 2334.7602235463073
6264.397660721689 -1409.8960256487564
6857.730154723347 -1235.505821900219
6455.4221907468955 -1355.462120686432
6564.901920729628 -1305.2392516463556
6666.732658347105 -1259.0170415100717
8826.56092324199 -1841.48353852953
7682.223364479658 -2501.8925448403297
8105.243543435432 -1962.9295798661822
8622.459254067044 -1885.2948447051128
7818.532665525228 -2319.483539279046
8285.878690625173 -2008.9144263861535
8133.591872098256 -2136.916239717514
8072.97736551148 -2282.0725834394157
4335.213222408173 5760.870742229717
6073.208164984169 4577.9103739746415
5362.782451496607 5024.524677814431
5181.9862430908925 5108.195287885503
5548.748609715081 4355.803739095589
5698.247840820569 4159.1001512831745
5431.120831650454 4735.411309582004
5536.0185305016985 4339.036048453026
5871.704760635555 4057.4952931549715
5592.380956569715 4281.620057839611
5426.222639148698 4753.046482631004
5461.0674667636695 4692.159945372421
5556.097870512241 4731.485222578093
10412.663499978407 -398.0313945146332
9782.219882564465 -1006.9892616146046
9791.313001952625 -997.1321717360609
10127.004218377968 -653.606353890732
7602.658384524767 -1357.6673964218248
7199.715725937465 1034.4766440468884
7296.094433112552 1243.6555103040887
8091.351432050914 -1051.3134878499568
8238.979096509287 -1112.246984309459
6813.823446787116 2019.760809434499
6713.230723835163 1915.0151058959996
8307.156143536004 -42.74405548505154
8014.087615702974 -327.5690191859354
10013.628295603268 1049.9996503754314
9787.5037900125 749.6858117787008
10257.001597123519 1853.0374804149794
8935.952156595033 895.6019147767421
9662.295862615103 332.5568865046587
7129.322332391485 1512.1938943577
6273.01053688199 3095.701262499071
6356.419887910374 3019.7810801670207
6242.3571450724 2858.423536802937
5998.855841831484 2997.209029523361
6244.474189365209 2904.4455642945163
