12.5 5.959190585762711 1.4935910749711416
37.5 1.987134576121759 0.5608854092174619
62.5 0.5196062369448873 0.30218503115912587
87.5 0.17755830094849762 0.23725415210698889
112.5 0.0008475504420179247 0.1900278008296876
137.5 -0.07208109662445317 0.16434516982953912
162.5 0.004481128785700339 0.1595077428982104
187.5 -0.19880831618169545 0.1331201229713114
212.5 0.35260514452705083 0.16089582188797516
237.5 0.27326484571141224 0.14490370760802526
262.5 0.04038966540155378 0.12509503663351274
287.5 0.10122988245882644 0.123389906688282
312.5 0.018896427282689532 0.11430681968394303
337.5 0.03440507002584217 0.1118461434825377
362.5 0.11629675835329786 0.11304566314497543
387.5 0.12319078489834118 0.10776797590505945
412.5 0.0887969434371684 0.10380623422368676
437.5 0.21854978327539396 0.10586252228890924
462.5 -0.0020870778172598636 0.09347578091063075
487.5 0.0040162793950676845 0.090880103951731
