3498.352182918448 163.7038078249472
2568.387651727946 630.7056145699421
2221.3764153091483 -392.83177271249207
2326.064870831417 -492.83132274049063
2563.674564263037 741.3284986612215
3079.6440627871393 -570.100424254557
2200.1444447146414 893.771631839952
2757.9091965042985 1375.2968615131379
1967.7221771289244 1373.2556735985684
1962.0186912156476 1931.91112303904
2191.2280208255493 168.93703061822566
2137.7449968914802 88.42697415608035
3408.277394791754 -1838.0323596035096
1786.422695782585 -560.2109008910096
2179.1324464558156 562.7796634884367
1697.1690136420639 -726.5789018989303
1653.7231503108915 -712.1041379988096
2079.5500685009456 2719.730925388756
2235.28624801534 2163.4082031031953
1447.4661553264386 706.2720028855383
1957.1572179187885 212.41862931176152
1454.2516302932856 23.06292878230739
1529.8433559255104 18.62444886412065
1742.6433127979615 -97.9751832279519
1849.18314918901 1915.446500099405
1993.3436547996223 611.2374320986564
2247.0155034202458 2696.0846226731933
1180.8271432725599 -912.9064863482051
2021.72626447879 -2146.5876267397534
1106.6792171319987 747.7018229655552
1346.9267844449826 -983.3389781801377
1406.316933767204 2102.807781482214
1661.2800441025124 -2581.2144160928715
2602.022737365046 -2965.692509709144
361.8031010136002 -366.2437362570059
312.10985290720436 -378.959068007489
288.73605697468713 -414.304975254959
1509.9231032000969 -2847.7128413373084
1697.8956235380251 -2918.492977952252
701.19749012654 -739.354771258574
767.3626572474607 -1518.1282195380281
763.9042443718556 -1144.4026753082617
631.69624319294 -1189.0609211956723
826.9832846445203 -1262.687327488114
682.4176636673263 2795.8399188074372
555.8886226655462 1108.1738583315966
220.3241579436507 -1728.0782501653136
419.22070106851504 -749.4449103356652
162.7298706419059 -252.6462856779993
489.8403242558999 -1226.7820059496944
794.6784109674385 2433.894439631657
1214.458430279369 -3074.1330684176196
50.31157483089786 -33.471931279432084
483.841929387735 1247.502128149733
254.46564791085547 -661.4615356412429
-45.119893254738955 1088.1007562545478
75.70968045441825 2823.0570869491685
240.96054128275972 -1513.0464609941873
180.87580619294576 -1460.0828108745231
-735.5231519636371 3066.181091722983
-711.7620738472286 2914.745459311573
84.96185859591579 -2498.783017714697
-88.12569143792366 523.452048791888
-127.1211732522712 590.5258664031599
-27.59743146616551 -2465.197076365185
221.77124526601733 2554.7410439249898
-57.17397823627766 1623.5790835787861
-171.3539040462201 1598.4285135386945
-224.0618033851479 1648.879330068044
81.06942524356347 1358.2789120064015
-348.0706421694699 -1546.5938977900382
-198.11618602333712 -1539.1800142071638
-313.5071453937749 -1448.8148119612651
-110.91019790730986 1224.002775007008
-228.39351851978282 1422.0613749334086
-205.79870005815835 1275.517038617765
-143.99649607089543 -2609.823158093925
-182.3597750191143 -2540.8185094659984
-206.9008408890709 -1231.128917816741
-403.8566038210039 -2617.9460122834375
-17.850828984963652 -55.29876871604063
-979.0972761971829 -2079.325167351155
-936.3497964518909 -2296.544134912202
-1001.9042360093802 -2291.350824232935
-978.4245926742676 -2356.4908760306585
-1162.384100105369 -2305.7818270123507
-1093.2487751360957 -2382.5062551021633
-1154.2312472063645 -2317.489943407963
-1812.8631162033778 3183.4940183595704
-497.48289149918577 -1462.8604761942859
-403.4822010984164 1681.5114835437657
-286.0973136564783 1170.5533805179427
-1121.6152972632858 -2071.3115374827216
-432.8241180872495 -1181.5839463590792
-269.8318385346885 437.6363869293261
-385.87649806915005 439.92548019279616
-1193.080962747159 -2781.645651664117
-1328.7435824926981 -2523.6005317530717
-1246.5435109824825 -2950.3833744326885
-961.1154850968243 -1526.5747339126922
-172.81415368813254 -568.5654203881566
-847.4470497232767 -1293.3714440713845
-2160.917718890983 3151.401085149401
-1399.0555383811213 -1687.4042649629955
-1493.8422717544063 -1569.6888671062152
-1394.3658520196393 -1677.719636398474
-306.75006286371865 69.0070079293017
-2495.177027198766 3009.0089234492357
-1198.5016464824619 -1990.6244317042044
-1140.3378780545056 -2059.031295095034
-1134.715330070329 -1101.348761064887
-446.1808377298953 -725.66405416694
-1719.170584225203 843.7664075514847
-1817.3722118403055 785.5058339127941
-1548.1884533193445 1924.2796668724743
-821.8049058665911 854.0775205251753
-459.10621350181873 -325.52240391953296
-1685.572199291234 -1265.5374490251843
-1710.5052775123265 -1168.6090291212288
-1844.8729804904663 1569.3409905757474
-1858.1916337927662 -1072.0735039948293
-1843.933988650185 -1135.044399989055
-1529.8862408290242 1212.0434005464376
-1893.6936180060923 1317.289545364763
-1828.9135130195139 -947.6673809750317
-1683.1433983184584 -539.4689141756725
-1605.0021801059427 484.72876289315104
-1552.8975205114984 -381.5645820871475
-2265.729529800535 -832.5214267400278
-2084.463596585648 953.9212040874002
-1855.3231547810722 -584.8203605373847
-1469.6146759183937 -112.86937954925499
-983.6892205160643 257.7751465641397
-2581.696025173469 1399.5050666636103
-2691.919957167103 123.18752215093828
-2183.6674942018826 762.4249638585721
-3157.4961922890216 -708.7300173376092
-2145.482768383866 -249.0073272224698
-2954.1546586833956 53.51748884202915
