12.5 0.6792358900144717 0.9810724014220695
37.5 0.9990903452553233 0.64113524204169
62.5 0.6271665600915424 0.424989784881024
87.5 0.38246642975944445 0.3290538754936811
112.5 0.1933528542143539 0.2760987466811547
137.5 0.11301487046030312 0.23917550434778456
162.5 0.24866258488255588 0.23393067267310055
187.5 -0.12357208245591245 0.1800170724973981
212.5 0.04332767319942343 0.18580603528602765
237.5 0.11432948834433376 0.1822019048816161
262.5 0.39775045269484766 0.1957596358272832
287.5 -0.03831892543030857 0.15121797144167937
312.5 0.008629099298361309 0.149782310398718
337.5 -0.14545884854292834 0.1342694066765798
362.5 0.002574932037665567 0.14002468175973834
387.5 -0.0588865938011669 0.13138372751631716
412.5 0.009490895738384797 0.13350544968460118
437.5 -0.01476041386885607 0.127032051938726
462.5 -0.16000872553744738 0.11499244178563021
487.5 -0.20390207489832246 0.10894978155979984
512.5 -0.3311971490858233 0.09802006112644596
537.5 -0.2771607513807993 0.09887276502235072
562.5 -0.2509043503410273 0.0997498657179694
587.5 -0.24595410234589743 0.09627856514820848
612.5 -0.15042994867726922 0.10215766289196086
637.5 -0.2042324122180048 0.0977697675741778
662.5 -0.2033772437524889 0.09507840688023142
687.5 -0.3603162987281988 0.08437767148702476
712.5 -0.21396186024509845 0.09251413002445744
737.5 -0.18320975129425454 0.09362361812540633
762.5 -0.18147715021013333 0.09262811282500652
787.5 -0.289262461901324 0.08418557104075018
812.5 -0.2831726437475719 0.08375525722764456
837.5 -0.2785795770834171 0.08373080688391338
862.5 -0.18429656053564836 0.08898969854499647
887.5 -0.2575842014903237 0.08241992957161301
912.5 -0.3862441922461727 0.07531035726960116
937.5 -0.3249486317847081 0.07885077244386046
962.5 -0.37782376195686695 0.0746941860882514
987.5 -0.357213656832863 0.07506484126684099
1012.5 -0.29852191088363145 0.07785264840276726
1037.5 -0.3176787057608973 0.07714054720995141
1062.5 -0.36711355650760447 0.07390354578846248
1087.5 -0.26582943640574375 0.07958191402836466
1112.5 -0.2032522255655591 0.08308796658937287
1137.5 -0.329213785330994 0.07631478882426183
1162.5 -0.27071279128295667 0.07998537639179598
1187.5 -0.32797480081923003 0.07645641756170063
1212.5 -0.3699630087355452 0.07356932429682843
1237.5 -0.35513214669183113 0.07431151616527873
1262.5 -0.41246789062636824 0.07154725094662133
1287.5 -0.2501205677550641 0.08177053860460859
1312.5 -0.3252068536494116 0.07726974816434563
1337.5 -0.3113193812523205 0.07886773689021098
1362.5 -0.17850788110010363 0.08568337988841386
1387.5 -0.18207485238600496 0.08577157161061219
1412.5 -0.34884295867830806 0.07656597920463722
1437.5 -0.3176787057608973 0.07714054720995141
1462.5 -0.22706524436525266 0.0828489791827448
1487.5 -0.22806132915734134 0.083698211162975
1512.5 -0.32506596060511594 0.0783096584137935
1537.5 -0.2790457793157559 0.08051767436745341
1562.5 -0.16736544161150635 0.08685239465645461
1587.5 -0.22524753706217893 0.08352078747082545
1612.5 -0.23436977575399198 0.08206178732762073
1637.5 -0.12000802309223602 0.08855085302899686
1662.5 -0.1430721116480549 0.08621594869408446
1687.5 -0.1779649520190516 0.08483300665160277
1712.5 -0.07213144584170872 0.08987425553473986
1737.5 -0.2569013812087908 0.07918547165599314
1762.5 -0.19192159982388068 0.08168257363057246
1787.5 -0.1539119700579129 0.0842802009182823
1812.5 -0.11607212944493983 0.08519805459596258
1837.5 -0.21647290208475845 0.07999932585814531
1862.5 -0.23648197523435432 0.07794534452805946
1887.5 -0.18184294392518807 0.08069459429652284
1912.5 -0.06041653558170279 0.0856351485661175
1937.5 -0.14324699489057557 0.0807320552927364
1962.5 -0.14309492655456058 0.08039463326592884
1987.5 -0.18574042462584495 0.07738670197244567
2012.5 -0.16990628810815478 0.0782052204409504
2037.5 -0.13936592615731525 0.07776109921420307
2062.5 -0.15509098542608812 0.07695494112501712
2087.5 -0.07610694023699038 0.07916454350762396
2112.5 -0.2218306038603437 0.07265188411381575
2137.5 -0.16974833162660152 0.07381868472243906
2162.5 -0.16742690426437323 0.07345465904466658
2187.5 -0.07657499657369571 0.07640431538001954
2212.5 -0.23838554477868656 0.06742038575277678
2237.5 -0.17441696656122319 0.07018494311754113
2262.5 -0.2441531435173906 0.06664926082394483
2287.5 -0.09791249529171542 0.07177454102171481
2312.5 -0.126558014088335 0.06948131563096498
2337.5 -0.09871520027471847 0.06936546150503568
2362.5 -0.09239412391120339 0.06885565609476131
2387.5 -0.2966770618211292 0.05952742561351357
2412.5 -0.1806775602473596 0.06396299815435252
2437.5 -0.18703937465961407 0.0632731952448036
2462.5 -0.18770471459282367 0.06158345466006404
2487.5 -0.2222673527787945 0.06033593924844834
2512.5 -0.24176855452483237 0.058640675282867684
2537.5 -0.16132556373356388 0.060887781977634864
2562.5 -0.1523443865361629 0.06075768716476561
2587.5 -0.17077277975259886 0.05958046696178039
2612.5 -0.12833147379858922 0.060814651378188624
2637.5 -0.14707978002351552 0.05949874283028164
2662.5 -0.02619963835593353 0.06316300393535777
2687.5 -0.19599813749878792 0.057034814123282145
2712.5 0.0040837206955379735 0.06320391556054665
2737.5 -0.18758077263314077 0.056253013802161925
2762.5 -0.11846347325549966 0.05823915836791214
2787.5 -0.053321300217343715 0.059918464872409705
2812.5 0.023924323179556062 0.062422516548598234
2837.5 -0.06709117221418226 0.05880920071762985
2862.5 0.05865059197556888 0.0622070933937885
2887.5 0.09385319076330179 0.06230966208243121
2912.5 -0.002812363535007023 0.05959236974960045
2937.5 -0.019025719103593852 0.05841144207103204
2962.5 -0.019783048942486503 0.0585711895328997
2987.5 0.15502997725863144 0.06334178424781979
3012.5 -0.03384572618271464 0.05702666124279314
3037.5 0.05057300426330813 0.05916808060445318
3062.5 0.10516864182090435 0.06023079586819348
3087.5 0.09722059666293825 0.06023623479798383
3112.5 -0.050001941604399414 0.0556852542166695
3137.5 0.02673965232773523 0.05763625404964047
3162.5 0.07526555363127585 0.058760839946954364
3187.5 0.2270070895662213 0.06316208968881046
3212.5 0.11757114910948263 0.0598707283178168
3237.5 0.13094414400917942 0.060002506526844065
3262.5 -0.0019026169828687545 0.05575797088359422
3287.5 -0.0053969543074563475 0.05581962066866266
3312.5 0.10337389598588409 0.058937990405882025
3337.5 0.010613799960563108 0.05603279339689536
3362.5 0.03667730431059013 0.056388464994623314
3387.5 0.01813257351663644 0.05636731602542306
3412.5 0.1922743571780996 0.060885372644142614
3437.5 0.035167099279332925 0.056553582963008005
3462.5 0.11220625348499169 0.05875694980506617
3487.5 0.03636739526753985 0.05588481554010692
3512.5 0.12764104983184632 0.05885565680167198
3537.5 0.15445230127833542 0.05916626229089031
3562.5 0.21352857025370287 0.06082139966475982
3587.5 0.09517471420887524 0.0577709542048043
3612.5 0.19251965600492493 0.06035873229439354
3637.5 0.22037492006865667 0.06116747641004379
3662.5 0.17099039423459805 0.05948525559824043
3687.5 0.17984126150735746 0.05978704829469576
3712.5 0.15640002081135185 0.05919047126571737
3737.5 0.22153832297477116 0.06092615796015696
3762.5 0.19585582723183093 0.06068205411620091
3787.5 0.17497344181601626 0.05999457964747325
3812.5 0.21681147560950764 0.06098734343859072
3837.5 0.23185536565427411 0.06190090713086619
3862.5 0.22938013664638257 0.061698950560988806
3887.5 0.16314970607003842 0.05992615375489482
3912.5 0.2713109108075329 0.06304660710517307
3937.5 0.1927257869302481 0.060830680689486
3962.5 0.25590915255442725 0.06242704553971072
3987.5 0.18485237114328212 0.061053599575245796
4012.5 0.22438817628244467 0.06237967902349035
4037.5 0.10415133513476338 0.05922993311748301
4062.5 0.12363161773192588 0.06002863323625803
4087.5 0.031997641586895886 0.05784380767666606
4112.5 0.047055962047534816 0.05815638788212877
4137.5 0.16291451858179573 0.06120603107019082
4162.5 0.18872501411093 0.06223757807717603
4187.5 0.07707629345274647 0.059298173776623005
4212.5 0.07417290366845775 0.05967392780897182
4237.5 0.12453474921228036 0.06093924821848482
4262.5 0.021815510680964767 0.05826979367195238
4287.5 0.01666244854707677 0.058349071293494335
4312.5 0.07344443688471203 0.05990691058833129
4337.5 0.08863256411810272 0.06094827092353971
4362.5 0.11860906261900661 0.06160274876946644
4387.5 0.06644424370650137 0.06035222408589634
4412.5 0.02469458540288949 0.05910192339553697
4437.5 0.07512881146911377 0.06084742044694737
4462.5 0.027998708303931252 0.059391319795826215
4487.5 -0.05718125253277506 0.057340231432276303
4512.5 -0.09513507744748906 0.05626306215583731
4537.5 0.09391204545064369 0.06251308283133673
4562.5 0.0388739730354315 0.06042305758358633
4587.5 -0.024362523613305154 0.059349926019241314
4612.5 -0.11932129085771415 0.05604845353607815
4637.5 -0.17609633771884758 0.054292586567795745
4662.5 -0.007084542384367953 0.060189065231585244
4687.5 -0.013706670828545264 0.0605577259535372
4712.5 -0.04336058200023474 0.0599635381308522
4737.5 -0.0024445605937954973 0.061714635765335785
4762.5 -0.12352516447317452 0.05765470831043233
4787.5 -0.028799572006305896 0.06111985146572097
4812.5 -0.2266396110726847 0.054578409205827516
4837.5 -0.21001189588648383 0.055621599063291866
4862.5 -0.1946221202791808 0.05589529804143757
4887.5 -0.08080486179445878 0.06140856512726682
4912.5 -0.10799793364293397 0.06011242841631406
4937.5 -0.11590398837137506 0.05998113864951192
4962.5 -0.14823514753147382 0.059561009039978706
4987.5 -0.21494924760430956 0.05712206515773327
