-5.811465173448353 18.74529580953748
6.926798967594003 -4912.941136968964
-3128.1571836721155 3040.838671358001
-2640.520742061117 3097.315493086482
-3069.1445611536774 2992.253904086335
2196.009159914298 -2884.002642668008
907.0371874239897 -4318.883099883369
834.0676155079714 4190.5218277695385
-2871.193853510642 3029.2300690025927
-430.2565195299295 -5165.743637368463
-3099.7399452415057 3352.839601391309
11.245971090333839 -5193.835517907794
-3466.0397798723534 1480.7903031642802
1305.3411044787042 -828.5151906329157
-3484.806954762687 1334.9939548750003
-2803.587643140498 2773.6224258316192
-2192.629464224966 4244.307043147661
15.012338345906068 -5306.581641962985
-2694.155981897295 2883.4757640315092
-3090.05725375148 2809.523408359013
-2246.8098467129303 4198.614090008184
-2343.858307731074 3059.472779604289
-2472.058976418435 2803.8234436624866
2249.0600507337326 -2147.251298851046
-295.6083191571598 -5154.051234775487
-3360.852897932198 807.2519240833883
-3279.8578322790395 959.8653037230642
-3082.5888121897756 -3988.3025453464197
7592.025756702701 -289.68465588966774
-3235.444918082064 2967.919788208452
2266.258729659786 -2561.2992875471214
4944.2654186517875 -2940.759124460924
-3526.670977252413 1679.0549051204791
-2587.9224347181994 2583.166742885979
2208.8112815636214 -1952.869529947455
481.1161203604615 -4555.159635885138
-3316.296014469061 331.9779140865866
1434.7370968992518 -2328.2087522887728
327.21071456538766 2027.834193148876
-2158.652816556365 746.275845568676
36.57879095236372 -138.70155054438325
7658.015928385578 -395.6129508488514
6436.308974394576 3944.8376712346108
-2873.3200679556026 2637.534952522332
709.0672968039852 4345.034430489161
-2725.7882734538944 2516.072984169162
7826.439417479227 20.416772963189175
-3464.4425100928975 1685.8718257003238
-3320.692094364276 2031.9161180850112
5946.866722993001 -2534.2685551809886
-3248.7093032586704 431.13127338931605
2377.3077916688876 -2601.1255590973665
-2907.0759243898583 1878.4365416203295
1078.6912614138184 -4202.211673324858
1062.0712051373378 -4311.074186123747
-3021.865938147985 1676.2467852142076
2045.6752627400786 -1212.2774814492852
-2873.8990737721115 3515.202746742805
-3578.7465688051657 2379.818441379137
-1188.905811488759 3959.7406645361284
-2925.2974013111643 1564.4933054967003
-2994.5233755591235 1969.7810173076282
-3127.009184414158 1640.262251679866
1499.5519338401987 -1033.5552821449305
-3251.4661234211467 1626.62841135475
-3460.7209516166436 2282.6488329332033
2425.6072438981846 -2834.383857975492
-1377.5490499303737 354.74695110660275
7053.36841598313 727.8298311592004
-2043.3597420705353 1489.8414595349627
-3069.0248474483956 863.687327424064
1584.5019956662377 -3477.025262331475
4781.181066195498 -2909.6915815122347
-1614.314600501997 3910.080926039258
-1552.0858130369122 3916.8977872003024
-2091.108067101577 1554.9518222424442
-3400.6551555268734 2607.292157576585
1652.0866044280176 -3377.8714911583124
635.7859981143457 64.56397235681384
2188.452788627479 -2303.7485666270964
-3132.8019251308283 -57.73500729114754
2439.6941950393884 3978.0072029396188
-656.6553329201294 2121.9034006583606
-2400.06411125299 848.2789888674732
-2381.4297678045673 3477.401732061956
-2532.6522362163337 2292.5662288345616
-3063.1694652754836 -5074.945330156466
-1113.759897587375 -4512.73599013017
-2327.179375316761 2104.0521800676574
-3497.184853798162 2009.5236575080953
2000.7538907789701 -3052.1923596892807
-2652.782429026762 1643.2792912480425
-3684.5476381751373 -3350.829094875494
1534.0586750619957 -3280.701430079905
7238.474501426385 188.43840232506525
2386.4869942793434 -3331.0602887499917
-678.2220929012133 4590.641481585885
6312.494330683866 1279.7379323462553
-2250.4307237592766 1473.274148646488
-2471.4135224477773 861.8710454528383
-1229.5412805380272 -5442.923002117785
-2882.3396985639943 884.1381341971481
-496.21511343067215 -5414.5786681579875
1687.586621284615 3803.8692707079285
-2907.095508809662 2233.197568238994
-2474.671729322141 1515.9920369171484
-2168.453618628993 3418.158372477114
-2610.3932766240223 1485.8326662600564
2260.409122353945 -3195.0138408720945
1992.0977176552744 -2135.6428783649044
-2660.4102646788715 3997.333363571705
-2992.3989343853714 2361.476478431305
-1529.2710551869409 -1016.7078768959963
-2434.485658568154 2385.894128229042
-2035.8361524564511 1264.3509686620962
-3921.4322798870126 559.2849528976493
-2387.7903549584917 1947.555632666978
1811.4062588999222 -3296.193235357302
2657.3203705706123 -2393.067787438215
-1892.1766383641611 -4252.418977325945
6863.993648949439 838.5914686984169
1248.7226904059698 -3935.859623666819
4603.308010698463 2016.10956927756
3152.597502790494 -3981.1330540919757
1596.9108076548835 4194.571727376675
4873.680404654411 2057.960796401419
-3035.732761888332 371.88782016397073
1149.4889821386432 -4047.6556837025782
2344.1859966066913 -4237.9024301277095
4772.03248628795 -2534.5200414493156
2110.674546308335 -2400.960450017045
-3138.8398489496644 2146.644779862245
-3305.2398041540423 -3740.5017019126426
-2154.51643494563 3658.2320095532064
-1267.4469188954624 -1477.357004972162
-1243.0525514605104 -4432.091426815243
-3875.368890075486 1708.138944895191
1541.0679883058558 -3692.8083516195647
1557.1683801877189 -3770.561228513054
6097.615218007256 -2600.3289921702017
-2545.8019240552617 -1663.2735070459748
2690.0980543127575 -3071.4837052072635
2869.935151432087 3933.3891699884025
1380.64651915579 -3438.1908173927654
-3131.3169207950605 1921.1544247549089
-1324.3175475738144 -1391.8373994904514
3068.3616698202777 -3834.386076306291
-3216.436350856646 -788.6601530981288
1966.2517939472616 -805.0471162028624
2652.5411587099475 -3008.3148071276714
1184.9039007386793 -4147.759414726296
-1402.122714745334 -1134.2868202953605
384.0594339936525 -4984.784873044654
2435.643272827776 -707.7517736979187
-2889.4681608637384 3779.5687543082145
-1237.4695038826324 -605.5100975856523
-711.1303387584161 -1658.0210356669645
-512.1101591698256 -1602.5771743608757
-813.058076927771 -1638.6038077270948
7085.563892160307 572.3251207762271
-2282.718266507379 3402.582898305194
-2936.4959643688344 483.6832787338311
3095.4161979037476 361.5335379541822
-4312.2146472123595 -3156.5727340374888
2114.055308552103 4226.755763530851
-1297.2664896742579 3868.3547425779366
-1033.3225180048703 -4191.973413823011
-1474.5696312055916 -784.3997973730628
-409.83529932415587 -5524.391210770759
-2255.1992765341 503.26781213385476
6532.974602651639 1349.765033458876
-3489.0720033581256 906.3634005158876
-3672.5852749436353 1650.837252983893
-1024.061081174907 -5631.438483906583
-3099.580328340907 514.7508378298155
-1170.1462793300343 -3885.836912012953
1793.5474959602122 -1294.9472322892236
-975.8826612296708 2836.2164690853715
-2817.3493701473776 -304.5430769872374
-470.9554465919603 -5867.50515643689
-3406.648443386273 -3534.4689721272725
-2271.146709843819 -1547.552374612211
1440.211544710691 -3654.9237724075006
1263.3330551809295 -5282.986470329843
-1099.2482924941498 -4795.572028945891
387.79126768078004 -4742.767085006889
-1016.1854800414397 4449.637668993447
1205.2576760978263 -3796.8794730499785
965.6729986457797 599.2065409841817
2454.409546289342 -561.9552440354694
-1240.632337761439 -1370.436550539476
1414.114138734881 1223.2931694680967
-3248.6086730227025 -987.9171402563439
-1582.926797721282 -875.7863930420838
2375.0588500307094 -1219.0107104907079
-1957.4654126686703 483.8924100542181
1138.744696377423 -3877.5659508597037
-683.2169546436061 -1887.3957968039242
-2600.7259151118556 1297.27666396666
-1053.3986708058676 -1518.1331844602735
-2921.77530763429 -2637.251111236861
5027.401064222056 -2751.210648218736
618.7385709452523 -1649.9608264596268
4222.399353273781 2555.458570440824
-1812.6454586498248 848.4044120668393
4683.3047526706205 731.2125493354629
356.66051058186173 -4568.793730695661
333.6837321983611 -5497.988585851723
2260.7705725727924 -879.8243567608266
-1990.6631364692607 -443.35531970747843
-1723.7757016733424 4509.74775550754
-2125.1166979604513 -2938.3860842217105
1996.5927835340765 -4545.114741231105
-2592.6550402354105 903.6389812807145
2652.883442306643 -338.3643766731623
6127.360502864024 2528.6491651942565
2859.640020326573 -3346.510121579204
-1159.4015005480926 -4055.926739639028
-1490.300068432294 1963.2982039843498
-1335.3399511188236 -4246.467731892554
1583.7856340656517 -1180.3018629826097
-1276.2915948493999 -4649.816652200517
4936.793666340313 -3424.7931119599384
-2689.129727703816 -403.654662867002
-1010.2678176228701 4019.067330875901
-2769.6720820142277 694.632027483649
2695.8448802649464 -1018.7202886131269
2361.4234805362203 -5006.715134329861
2899.152483086662 -889.4074288257821
3195.675669069025 -5725.783150190466
2235.8967514589112 -5038.81662804541
2800.6261174024303 -3297.9251053507896
1071.294455535772 -5395.77464905788
3326.4654083843207 3809.077275088991
4173.181158338146 -67.83787445697789
5145.42838820142 -2848.380581287974
1298.5840077455186 -3609.272304118484
-1626.8862220459284 -1278.1837675005913
-1508.6171036925628 -4213.458436873414
-1995.8848287651685 -2309.504410066515
-1840.1711092744144 4102.4780428253625
2169.60852958966 -1385.2582628946643
1495.741420733436 -211.28609855171715
-1756.6151366417055 -2448.442472400461
-2577.252325432901 3832.1203060862563
299.3039263815511 -5024.653272139976
-96.10616017008363 -4557.22746990578
1693.0536561436738 -5514.219690535441
1761.4842616362973 -2913.2543309995654
825.0396259002177 2082.369321644455
-1978.5812392489765 4203.530892716567
3938.587964127908 3169.667715496464
-969.9555151917059 -4876.216615266791
-2709.0844447809736 1205.8903304164942
652.2509545715247 -4625.103682725482
-2054.9555308534505 -1551.393910372177
1436.7282177947354 -162.70121170975412
2582.652727883205 -1015.8286314652615
-1060.1350600137387 -4298.894257091956
3449.611626887877 -1703.7844763767087
930.0218310278676 -3389.6897389926585
2102.7113217803817 -3426.3725672143
2751.3811668638277 3843.945092027654
1771.5935367090472 -1850.908155325811
3151.3295527396867 -1516.2617082687477
4848.3020751574795 -3706.678468809878
-2812.773150276692 4213.072819046144
-964.1154420356767 -4242.500236792215
880.6201537836632 -2820.135563793494
5367.399119461396 -1154.222395776522
-2053.675978049017 3975.107764112348
1625.1051853194447 -1356.2161788507372
2874.610802880608 -2733.204597399741
-3816.8595055285473 1118.1783842567909
-1985.0415110257372 4802.247505789318
-3049.0915608584146 -391.09626464415385
4871.192074373423 -1358.4379801107061
2243.8183345611114 -3658.6392562542683
4146.981577812608 -1407.19031966002
1858.698202588809 -4257.445705867214
1559.4417649955972 -5152.680755129524
-1992.5193418491324 3963.457434804821
-554.8095470067998 3876.288278859506
878.7937164738162 167.64252558304304
-1425.0895083629116 -2418.240901262897
-1496.800754272238 -4365.080959463979
-549.9128124572479 2362.969081701114
-1759.3651000996347 -1607.7038758315828
-1756.7267098322714 -1029.391901758696
-2756.63581034763 -1567.0953421828485
-2744.0812461657074 3621.172522807515
5820.215948811145 -1875.3127811824968
840.7600783389795 -665.326789452029
2030.3814402475152 3850.595483712811
2306.141605992552 -4716.11237374556
2750.6763539954304 -2560.2235959277286
-1388.8360393384783 692.9830032241454
-1052.5562707537704 2047.9509915048957
-2579.126711824856 -816.7104262911635
-891.6611327984867 -4592.388675361374
-3074.6359962990473 -2962.888469004692
-1809.200754893333 -2289.053406039716
2121.5050510579536 -3635.338592337929
1144.855727244774 490.3864925919598
-1831.9138530894104 161.23184278248252
-934.2438225158572 -2306.361158119559
-2276.6331788654825 133.9222154566542
-1935.1076494390513 3709.7918498157633
1790.0109605016603 -4020.303534213466
1285.3782447259307 -5791.314911823512
-3959.0112631538127 977.2153523725326
7570.002630613613 218.6394538665394
-671.0439939845609 -5941.4169274159985
3396.152763295145 -4046.201727094362
-2143.9979622622545 -1665.1313979865156
2854.0947405704505 -955.5096839068209
1121.8239556756073 -84.0405357183464
2190.778665511736 3950.739866059338
2811.1803363559975 -984.6773692752731
5931.8131748230835 -2083.286397414363
-2864.265711239733 4036.1677888762565
2762.359780984931 -938.0341820477761
1932.8781740947982 -5821.306357251177
3369.689646030414 -1837.930849126503
3590.220149474095 -2477.4278893332967
-2311.971506305652 -830.2606049333945
6289.631745719982 -2132.779354185968
363.8192464624439 -182.36939380202165
4940.47441495029 -2473.2510209649604
1018.2773111964124 85.05659708957032
-2209.1895142552585 -4565.456786248368
1585.6357796669479 -4168.084473570849
3002.441194474272 3908.146766663299
-1585.84087171266 -4478.818887191832
-2289.4164950174327 -1151.9717804202912
2563.170801395612 -5437.248162159871
7474.020605425881 -547.2761808250605
1015.2689885239017 -2808.4432767400203
1284.1698210565396 -4390.726823843545
805.8004491068241 -5886.66978653023
3434.230192457794 -3922.7554063567245
-659.9537758026411 3840.303933554318
4833.244486197668 -3255.695517430465
1714.2278375668702 -2306.765956070989
1471.3727993040634 -4183.6602672214285
6689.099613124149 1021.2802636352658
-769.698184674504 -358.53461267920574
2807.4418094630378 -1226.693872446814
3076.2955561741064 -2454.2110713480492
1712.7538259532912 -3930.900306196086
-2455.268655336501 74.59507287288184
1212.9577979230617 -5796.190264962001
2024.6131365426388 -5838.781851819162
-695.8561715054963 -4592.34663564679
5710.762227354635 -1630.4046285881748
3539.428944052867 4104.59354613257
-2732.092939517688 276.70158066671377
4610.542102661717 -2298.3703398287885
-1682.5724733879024 -2593.247667058868
5661.443197024574 -2125.1381304925508
972.4152432704394 -3547.1371891898584
-3301.1662643796317 -1183.290734124964
1438.7875059293383 -5633.824971310126
103.49667507881105 2257.1660718181633
1368.958613577413 -4705.622094738982
3026.9253365212985 -2239.4202332027376
3565.2297740188646 2774.006570386989
1516.0619135790935 849.1148098672627
1289.558759248161 -4653.153555452414
4807.32093032732 -860.8131815362602
1722.305861752417 -2700.405026804577
1224.1934372400822 1502.2017386184314
6701.9813015499985 888.1262622975
4380.891905120965 -1638.4645839220425
-682.3805098859119 -5248.4140989318485
1456.9613876297096 -4965.115311735583
-1311.7739037912202 -3840.1854146470696
-76.30590010420933 4307.9335956960485
-3021.1260345720452 -1329.9955809657238
-2328.096262239717 -397.74576699286206
1024.707806951216 195.8602166058268
6617.750223485937 1034.8723259527512
-470.4362877171283 891.4566850250384
3496.5132786560116 4075.426112334368
-1491.8576717989085 -5523.651799237892
3702.4562278773274 -3917.8381057409465
2944.426183610721 -3661.4048818545148
-1460.2083506741778 -5511.0095566595155
2354.867531128759 -3698.465551036869
-996.884994166642 4782.046768983779
1893.0419465700088 -4376.016814752118
-2112.8411806914305 -2193.867035955545
-749.1810718822567 -2136.2297771109397
2823.0176211402254 -1491.0611938154345
424.2122164671278 4231.256377840755
418.73118274427566 -2788.160071455789
6099.732352497763 -2208.63215757944
1649.1804361898917 -408.55916201873396
-548.9195253210493 4155.237771320252
4974.505237410191 2729.5967605499595
-1319.8242042717386 4544.823672671519
-414.2690637992148 4166.929746144353
937.1642921776264 -5220.851361322397
-2153.7958366327352 297.2360879776164
-460.90371668124453 -4450.390680373404
110.41050693873751 -4372.511615743608
-3734.199684131416 411.58853522208074
3570.8792976821564 -2100.314706672968
3693.0490521984266 4.955828640883274
-1362.010667017539 -5772.44491349128
-662.4586134256009 423.9080978021582
-3253.6190872954494 -4982.650347410621
489.78848587555666 -5471.712211201162
-371.78431330466975 1880.92112508146
4623.019717451048 -4037.1909621046907
4451.718100214518 -1838.671336456175
4920.324923440006 2683.9038091462266
5651.773567800726 -1936.581707020983
1388.0871684866333 -2599.393523904472
-2430.95993285783 -2170.608296011607
2662.027648577371 -713.5351029919982
1915.1177303359666 -5239.108411614804
3479.899610987104 3611.8051363639042
1185.004153717713 -5212.050509388622
780.2566582622535 -2240.8731670156526
2555.478733297095 -3437.938944856923
1131.1249797441048 -2587.7851296014005
6036.981256945198 -2402.063874755157
4874.193121509305 2599.3347451743625
1721.5566632320033 305.839253761162
441.1753469263088 -1690.820801021882
-1687.1450770849892 -5337.078040531027
-482.18097809668956 -21.206416109158347
726.6571613313783 -2809.4770664902103
-3138.517026735249 -2465.2617449754775
3594.164568824375 3627.380528474633
2035.807221531104 -5112.728234514503
434.392319164585 4584.074348944728
-1334.611320404142 29.15287104659169
-2373.5962243583203 -1714.7501267523298
2680.8673336049087 -1632.024520074665
3309.8702621318885 -5000.679689556796
-27.220902118136987 -705.3623023735502
4625.543810382796 -2039.8280462621306
-567.3324008162714 -2021.5004290381385
-1727.3628382553575 1074.8867691577373
427.47149142049744 3222.3779274126086
2707.4936393706166 -5614.113138323868
6690.270604785921 -734.0576493366526
511.53752727397864 -2787.168233636123
6410.116892085419 1541.2123431319183
336.7662166011863 4322.600576739481
2937.9388132324398 -3062.683021647538
2509.5466183156723 -5651.090021050909
-165.10958065791615 -417.69438217839803
3144.6106509948518 -4651.783323807984
2100.1110852219786 -4359.4491407278165
3258.2594983659687 -3758.532954184198
827.6478900674674 3724.9588832078894
3226.695312778089 3510.669078048163
949.2765457170892 -2702.5145293650467
-2121.1800878136305 2102.1522139486083
3413.179212045819 -2331.672987249431
85.87905716257166 710.7929056089109
2476.7913911448973 -5327.435710460831
-1072.7393341616914 -1141.0200199185313
1493.621407289256 -602.9824373360883
-1922.476653758412 -1221.8738043835344
2115.2071515146317 -5165.196784755177
-3476.165347199391 418.44732244601244
-1960.2763414522667 2743.6717939984665
470.01101783698766 226.84416029100942
1605.2181113229728 -810.955982508228
7903.129295161741 453.92174091992257
-903.7483398001561 -1247.8985477829938
-1905.82783293231 -1467.7741014002024
-355.03336490657495 -138.78521784352708
-340.0738387357635 829.2797735902286
-2362.213151353771 -3117.2764702441714
-237.13439346504347 1892.613202325905
4399.950231235627 2951.0781346678555
-2699.2704473558138 -1111.2374936629412
-1514.0294666416562 4749.86266332778
-2959.1354175178644 -4702.663628532516
2768.6502793558375 -5625.763466019471
-535.9851741580526 -4678.816369085851
-2793.6975498481165 -962.549068789109
-2086.9438993803305 -3879.2299215111348
2132.9671707827865 -5747.394647821763
-3932.7421874073684 1252.282643220126
-2996.6212989269616 -5349.022890820704
1060.5143454968584 -4870.92076173902
1572.5468418862667 -1551.5896412869433
1523.2033756083747 -1691.5612228351674
726.6002418833378 -2099.951553839929
-1402.4250527926015 4187.130408524199
3524.4375871330117 -4854.840344561491
2898.1830666952674 -2326.923473995583
1115.114077931567 -3574.3213024068395
3357.0041692412897 -4188.115429092602
607.0370271089214 -2917.3895124442824
-1862.8576310847875 -2148.13170379165
-1137.1105993596746 -1184.771613029778
-4246.2213270927705 -3262.50165325153
3316.202171357488 -3825.5853372994693
2128.195819581906 209.70308464467956
-1093.7703307704926 450.0586312776938
1601.345533949025 1075.596975131828
-1967.1512072244336 -5545.1370024607495
-712.4335396056223 1871.1290212007311
1585.2475122416106 1153.3493975572246
-1296.0509460690998 1048.7362057517503
1103.2688603786996 -3067.9359461651484
69.92288007984362 -1340.0256558770322
-879.3597371648187 -4202.631879603528
1492.8517226536248 3822.294824898611
1090.0017572224274 3096.165959199945
-64.40251668715216 2027.750731434092
-2845.7059376995508 -1326.0702297384116
4737.664304087817 -2061.1869865077206
811.9638734511814 -2937.756619557172
631.870817546035 3015.3969416915133
2410.279199640256 -5408.122340267145
4507.399055750142 -168.84923983898045
2415.234479831102 -349.1065804335501
4231.409093421931 -4037.274964863713
1316.7096593663591 -2231.0387828133757
4780.857573704912 2411.729385404685
-3049.996063867326 -2538.1393034892576
4823.967152100143 -1106.7129608662212
4632.254467174929 2514.7240254966646
-2697.9929597055966 4770.021703330082
1030.04147328645 -5929.387674145555
4330.451482186687 -1442.1413182375427
1168.4562901519223 -6030.441431586657
4859.881013537777 -665.4400721033458
3354.5228359698604 386.8594858651883
2532.6494671191126 786.1550049458531
-514.8788408505967 -407.0776791072865
1775.549262364269 4253.898286352733
-2090.0752631705973 2282.9411173672183
1120.9910311714518 -3295.3692816818907
5220.390402598093 -846.1457039069504
2917.2228820498703 -5373.994949410398
396.667557468295 -1925.070772829306
235.6479791390544 -792.7816811603155
-1206.9847279977362 807.7118462510222
-2100.282295103286 -4642.217929005159
4425.354189612641 -694.6913621215992
2842.694917777008 -5770.569019141684
3984.2055680945314 2712.8631077839095
-3906.64620023113 -3271.176428932736
4458.40572434243 3425.3996707370106
1237.1374027987997 304.76389852763026
5289.952475828222 2482.7896910139925
4868.817726896388 2861.758848053664
-318.6949662621719 2262.90779276142
-769.866228945168 -4802.304986059237
3519.9982870779613 -3154.893829126678
671.0259407011332 3157.3093871470583
688.1799844228926 3452.7845277656015
-1203.2225896082832 694.9665323265405
2837.239567528316 3192.76024942495
-610.352248949551 -631.6187001973079
407.2112612683354 -5829.410027106703
5919.885889326654 -157.8563834584117
939.7683952848718 3703.599934515491
1768.2334069160174 222.2615858720666
1897.407403058016 2270.1835018336274
6100.029154103681 1880.3555938964612
4476.4693648486855 -2832.9726129765727
-853.6164648701214 3877.1966520759456
289.75634169654063 317.19697645020193
-1893.7663233207895 -4457.501964754522
5656.923916116323 1703.3670851898855
-2370.8450304761554 -2555.4889489233137
2629.0321842539543 -4124.12264083087
2962.5016820090195 -1573.6472071469093
-2015.1387860500326 -2996.6797522522947
-1841.9507136300417 -1965.4000869850877
1466.5685488230545 -4444.14519739911
5456.268522537441 2152.3635159519476
2972.0524421800146 11.605578338895613
2295.9363745654964 3631.964350724889
948.7852081495022 -3243.8926510595493
830.670923553002 -2082.4341324554684
1430.9459262583227 -1860.70057191103
6483.627409701303 1209.794202902081
-1044.4026722705219 235.268278298712
-1423.3667648415976 4713.919997958257
-1225.4020532893219 4396.136217801509
-969.8148284112515 -77.6837098762731
-1502.674833111616 -4644.033524918317
4709.069386369106 464.904280640693
2892.0699216393023 -5985.360761987823
3783.008965670173 3330.005568680674
530.8227385795213 -2454.756168055436
5410.24733231966 -60.77025437767182
-1479.1053372116533 3398.8662408824944
884.3555730066819 -2578.1184581078896
5817.84782173428 1990.1254616598947
3450.407082764103 3281.3376248289765
2656.565091874205 -5959.168579356091
1278.688740069609 -3064.010537996111
4572.887172488111 -816.1535682964591
3123.166176197981 3325.0055877767118
-1571.581443364809 -1923.5482307927946
3894.0073184045345 -4346.428740212819
-561.1592726909843 1991.6827866587078
1389.07691388848 -1516.638636651629
1512.8891891249268 84.19026157618126
-2235.6754896700527 -2357.181485537964
725.9483757012769 -512.7551008226782
-2834.8458130639497 -2915.211314011414
1768.1010014765193 2705.5879754165667
1635.872917539423 -1881.0677057879486
3297.128014107495 285.76457335354576
1213.5149889222844 608.0069734847305
6518.476895821194 1632.5983591410493
-617.9474141252582 658.1574117391749
-1328.3064210411308 2268.5243000429878
1136.4006840925263 -1431.1609602265125
3666.301622459295 -1166.249335479997
-2739.492266665371 -1271.6181796016801
-768.6954646899665 724.2177787083998
-793.4673883493704 2428.0376407789186
3291.964797520068 -2644.667537134305
154.42658440387314 2956.978534932148
470.60529000435923 -650.8266465642566
255.12590901680687 -2943.7076673084716
540.3351258147075 -514.7386679431356
726.6282901838503 -2454.71423151513
722.7578947501414 -922.9189587522906
3551.7918195185453 3430.0667495118983
-2092.4261150952125 -2552.513434104283
1512.8673744095265 438.95173799965596
-2584.3725141197006 -2328.0975826184367
607.9459525550815 -770.3472239806389
4317.5436074120935 -954.22500758352
-1470.9547924815472 -5340.919414328755
-1688.8491135761751 3158.7508562414596
4446.990566373159 -3163.442774375622
5346.5137947701605 -1691.7153934057158
-3934.946218784768 -4647.471644473405
608.4695783245089 -583.7325908487223
-359.29593295033226 -567.4162800460824
3410.1652164968114 3475.7180570461264
4660.335282419695 -907.498173321501
3472.2203371939354 -2735.020506420811
138.1694252894051 -2828.0702724632106
3782.8969256581986 -3597.0761681291824
676.654301144993 -1362.250751407402
182.25987338408393 4501.405507117326
497.47062100003853 -1253.430520643771
4456.661970715532 -3351.999546397048
-285.5354229174058 4609.191897308073
6886.505488221292 1226.4030743413532
-2575.66609257068 4391.961192816358
3216.224362554711 -1285.8954726206243
169.13327832955608 -873.4678279708467
4694.699994367889 -1380.8305658077447
5481.711273054966 -1848.1705514699706
6064.09048158136 1793.8447416721428
-25.465341455474434 -2628.854912786744
1388.2504148696003 3618.1641355630777
-1617.5157818771283 3499.9191566930017
-432.8128408515084 -235.99686309027777
-3422.812770461039 -2747.1892800368664
3141.71129533309 -2037.2296901825168
-882.8400994902432 -1065.1671816705239
1275.9112944684014 -1868.5093659616318
4429.241985918711 -2581.247122032495
-3647.322253380456 843.1528756591695
1174.4799822544667 -1307.7149940399368
-4004.2890330200958 -3177.8897125701874
-1195.7414579781994 1178.9987585740887
-1603.0186892105742 3217.085917621782
-1267.3320484364565 -2896.408217583313
3661.754644855643 3726.5332276880617
1224.9746947203414 -2213.56328080472
1305.0929870457492 3783.3771106581366
3901.506253038766 -4217.1572236758575
-1422.4255558478717 -2194.6911216790513
5643.675639340749 -1188.181613841728
-1410.3150628375502 1033.1606343916933
5432.342487129481 -1633.380005289765
141.24654563694443 -998.8554768162671
2899.5672942804727 -5856.088945882368
709.7818532203972 629.2823472125064
6626.8535833940405 1369.2239496638836
-2572.291651739656 -5317.829091911697
-1597.4800644758704 116.57222335876801
-291.4127920031464 3975.482715826299
5509.026229391373 -1199.873784427457
1608.364369288476 308.73093992082704
7196.067187789056 700.6457084352576
246.67430547359058 3480.8770145042677
-2045.5167105578669 -5119.436731073509
5600.567742275646 2330.2602861858463
5987.380783395689 1715.1007718391338
4548.00991202119 3016.22993270578
3624.5902677043764 -2950.761333536951
-183.5810182871692 3880.2550298628926
861.7446147975139 -1546.8819490829226
4604.196570407975 -3473.4620468450057
1343.875447827894 -6026.515879901131
4583.127529373327 -1527.6189535892674
-3589.333428564084 66.57709304402101
3418.744312226556 -4722.677171187111
1971.3564888447481 4253.9398860285355
5701.617195867301 -1255.233783124352
1185.7970968039447 -2000.7141278742254
6823.204842216992 1201.1189839240108
-1642.6651854713516 2179.0381130874543
-1239.2419842529318 2027.5002888165222
6373.865582219149 -2279.525936596472
-3401.0288908610187 -62.65209713967594
-867.9328263751495 612.422422478643
-863.6457547948531 686.2914873479925
3932.863472627921 -302.12892297785777
4381.7554340818715 1927.6152904570836
332.24310918402904 -1259.2975696939714
1124.6404536372568 -1989.0637929543698
-1871.1322863314904 -5488.742856626046
-1042.1868053368778 -792.0829453643477
-3475.718034184758 -4902.997601467565
2377.593735176661 -5793.995963551604
3724.5014034322144 4274.723016237721
1283.7925948132413 575.9476566942033
-1449.699915577145 -3197.753039312777
572.2662373194511 -4049.723441789854
-1214.0232739536452 1929.3389409395572
-1424.3291823408683 2212.130877171812
7674.1574173983945 -1182.8881145368834
237.69886678332063 663.1998059146385
-764.1514830411693 -2749.535390614027
-208.77900633511044 -4367.720352055943
200.5425443401674 3396.3079284939113
21.99173647769182 1563.1781345913762
5314.130233029921 1656.6406869538262
133.42532222167634 -3798.081336012229
-1327.7219219459978 1390.8554003433812
-400.2547147298375 2633.202221812745
-596.9923429812512 131.36520722302478
1090.2461061669146 -1160.968378760264
-1530.7522206692481 -2640.8408592493042
4868.525148066635 -1581.9871704427726
-90.49555295366596 -1085.4086938100681
2668.2446385998496 -4691.735750104809
-1844.4124377580192 2964.328410956244
-2385.2925050532563 -2982.1797852909276
4518.207932290883 -1403.2231556018035
-2113.1679353781424 2772.797622446068
1191.7039218903803 -2076.5251317418833
-1096.8068103663531 -2088.678531039532
-15.563647744533919 1626.3467448072363
-2590.2192578493223 -2961.8126759451034
3462.470754551303 -1482.1768874126574
2805.0685279514933 -4997.872246624968
4319.899814840729 -3755.3894348568656
1927.0091396415069 472.08638677228663
-823.6861197843424 -2887.5655548392256
-4057.4583260633385 -2495.58921270324
-1041.196740388823 -5926.917154908243
182.82992352745612 3623.7394184339882
3599.009933811159 3178.343035417134
223.12114530658016 2365.0776806456124
915.8973599822518 -1146.426395583369
-3982.312623940591 -2976.690408185469
5111.033533920143 -2020.285158692435
4043.9822207229076 -1406.2403894832644
-1631.343494199878 -5441.065434215322
123.43838987090878 -5924.722827730958
1465.5038896348638 3528.7616074305124
-1801.9883631391806 2097.3605381735974
-981.184094729331 -5247.506341550692
3910.859326350153 -148.5656383381075
533.1440978170345 3444.975979412124
-2702.3082495374397 -3295.2170466244143
3992.948346910572 -332.24652473597325
1136.1046639456697 3890.2551213200936
1754.2574367685522 691.709952103662
-3527.823369291058 -4202.228336843469
-1098.7564542345056 3382.424137209254
917.8648315672558 1728.6002543643835
1703.8192440610496 888.0328012981203
3480.3887221697637 -4192.948726304417
2866.3415656838515 498.52942958082343
1123.4909222436536 -943.2442526543958
-107.25832908920341 934.2999411697946
5105.410461814128 2499.273522426323
587.6654078830218 -2185.513111626224
1075.7928660350265 -1587.6581225652103
-2951.397515568317 -1193.9073597378695
990.4615564634245 -1104.6165535123923
7230.445335089948 -127.44641741533744
-710.3672631654099 -4309.510693622918
5586.932016127911 -2876.4726416909643
209.64844262395462 3730.65911092125
-2127.103724524689 2532.7237125082042
467.4153097845237 -1060.9906011960686
-714.3979003402983 -1003.8982173624952
-947.910257810667 -5384.545075916014
614.4797287498818 -2078.5926055776836
-232.86484998341354 2321.242912365084
3326.885819213817 -3286.1488733172882
677.2298952822853 -1885.1606821083267
5043.267491775192 718.6539597481461
356.107068905195 3590.7301374532467
-1627.0937585315482 1914.6716385092013
531.2384211984275 -849.0916373994959
417.95341911993967 572.8470138088552
816.6873789205705 -1612.984303634821
-757.9332958702533 199.3673224708647
140.58371012232783 943.1003663293744
-832.5633945516998 1221.8419963036988
4012.437298317859 -2837.9317603780023
1020.7816449250896 3501.452552633339
81.57072653460426 991.6852106497472
1177.4811329936072 2295.30079561704
-482.28741338118596 1752.600456073074
-827.7297854607011 1127.5640057188716
-3885.1566651778767 -3611.3560619615437
-3405.1805734030736 -1910.3335156125092
-1155.2706196734614 -2208.24124826181
7742.188894237086 521.9237619515878
26.208841719814846 3056.0897504670106
-1705.03921227545 -3335.8252941025094
-3733.2738788177453 2913.384639399028
-4.258770941089829 933.3499715927287
3834.297420507896 -2355.881639457886
4995.124940805795 -1531.4186715484675
-1292.9472207926858 3232.7030891987365
1729.4438188871368 3459.8096259747795
904.4954968007936 965.6181697844012
3633.7700031821746 -3680.6961404325234
-334.05055049176485 -1020.3400458738165
4075.1602917113014 -2289.737360760093
2213.4786080458725 436.18540928687656
5465.690246839506 -2834.7046682013342
-174.39702011864134 2440.8048561616597
9.864315654872984 -1664.6703984281737
3528.1705785074905 -4612.8227896336575
13.713409545191478 -2841.7042881342645
3158.28261176546 -1218.8432614229662
1221.9641332586273 3239.0700634358636
5262.9623647832805 -3486.928188082155
1391.453427737002 4028.325555267275
-4230.087490817586 -3695.018207726585
-3479.554431717375 -4080.723509339107
4275.364095399365 -3634.8767651979683
-511.09098084217106 -874.5852256065406
-3332.5367467778788 -4388.80195598153
6238.983889816001 1611.1560602945478
-3270.8270979166327 -4568.60058903202
-986.3075751988771 -1960.35712100883
3275.893124479118 -2921.6774533132475
-1042.416168254295 3110.291208315345
3938.2915445429253 -1274.0777024003187
-4050.018180972775 -1656.791881279956
-2494.135630725381 -3614.9455077496145
349.1613530088134 2938.5530149437163
2344.3876324309626 205.8614342196476
4462.078011450943 -3969.1887253907075
220.2326213951421 -2656.988917709566
-820.0889540955164 -871.7354481213189
5189.690333869822 1288.2463490323937
5156.902966663652 2676.178545274652
-916.4924199662829 -2888.5573977703198
-3469.3991782381077 4263.474205640888
5374.4511264615685 -2275.8519767171024
-538.0650450669348 1501.8259645414798
3494.552596483732 136.12657801098234
1938.8421774395465 -34.29662745542307
-1401.6501509912978 -238.1478078476023
6671.352402637265 1958.2328050375422
1169.9950370428774 1811.2695288977438
-192.9718075857875 -897.8440284412476
-175.4126957282698 1358.0549731796132
5635.230967406455 -3109.7308174031573
2009.0564725007619 997.9280660091198
-1592.2645123836373 2692.237023843001
7160.188389451321 -450.1482825697228
2089.065728902535 -286.97145800647957
880.8742511245239 1268.861018832031
-447.6248219781367 -2977.8766503640563
-567.5714850038258 1526.1183762539574
-2718.44014439568 -2862.7008430937817
-2799.74564644337 -5330.5134046392395
-230.22653270929825 3254.3121580665443
2731.1880287180047 -54.53839202954788
5079.835054822116 -782.0270475054826
-1246.271631575381 3149.125649250889
-1594.4772005908994 -3917.030511513752
1583.0311190868797 2535.4579747149696
3191.841703282642 -4903.509521727413
-1215.2222845003896 4748.954248577543
-149.92139810233667 -2642.488920152588
646.9296405516048 2209.6564470772023
-3286.541671422337 -2885.177555768695
-482.3936640181633 -4110.210950233751
-391.0586045349253 1193.7496856655598
3408.584477637448 -5075.499040238796
2062.1640973629183 1025.153941496232
-260.8048526156306 3260.1373249267317
4063.075108943078 2473.7812297625624
52.58991690207847 1202.5918682096474
272.2391840014916 -2293.4673895947985
7213.1852253104935 1705.6421277691986
200.42739024451242 -3176.016307435903
7262.11608369974 -469.56550616304753
498.92824954659426 1080.2215756801686
-143.3238144263642 3331.1143818010905
503.1959005637202 1508.8516551210696
516.6240428514569 1207.5505926408775
-274.8983361517657 -2842.73808657663
-314.68364665994267 -1752.2155435086115
2385.1172109927556 907.6170788414121
3640.1687571239713 -3215.1291606429013
1533.7190226182888 1685.9658201161214
-364.24194424792427 1300.6697404465274
-4119.038154804075 -3734.844554397295
6848.170679036018 -3340.7956048659507
-1018.8777190377003 -3765.282058769255
-342.62308749428627 -1168.078486186248
-2766.7410701606004 -2629.442258883309
331.5564810116185 1037.4201334128695
-284.62731017701583 -1944.6556599838982
3865.9208423167875 -1988.4771481253517
3362.138073313334 -1257.677707751025
6211.094066777866 1485.7690326357797
-286.5508742503658 3171.6847562999055
-274.80522639992375 -3907.0278322226095
-1436.684091177581 2531.8989145341875
5167.110777755451 2319.4766937525346
4921.060551811663 -1031.8520627173343
6915.234249886134 -3428.2569409293574
5377.568896517649 -801.4024516099307
-3564.6110177202786 -572.9613909277034
3838.4603072951336 -508.2023713592353
1439.7881025456852 2730.788693264828
63.52047632301588 -1805.5919634881984
5417.09786475416 2365.211311508665
-1944.8292830049766 -3383.502480584977
-717.8636100416758 3197.8354764790074
4351.116891732892 3352.4810259354695
-754.7829071687705 1319.053446404816
-1131.0055824663907 4956.968203651035
3864.2509266595143 -1129.2729105733574
1152.7444510935704 3644.3565727670107
-2490.3780766862137 4618.442499479442
2261.1670482415147 1435.3583860379051
-3773.007155401778 3649.1398029919164
-302.783313517133 -2968.126071343949
-986.0011308919541 1419.1148096359063
3323.965646113083 37.92332169552714
2218.2336469262805 1760.9516285153
-2851.401893653863 -3733.60065587436
962.8719108079764 2858.9840729636508
6581.890604723151 -470.6826118594835
53.355360054125505 -2158.4128442378874
1808.3281287357506 2865.9676391950816
5558.196232622799 2132.946280504915
1558.311021966985 3529.753289201261
-111.65759540869006 2988.99611006345
-169.86862378094474 -1387.702584731201
5104.530444646509 -1066.8030623706998
7090.161320465834 -3965.709245571933
132.78323106177004 -2565.6440606156757
4617.968345607351 -1104.8130792053275
-655.634886788229 3204.6523482548055
310.46780705026737 -3943.836547651614
3677.175519509949 -3110.1503173192864
973.5928224449013 3043.6561072941013
3911.5011564975584 -1735.7600691911978
-110.65600352931187 4781.263178835927
6059.7861946097555 2074.7362240928323
7706.901994072028 -1506.5403266396206
1131.7900156806593 4525.90588009336
2241.346511428764 916.3339518310391
1899.6256572461705 888.0745670069293
2731.7130181569596 132.07597334465052
3206.867068726517 2991.646157386855
-134.73136250831192 3124.09171763956
-1966.253828616046 -3752.8498733645715
-2481.3126018307858 -3038.5737094565466
-606.4238479339464 -2872.939690145936
1477.3771277929757 1958.0990694522186
6950.47079415681 -1045.0258561704434
3151.173175485858 967.0692628138477
2320.744958543407 863.8656771489253
-892.1421716068338 1793.3348738917832
2726.8381267945906 935.8764482940184
-2531.0032281151384 -5138.980158648691
7225.198469026349 -1993.59030729207
4729.86454907191 3130.9580918082333
-4044.0817395356894 -2087.3658313659043
4006.8602885198034 262.589231984995
-636.9084098534953 -3931.4043894630895
408.07876847295194 -3682.3598466715707
-1752.7247414628114 -3980.2415487001185
5808.199150342841 1823.9206226229533
4020.8148772422223 147.90226259124498
386.0706668834982 -3528.795795307098
-467.3967045680025 -3851.66772823583
-1278.0139785679216 -3435.845030137934
-218.1133157330639 -1863.9693781261865
-291.5488495310876 -2596.8374613837077
-421.3909036905233 -2348.0452938726876
4090.7375061747516 -2554.104940730395
-2150.1039337298585 -5323.5701201945785
-4206.972982099503 -4184.878893011414
2961.1540017302304 3374.540344330934
-608.4725109858631 -3974.1643042049186
-1636.414547133512 -2863.4408899234913
96.45576926539457 3733.5508684671267
1965.031364250013 1659.8151543456195
-1242.4652099099605 -4955.003594137499
4072.7561472924895 1930.4653511711058
3195.6411297549125 -5371.019255098271
2019.211110307578 1705.5082269802224
3555.162803841897 292.623270718309
-2020.4636795569804 -3443.7798820542353
-261.3329722901501 3073.5235650519176
3843.341668548128 -1312.0040719575636
2992.376422871814 1072.0057860928396
60.362416210506794 -2570.5193394903326
-332.31994520463905 -2589.070570283621
1034.237767233497 2490.6315810234296
-1993.09907176651 -3505.007155038783
-616.6462284630452 -2516.2349918792884
-3445.485881330716 -1006.4263494270613
-3960.2384060173135 -3839.7816710346005
1600.1842825990254 2830.9332861083662
-274.7253608901932 2665.303203073866
3293.4320506611252 -665.7746518396087
5246.508732237338 2267.008508675646
3260.162937348756 -528.7368257779933
3427.449942838978 933.1099858420565
174.16499163701738 -3451.0849037684256
1711.8109158455952 1913.4394457838014
5309.281359436968 2105.6788398034096
4312.891755412314 -3343.2827822421336
5653.781529834967 228.92232890002788
5160.543178089626 -4008.889011998237
-2730.0569350103638 -4839.660283721998
2929.5179168436607 3007.1382997313644
-2644.2995713479086 -4071.796665821021
4596.443830916592 -55.11220937959604
2021.8647451020731 2283.8172573074303
4341.386967404356 -4095.568602501777
1796.0420612498604 1766.6933567261954
7062.022594132327 -543.4763062000102
-3429.961858156102 -561.2691763891414
3992.659743166014 -3711.7216982484065
-898.7068788018397 -3825.5174766371056
-531.1611734615748 2863.52569495283
4437.377091483214 -3684.4116483884736
1302.4496801709265 2850.308838967942
-4001.878894290201 238.5241659645256
-3622.3830310954013 -2634.485387498209
-2685.1260435234058 4991.627776222895
3656.9112592922525 -4525.31923818032
1660.79705939013 2987.429484479113
-2214.6778870696326 -3238.739130122881
1898.5149705456631 1579.1293377119623
-2465.6327516754777 -4367.232835787575
-4032.457210536569 244.34933347396787
3974.0983397948607 941.0021026194895
6447.585586458437 3606.6036833628496
5000.414173415895 -374.79721245451157
-3189.4188626386026 -3165.079584600005
1780.9987978063216 2217.6735879402204
6774.966617623648 370.093832877811
2667.806041310867 1339.2222386151207
-4276.8630591286865 -2547.1497858260727
5692.934848208395 370.8351058589836
4161.855919835372 979.9200335018515
-1794.94504272272 -5596.613719370624
63.02655946750498 -2346.9695939930475
-3952.4590408280055 -685.7907256486037
4144.122792160192 1562.1127191861103
2093.1819949055766 2979.745916562672
-422.4331411302328 -2721.2755218721363
3651.0758205075954 2477.5813583425734
7369.4240816972815 -751.40775235982
5608.911278971618 -2675.2738901258813
-3661.9746237465993 3964.0739591574415
-503.9145157170538 -3415.267996527574
4374.138899180803 -4419.222269977507
-759.28502607835 -3198.576979193877
3793.3377352089483 489.9796375968835
4001.332875047564 3717.857862590884
4996.554867696036 1511.7530145197932
5888.302146416632 -1234.782943148932
2262.6457052433975 4478.520826247715
4847.480716576436 363.85118103278154
5719.106422295444 2774.4645172798287
3059.8950106955645 2590.201304361621
-3129.3189662588975 5150.932167528641
-3074.6082279994707 5383.238430584726
4520.079628532978 3955.1223921876317
2280.4622619410825 1767.7685170705615
-3730.306460629457 -1474.9682812999506
3268.13148351929 -6075.671842112181
2704.289418309546 1257.5864083788908
-3501.2578285657087 -1257.201919692972
5327.574338260796 1000.5793472469426
6273.922782236972 260.1569071100804
4747.11323205167 1297.871550057977
-2590.6409238065617 -4212.718707241592
5975.1800740214 -803.2187280047617
-3558.1285504985462 -1171.6822978572106
3196.705433462717 2284.0673750947635
4894.021092567013 3118.357692526301
7587.680267558249 700.7291292957931
5672.460909680294 2148.5217209488474
-3767.0243051788993 -4772.817975555275
4132.144526216629 -3794.307836247067
-2961.444217457211 -2965.780067683484
4238.939035274397 -4262.766664046612
3969.139891768051 3873.3621073890963
-3617.4160919877345 -4147.818040333699
-3978.7770343358666 -251.33409649456132
-2862.1136408805924 -3918.2744482506214
3770.716888815728 2230.732501272489
5483.720029416124 317.3333487519029
-2699.062302515294 -3594.5784100171304
3572.8004768696424 1484.2352515595726
3322.8263272993067 -5843.362509648717
7348.513561250181 -934.1386389141551
-2705.9748192496895 -4246.761909881396
6515.396915718859 -906.1300041307505
5897.262249232144 1582.8968808924637
6965.453949601994 -431.7228105074829
5931.601150739535 1464.3267101060455
2601.682277509712 4637.991580510055
7089.407287942306 -959.4646437419276
-3827.3402101040197 -2259.355161562054
-3402.9782646322446 -2582.924814062548
2024.5054191748825 3216.8860385386456
-2460.3108161460996 -3920.1321474687043
-2446.904515183492 -3866.6717334034424
5162.365024419187 639.9515733001156
-4468.701038716115 -4788.519962526325
-3378.6279089867858 -4828.13609138687
2513.773675314143 2768.9231571481096
6228.280986463331 1071.7233641400787
-2848.707367629925 -3864.8140296783336
-2816.572033267629 5390.096898796494
-2412.4565506223466 -5049.534678089288
-3802.9934168202085 -4504.565731090213
7431.027815413214 842.6000308426441
5510.577872518871 -285.2690123470213
4056.0523137848795 -4750.727025340526
4993.261498790672 3230.1524293939992
6425.196716523972 380.71070021126843
-3672.9413839646686 -1019.1103927504471
5879.582825515198 1100.8075064928148
6755.211920436806 -1213.2148348702833
7038.282320973671 -5748.284022333623
4363.4263062075825 -4603.895894321844
-3487.0174686209352 -4564.75918038625
4477.152338109719 4280.714429058864
5786.747529965971 -5827.281462351865
1891.9993692528353 3242.1284367397707
4385.923014293438 -4216.081333209201
7335.498454440435 1682.341444179738
2637.702962374559 2595.9431389651218
-2340.0361010606707 -5044.659338767953
5321.05945983972 2663.578155388758
5242.719721723144 3089.2734425819544
6353.384338670368 -856.5951826348127
5474.867762843837 -3564.638998072151
6760.959263199454 1549.0625808365473
4148.306837204314 -4581.587119460421
6211.210398005917 -642.7967028586024
7619.526656341631 -2479.481326710631
7134.535176082386 -1957.6475260002396
3535.12801466675 4385.48439675643
6308.172890391038 1915.3899324012316
-3601.2801018285536 -4580.335013246958
7452.75847481876 -3399.9551539122626
7337.271509955707 -1305.425710090885
7361.419549003781 -1422.054514350574
4188.537743129159 4279.681232891792
-4229.392772339353 -5282.222713495959
6143.798062601525 -3225.2841925378
7354.514657675933 -2428.996579149497
7425.315602872659 -2274.441241702723
1886.5854213971231 4568.831740302394
7264.018717766159 -4521.629199205306
4989.477397889921 4052.416410332188
7476.597224853577 1450.0763496771926
7842.962231053935 2257.841098118294
