12.5 0.5540889698501283 0.42881879742938106
37.5 0.3098896487489382 0.23028974446968628
62.5 0.24524884525971383 0.17686818991435313
87.5 0.45395614576175297 0.1592859715418562
112.5 0.24601286646586207 0.1294110379359851
137.5 0.02817035007259397 0.10700026914320272
162.5 0.057965863325209865 0.10103608391076625
187.5 0.007443400599398631 0.09128296427629069
212.5 0.07463507365530958 0.08785625679075756
237.5 0.15637501711669763 0.08662631876007124
262.5 -0.014861406829398183 0.07656247491454675
287.5 0.04292568217738574 0.07424338417383351
312.5 -0.041196622162014696 0.06915505911296142
337.5 -0.052905144531924825 0.0654532861085771
362.5 -0.06352906267070885 0.06307379597156931
387.5 0.03229965124204803 0.06345120485746157
412.5 0.055747488322149874 0.0622572266863839
437.5 0.020653590956254825 0.059721711247599986
462.5 0.004597058872131687 0.057559623813827586
487.5 0.04408638581185059 0.056298393053243155
