2895.4016718308467 -860.1912534897687
2854.8127106237575 -1554.16347711082
3469.816986418202 -2201.2639994647793
3468.536931661339 -2435.1351136354583
3806.6566454308754 -2293.3227065673796
3742.686547070238 -2476.929038179354
3839.4666472535155 -2833.239503485933
4066.560786180936 -2578.344468012012
4116.683217794822 -2890.5439066890126
4589.109545494872 -586.9967229808923
3526.4523480879107 -1807.4064621687166
5675.368248487728 -2930.861965317903
5711.283762604925 -3175.1621422950043
5824.971617037336 -3211.6414079239103
7820.030911123812 162.9058980273214
6066.457115326883 -3045.749900439074
6695.484423832712 -2816.582741497621
4511.846767348995 -4631.487494717054
4465.493053134004 -3487.0074306944734
4491.310566186754 -1946.1927446775867
4267.442805383244 -3975.883268471885
4508.431616993923 -2603.7966232265603
4523.153796834046 -4097.497857689912
4470.884211070338 -3798.5834091492147
4605.929907829362 -2026.42126881532
4844.377150349026 -3568.012873541873
4533.670967216281 -3129.2665066356476
4729.700125498176 -2269.6438283918233
4783.293088788432 -2588.608333818935
5111.31866980685 -3191.8123931978344
4944.47407776857 -3531.353213130022
4803.367735138846 -2992.7543478960297
4949.166237507504 -3137.025283923169
5054.247292404314 -2679.773123458421
3735.5440195139636 -4024.7623515974537
3131.5608275707878 -3985.372861345877
3920.691231668891 -3365.8768884294186
3481.4466186345276 -4130.430630893009
3901.3182732123632 -4311.0270092858655
3688.5492379824286 -3420.818560221328
3779.3769198698665 -3789.692264835373
5801.775386779756 -762.5231130199677
4651.114442500603 -741.1895600332513
4488.7948553537935 -850.3104656768718
6323.1270638391825 -1901.7974215444856
4783.684512925326 -887.5096185911377
4484.9310549293705 -736.4021384017519
5400.364724695002 -914.1645093016928
6181.539879838733 -1086.7037391066049
6037.016832231607 -1831.96157231565
6143.837964537607 -1444.346032788877
6396.155930867015 -2145.2861957704818
6092.873359768455 -2138.5461818870326
5966.44041959088 -2459.288537803664
6242.696543336155 -2614.6702688200503
6237.620768615759 -1363.1193047210745
6056.301189812379 -1160.6189722189536
5807.487796691857 -1319.1391527440583
5543.685970309189 -1058.4165235550934
6455.795337670067 -343.3676451866811
2064.0801450714366 1310.0346834932302
904.6138178507565 187.10847484599864
1499.0730154506696 -310.4508524980395
1300.8608318062631 -214.3895995100119
1088.5230700480065 -3.421039554409175
1062.6482923809208 141.4325581504709
5089.543606468608 432.24602449290694
5445.495940079277 173.00749192274645
5265.443018027533 382.59925305400003
5462.380613533142 328.20941151217903
950.44128963131 634.4615283722394
3271.56937247334 -5167.503758670321
3004.778662061016 444.1384442208197
3441.1775211878803 189.1472690185198
3687.3779772537264 43.837673965943885
3722.4344101268493 -35.006115278103984
3543.9609950735558 218.22552225896948
2736.268350164076 700.7392764067508
3177.1422928988272 345.6982047478401
2956.1382729895086 561.1968588011924
1074.405322559671 936.7697943904765
1169.9678492781009 944.2704834824302
1504.8630394392144 860.2816927223096
1331.3987816619824 879.1974287742026
2351.8587498508186 -4765.869727247818
2381.6913844098376 -5103.941543030067
2358.5056418631525 -5000.802220371148
2843.264599832295 -5919.822868347664
1092.1624155986617 -5429.544802480084
987.2422437988992 -5545.773560331863
1151.1025361373715 -5737.367632195648
1034.0274138502 -5706.6352413619115
316.3874463962476 2054.719500343875
531.4098472980771 -1480.1246133453478
636.319489076999 -1608.3979101115228
668.2538681919541 -1637.599237300067
451.14918111136166 -1741.5033865185742
244.286612680372 -1515.6754477595366
551.5207735477737 -1695.2489277908462
281.71625856975027 -1477.3412983141397
887.3545562126544 2065.6181429233006
943.9460552807876 1832.4710130410945
1895.0417070953363 1307.5348931129527
1195.9915623626696 1740.6678574618336
1618.0158108064559 1509.1459663108267
1383.6669255559627 1646.2695722537471
1257.587539197694 1680.0018092368136
1020.9117089149361 1809.697100878728
817.5810616895242 1941.1616170737025
342.9133793544546 728.36838092018
2259.9346922624586 2292.7080478643447
999.1210866134534 -1804.971124189827
919.0934285246694 -1858.991106949113
1532.3178208546758 -5057.7077625474985
1567.787908721564 -5435.641001563255
1536.811563121045 -5574.0348768107215
1632.4452656331002 -5858.735231344681
292.84984587006164 2211.2414104627974
179.2273883712541 2221.793430700926
76.91583633495824 2278.930515424794
1103.9974087310945 -3169.4631190577215
-35.038337439273214 1651.5150442879878
67.19033994409176 1664.7882959427202
15.181242839980449 1690.0671992460573
-208.6904963827246 2230.5044505245105
-233.81302378134097 2319.49508704615
-181.03276777580464 2656.782534849504
-1126.3099117036172 2958.5325945896593
-428.32896510077455 1603.4836042980223
-332.96200684336327 1852.7808822500008
-974.2119633610038 2846.055740561361
-406.8642882798597 1594.949423053987
-672.7875825318573 2134.527152323138
-972.8642825994035 2004.6343496463412
-501.97011245975244 2548.888117245812
-307.66740617560356 2442.2158918318164
-450.03038829896144 2108.28186546293
-505.200136182451 1984.439923693164
357.78521610599466 -996.3541767874661
21.599691927673323 -1324.927836920231
533.0704254922348 -2981.4113725746406
307.8399594010215 -3589.3732473391588
23.506617972692204 -1646.0874060859317
-108.33944350599519 -1426.3521616580374
-308.4940474069526 -1648.6528284574324
-171.60035986131325 -1618.6522215242478
-271.6374020313194 -1641.3420292767903
171.14029818878052 -3011.91458894469
-756.1652705942373 1282.9717688146864
-741.2150625419531 1213.622319089226
-759.0799211185638 1230.2195858247753
-1860.2274463201095 1906.390208739291
-1839.912756493092 1992.2114969189222
-1862.566349523647 1846.6201348196853
-1811.4347868764728 1659.3552245879857
-652.3273483215505 -2993.859838956427
-1143.6393776255902 1003.0046368186057
-1061.3451023922898 1059.054512281337
-979.1019512966009 1073.077924628012
-923.7845735684994 922.5102585296854
-1109.2269055416461 1021.4773748038738
-961.0685673182326 841.1173058278117
-1295.661849352988 2342.106268237155
-1323.2397895381341 2270.710840334985
-1489.6908958102174 1963.5227836732192
-1499.1899374799304 2242.8273531064515
-1474.7989077393563 2077.0079530714534
-1266.0947761898367 -2892.7844957562816
-1208.0144172813787 -2901.864564745628
-1022.5101138549464 -2947.690471719398
-1030.7766119981084 -2952.449856702519
-1157.242529702424 3101.8907342825087
-3266.8955358179473 -4947.105542617453
-3081.6204511362375 -5535.182399424107
-2675.571472634608 -5443.390452957343
-2453.992331799314 -5611.552707136486
-2624.423688335406 -5545.69836848261
-3066.885650860784 -5070.395777118074
-2930.876875727666 -5334.389431639322
-2008.9860546808434 -5312.425421569241
-2210.7884296700013 -5365.154312610604
-2304.4864635396357 -5594.731709563219
-3512.51845291807 -4875.059415428739
-3603.3120393595577 -4832.7009665447
-2206.7854290790738 -2764.5865350871304
-2374.3635363955395 -3319.3480158337575
-3927.027653638767 -3116.417419634064
-3846.818699475986 -3347.8902684042673
-3815.804030458654 -3446.6255052232805
-2173.413205094452 -4626.457289336219
-2443.497698391994 -4666.501781467152
-2482.361269048881 -4345.983571266052
-2688.3339834832723 -4275.302411476008
-3116.320948643818 -4700.609481058338
-3488.1191261293434 -2413.42945699207
-3283.8045778811015 -4467.036646389396
-3464.9449496393336 -4323.215644919884
-3045.959375119158 -2707.7882570200345
-3173.9728297535326 -2320.3912550797622
-2267.1514778095307 -2933.649699853314
-3092.0112133490347 -2289.05617410346
-3102.8073364744005 -2449.6134623195826
-2987.065311577524 -3085.1438148950265
-2880.7452160511716 -3086.503713166322
-3391.471523855226 -2619.9067019095137
-2791.250758478086 -2798.0326604043694
-2584.2879177292225 -3119.230773477464
-2650.5940266177067 -2894.3800142896393
-3189.8175804686807 -3515.262671286155
-3647.7871257438464 -2878.5933578558625
-2981.9943224433728 -4006.984070417312
-3125.7661515090454 -3924.1299340914666
-3273.209833429733 -2785.5719676278795
-3205.6248614625215 -2995.110348174645
-3480.1091528013358 -2975.1121035166957
-3433.700672250893 -3373.2450157865323
-3622.7276627548067 -3342.850601327549
-1434.8118283674437 5166.3913170458
-1965.9393971565887 -2371.9087072639345
-2519.8644201351294 -1719.6430138014161
-2107.4330195759285 -1654.071871929211
-2093.489099298379 -1685.3736922695032
-2371.461164771782 -1610.5752821895492
-2527.9869973355258 -1590.2161307882916
-2735.4544376625417 -1562.7037555267368
-2769.439141547611 -1569.4311824517274
-2357.177329557841 -211.7688176714189
-2495.9443594600757 -304.17385193836196
-781.5779620007786 -5779.354258944154
-3461.5060810944788 -755.7894283276611
-3316.8124366544776 -1065.013777151411
-3544.800895629096 -839.8032859658734
4128.517308918584 2949.6746158207097
3955.3375651642887 2752.454629163001
-326.9229532231387 600.5269048139227
-303.8489790648182 4865.624799438044
-1297.7977137286214 -6.160301217106412
-1523.0618060817512 599.2959970798337
-1277.7572256886406 -219.37016879261196
1907.719793736149 -1297.2405236289524
-1180.317389965008 -711.7961124571874
-1213.9965775179812 -586.6091927038652
2253.2012690155584 -2511.289062789848
1623.0949987239028 414.8102104694826
679.5379099588857 411.4659690401344
579.7234066785517 508.98029238908975
3339.657542089481 4062.98826250913
3480.540886813255 4205.000580073056
-971.9653154971767 397.27355167725
493.73416359672035 567.9969013159725
462.2204513396208 608.3116947719137
-3846.499216888897 883.7792236680826
-2009.8785423909767 1778.6282787319483
-1730.7490920633074 1106.1505616643296
-1807.346431410113 971.496749325161
298.66496872443275 -625.8780734129327
-1382.627440993632 -3895.4240782084617
6960.860758498214 374.9978999474303
-2076.8315843252835 -3700.7201128149936
670.8994263097379 4616.22408825293
-1897.927434761635 -4165.3896450340735
-3356.312983641661 -452.9633866633775
-1487.4017273200504 -4303.129687036366
-1670.4632667383 -4251.766192917632
-1462.959670705073 -353.6472335826222
-360.8136586890845 466.5951223224458
1623.67362671011 3341.3607323174674
1807.7849573155868 -1800.1323206727714
-1353.619787251004 -5406.86951733532
-3008.2179239140914 -310.16133414755046
-870.6561000071042 -5141.204202235299
-1991.9799044166064 56.70199703978171
-1000.1753272607675 -5332.593334596347
-831.5157433472199 -243.78846034678108
-1856.5979351413387 -5414.965969840959
-1849.4937251438794 5188.235684965682
-1027.021154960886 -5539.522849173459
7722.842118707205 -1059.1571434653504
-1175.648083050015 -5350.746019384114
-625.5469704098596 -1073.549861396553
-298.1040060586949 181.9016628611742
-1394.5422866859044 -5695.143511497315
-1446.0574942056628 -5753.800949971247
-1546.1852782361643 -5307.531649951586
-1677.2003638574083 -5330.119259518497
-763.7784979998895 -1007.3867668848344
516.6623829141853 3222.5850314944705
-172.303642692513 3365.106514005992
3179.8307524087645 -2616.867034016021
-797.4721589247304 4670.953236222812
4384.42395045183 3405.1867013373003
-599.846830619677 -1226.4019619749802
742.8679647648395 -301.76366406323496
1889.399815422154 3648.261651284088
-631.6204315423939 -1112.2283290693197
-710.3502494573095 -1612.9509825985513
-1562.2208346572997 -4906.413849215616
-781.6587889054643 -1564.2095990188354
-955.9478048514258 -1458.8312762716457
995.5838105008245 -3574.7173911461805
-476.5746731187433 -6018.62765178968
7527.411140130547 220.0415269740262
1948.655439477323 -72.42256523548643
-2809.044368427823 2899.1687975478226
1473.8496316991875 3307.4683485547744
1060.4355125387733 3162.9952443996217
876.34282473394 3179.4513782716763
1255.5634907989136 3178.0676824826915
-493.61384239054763 4881.280042516784
-855.4052204780295 -1136.6468007293813
1519.2201515579695 2909.9099634392796
953.7847272277638 -521.4406720526662
-933.8000990264986 -1027.0237727034448
1845.9379324867655 2739.111679943863
1695.8377529010165 2858.9513588569066
-1006.3293979779836 333.1904220442099
770.4041824723241 3941.7191824877386
-1325.03288457213 -1280.5800423842861
-1501.026270930976 -867.943957316216
-1684.2009932470019 -850.6260563447005
776.2577081537092 -1014.1621180378344
-1138.0102745110573 -1335.2486673141636
-1239.558351404499 -1380.1502734369853
2937.2064184889928 4011.339219450813
-3155.9849961707196 -560.772212288172
7650.5869412407765 -170.21887150046345
646.7680897208834 4680.643896414608
-1761.8154248665521 3217.6272680809234
2584.3467213750646 3335.081172814755
4592.262177389874 2828.8765233009717
1130.7895963567923 -3562.952796499832
-166.7800983073618 32.812899983767124
2363.2270438230053 -2174.666629734312
3012.851063801102 -2456.378051864487
2999.7348196922217 -2264.3917670356955
2929.454529468855 -2708.274101426529
2046.5264082406054 -1870.6194047308977
1510.90614596194 -4229.380138055303
-842.3658680551456 -4232.7147013905405
-971.6128800430199 -3981.2625913363618
-1245.0333812478655 -4862.123211055463
214.5113964478076 253.74243828467678
-1132.8592190310842 -3927.05466809946
3056.372196626898 4127.239902558503
-1038.060942422763 -4203.355732864078
-1129.1379743441116 -4600.7964551116265
-1094.7867360738542 -4502.732208672243
6092.445000047685 2108.709821363229
5936.935974639333 2084.8257950868874
2434.588594490003 -188.52985435278515
1613.1076976336194 -3463.105067639635
-3007.2886364654523 1861.780872912032
2618.454668237032 -336.69034866437954
1947.9009573642613 179.67276360184326
1775.3794637498156 286.73896279381904
-905.7594095628159 386.3390605576085
5208.405236282234 1849.0700872368577
1984.5034898644344 -101.46886326852574
348.51472269410704 -5014.806156322743
-3639.447488044737 232.43838275126149
2212.010716398382 -60.704020582297574
246.66965666249462 -4111.721820029269
2378.936074591775 -410.9176787384686
2242.6945866142473 -558.4795778271557
7439.766877684944 -606.2495295154833
-3686.8171198711716 1742.3339481130693
535.740101705755 -4094.1800057922533
347.35882253026995 -4074.1827324732185
-989.6487711165887 312.04245609125906
7802.537090863038 -1245.7615432255013
1337.280488653034 -1170.342268655203
4677.315827081799 2765.328404127562
-1300.3691519705978 904.4137169813984
-1390.6858674489508 1018.3039121674528
1807.0235283182055 -4216.721769342029
7812.784102589257 -723.2194146264503
7503.730421032999 -695.7209183610753
7653.79867748731 -402.3432065759554
-2821.2934082280563 1978.255539560165
-696.8128403715309 155.41124170430575
7448.09556744358 -179.9768447380868
138.7184006833577 -293.53634706463646
7563.413716436357 -133.56022087193176
-3796.3374129250797 848.8574986153858
6890.316081512466 991.334985226141
-1304.0442131893014 645.6003425047877
-1553.750831372339 1025.742041516544
2849.461359725981 -3200.7936618393314
3012.0905447632376 -3258.5449989290137
-346.8621114713375 -4410.013293684459
7167.7202968691445 96.37115281191906
-1490.902214761102 889.6868415357449
-931.057774670916 377.9724479098902
7055.728467338044 631.7909987412318
-932.7856275420121 -33.27375335966871
-982.0226295400664 20.734004490300357
-1137.9705690019746 174.82183815546333
-1240.319073528285 260.89210782314075
-1487.3497523536753 205.4048787721684
-1336.8408873431424 428.5003809480431
-1404.903234333143 695.574976639753
-1442.5061773982638 765.0066078222279
-1469.2485330101033 -360.7069410097392
-1453.5948102296738 -44.685206493145714
-60.578163002949495 4280.529562068923
449.0416403562285 -5018.528518740644
7363.799167055657 51.95723943733819
7249.839515821489 344.12260962361506
-1523.5092681285305 -377.20652592407356
-1597.217786080106 -525.4251204053112
-2855.205843236786 2716.30765259425
-426.718270434426 -5800.192905451201
-2071.967184941059 419.98557624899183
-2163.060980744185 783.9268893013875
-2393.7108911875066 858.7309334247351
-1789.5426001753342 279.7119421243073
-1893.1678026683278 370.25366104763253
-1416.0070505454378 817.2734289626785
-1385.3743930580179 761.8555178452907
130.1702692676169 -349.03590658407944
-998.6137255439397 -4798.27800500093
-1590.488986248869 3218.7382964360327
-1707.3965923029036 3476.161406811247
-1967.0939992824585 4813.77932166993
2703.3698569880116 -2447.4513076597145
-770.0881683189889 -4579.71331431227
-682.2089297187964 -4525.889127629493
111.10315195441835 -438.0586508050595
5377.150212133321 1542.4663696388589
-2947.8818100253156 1688.5129673736067
-342.4941171624305 -4596.229136494468
-2377.7574312139377 1303.536135652759
550.728371003017 -4302.120342087957
4845.008384970925 1998.7647611091193
333.55085318271574 4564.802091225291
-2316.1910083391754 1700.4202966366267
1701.317443047034 -3104.713057012918
5274.007903322308 1857.4311607802165
5097.596808920352 1905.1372313464524
-3957.045874394908 1795.0989816367407
-2541.3144784009505 1630.2107803353006
197.8454435462335 3902.920967935623
-2666.975316887664 1421.9975979825424
-2760.4959219299267 1655.5062073574736
2016.0596602146861 -765.1160992468062
1523.9369818653238 -1726.8328668710985
-2836.731603864217 49.25215882754346
492.76578847600825 -4406.435431047599
363.87741210880205 4026.8367688484896
2652.6012665144754 -2204.6482942668536
1609.8930935451854 -1862.5212679958659
605.3728097214808 -226.04581967782124
-1496.5620592292962 1065.1996328863543
1859.503024665241 -3217.749100331042
1728.4236275397534 -2123.4444537909694
158.10028697733046 -505.98837599772867
6601.617558547997 1179.073935396365
-466.2321006539223 -5586.422019631245
1429.2270372806647 -1718.7028787790725
393.0200918012096 29.68332705170414
1500.7172166817809 -2210.446412378278
2832.1640224474204 3251.0882866860447
79.83614638860632 4473.602801132433
1433.9492418137643 -3657.2287671267213
1598.58036661789 -1885.710663861117
38.80336948147079 -591.7599494358122
1125.13191738123 4583.01293632438
1495.3102786919046 -3493.1926154467506
1528.5904793160837 -3514.9428140839777
2477.1775257834233 -990.3176205968822
929.1545049544868 -4012.776091325498
1600.623296317542 -1852.897846081832
1630.1462958702868 -1907.2745600796666
116.29496291284637 -495.16043333607365
1268.267604715599 -1157.8777013308904
-116.3838368271208 -466.53253040835756
545.2596421621379 4316.002082603237
509.56015905622985 4182.892733371141
-2978.585102020974 2539.201112821637
1238.1340726139863 -3767.5869104432654
1070.7260975151526 -3894.104481692607
61.75250699190874 -504.4040605761232
481.1134572221516 59.65078556348031
-99.4781233301537 -404.6997376357938
-94.5600698914248 -519.0996019821473
135.1304231317892 3300.5143030605427
99.7264609455335 3403.8289223162806
-3791.7031034892434 1181.3489893701433
2684.4052961653088 -2943.268304796315
-476.2926407544202 -4724.180441703534
148.25544871999443 -605.6605814043442
119.83520745464003 -604.0470228389458
1528.3985574929366 4178.6281107471295
-1966.6939565240775 4678.980355776808
2151.967991770415 -1197.9302367267173
268.0594163173848 -4479.262226811364
748.6210851142171 -327.00521588904394
5604.405087221943 2181.980632365047
5130.776011489466 2520.056123506818
-2840.1358488586666 4170.133845986883
-634.4767274900227 -5684.608462360081
-394.55420321931393 -86.52450773181248
-1069.4431257753229 509.9796829295089
-905.3405080217078 370.95593026933136
6414.113841806475 1442.952479104731
5411.317828224532 2463.7347786318633
5292.316929402846 2434.086842131113
839.7980742810324 3641.0491132303446
2453.10026225259 -2256.497783849189
1684.2594669436178 -2675.5270493400703
10.4350428212949 -4598.968061703029
1051.961451260585 -825.6216503822328
1283.2200418501775 -1077.466335690698
1375.8102873051682 -1316.0277753015778
5492.225408238516 2078.523500241565
3703.712963229906 3105.127721630498
1085.9597636282294 4506.909771372721
629.2565084318578 3774.528025794387
-3682.2071166976075 173.17642045561004
2158.1662683259115 -2226.6972021250285
1984.5970105296135 -2584.5227750582044
-580.1504573915696 -5358.992047898179
546.2651941704197 -126.26959887943418
-686.5779631547506 172.99088407534455
-671.3271119308722 151.39831064874824
6097.920748986814 1795.8453847757683
5789.835725466246 1976.224538249634
1832.8253212421944 4402.510585059492
1566.5042342723584 3641.448428711569
208.86454242619985 3720.892930574468
428.71495572966205 3737.021457015065
-2176.0998773771394 1910.7822291282869
-1570.1338699196788 1060.1865284077544
-1657.4476468159473 1185.1825599956119
-3559.7759482614547 660.644919068347
1850.6231707165857 -2584.947251347116
1754.9908612642744 -2686.345556552891
121.44549311475231 -42.431178971540284
-237.41243009395447 -232.46511239545865
2850.9090364912904 3820.8679485888206
1345.9024859285548 3720.621857696827
-1901.1842399445916 1617.1317993418452
-2646.7037255388095 4388.4600212239675
2336.3651759223344 -2881.8306522515204
1587.1364578638936 -3647.225774238255
1489.8265601198307 -3639.159389450957
1150.8957260933857 -4325.360546314551
279.2382917907591 -4419.873851334204
741.780533906527 -297.41833267311034
545.851853500914 -30.690603670271795
568.2945408707465 -25.441818203300308
195.01138443186719 -61.849000728562494
258.0411731089903 -138.97631463828654
-319.97731179319163 -139.7599191785454
-1973.1000489489452 1526.7322261520953
1278.6302972813833 -3854.877655281827
678.1534572899259 -4290.140861221583
163.17735643232785 -31.363376748695423
4304.620830601571 2927.248827900044
1841.8532266362322 3850.0837501349747
1025.765386957304 3724.9066312528425
1116.1551265823 3758.8403067532495
811.1736159899039 4217.180657571801
1030.5882841125492 4182.937516011225
-1845.774555069199 1366.1102735885163
-2031.2666346700944 1390.1880137055236
-639.6005241759601 4738.503244567729
-3534.7242475373537 75.08458192176549
1833.9305535289316 -3285.264039194592
1720.1750174648278 -3592.4580172331703
1135.0421493563294 -3921.6015314735387
923.5311129757933 -4207.362321130198
733.4552569374484 -361.6728641733801
834.9715918436798 -498.47041741613003
4459.743342967361 2981.7099192105575
4855.239862771174 2746.482531290893
3072.7796508290567 3210.08436016687
-4056.8242350858 1006.3460893814661
2260.8499740320276 -1770.596537576973
2163.265301318609 -1916.0083794003565
-89.2500659834074 -4810.699280266923
766.5941110465536 -293.4095519141393
841.4194549368743 -646.0804523225929
227.81718584508397 -2.011998802179074
228.29693476913275 43.137485274723694
-2947.542523955442 2412.1030889764293
-2878.075566159657 2108.3352970419937
-3815.7183767193173 397.0068637807822
-3939.2903164393465 892.074394426252
1887.203478836862 -3076.70684489244
1773.7239632418268 -3274.2899350249204
1821.7288271129987 -3194.8897590294428
237.10331576875902 -4556.143534062553
139.33659038339863 -4697.744324406918
200.54392571356883 -4609.705441046453
-28.50069723412088 -5123.297110976064
-310.4953185068544 -5125.593196454242
988.7894002569634 -723.1161542920137
810.9925963588969 -441.8369829399391
991.560542693051 -673.6088204954633
-300.79735798161533 -87.10504256953442
-189.96634119819913 19.19668310587234
4133.037828381683 3264.676270922359
3970.8828869012154 3201.873644142557
-512.287585422834 4469.382686389575
-3087.838250315087 3788.5550366037587
2209.464590854375 -2489.833546845049
552.6191728074517 -4468.988714200885
954.3274565534921 -603.1728114071847
1018.3612270205372 -756.596617630787
-330.7706839182563 -126.81618832144804
-312.1998772784767 -120.09753558021525
-96.63726218661662 79.84835577745604
3763.2992262354937 3390.9726957189077
3004.350781728323 4033.32020565771
-990.095222700873 4216.605367252031
2023.935716655796 -2841.7214781702123
2188.0363160570964 -2623.262914021272
697.877277764906 -4235.804573927607
411.65937963057956 -4507.869660452501
2989.2700482658606 3591.441328189272
2210.57606444122 3688.659563422776
-375.6509723355548 4205.522414031085
-1099.0948951104328 4812.065959308714
15.159882655540828 29.865515813800435
-4.313343474632697 42.96564418329376
3284.8108255394795 3162.7390251137895
2093.6134765591373 4111.8472553338825
-1258.0384320715261 4544.54768553051
-1575.320244916178 4549.111856996713
-2111.1308370225793 2348.120331243016
-3410.422505226128 12.39059977587989
72.72460822169963 33.942042939090314
-57.401125400167714 56.78141538312375
2629.5566240094386 3731.183979193553
-106.51979212776756 3798.5624486903826
-1727.8130762562798 3896.0121261660834
-3595.5366089799154 2461.8360916738297
18.39681641926002 -36.32464581853501
31.578019167289558 -13.593628327662083
-44.24167810193677 45.39897089942345
-52.59649334390888 50.95872262511927
3539.700403044361 3449.524987141746
3316.065921622981 3654.1322362533556
3165.8169154696493 3726.787396204307
2822.4267951376182 3932.5187397452614
-506.5113164060398 3821.9218121936215
-1638.615847469478 4050.011727486898
-2056.4637628757323 4395.32370773884
-3310.5760311715576 3403.5205746745487
-3067.3800484740045 830.8442233450579
3568.8302963131646 3334.940328796262
3299.2184562847397 3467.1658790273787
2626.897737562572 3922.953558817369
2388.0949211756515 4034.0249165920277
-47.70996511082166 3895.48574657343
-1895.7817355658779 4346.2497221650365
-3140.0316844915474 2751.29866776433
-3298.353153644878 3003.2273775249446
-3174.192246510948 -69.2746133100528
-227.2691359752663 3828.745290593275
-384.5060360579378 3866.046946905401
-1403.6164818792008 4090.803159061966
-1303.989192987457 3921.1952543591015
-746.6111636978751 3967.7323678797484
-966.7808430968686 3946.9274069282405
-2688.651832855519 3942.221068896051
-3439.4770598528066 378.0996660596267
-1966.3229002988267 4362.299393569473
-3204.8531867770807 403.327279042229
-3038.6080871895524 462.02754760619814
-2076.241887313313 4024.6801755855786
-2343.9582043144856 4151.329811920879
-2698.877962345822 3533.4598429700095
-2857.8953157588226 3157.116856712528
-3180.575008144465 757.0958288778812
-3348.245849361713 633.2030416525478
-3363.546746653704 377.2952293127675
-2863.8314194595782 3627.9940897914794
-2956.5203989608876 3587.350922975815
-3079.2631604916533 3056.551676711538
-3081.6227625859256 3373.686038193049
-3390.4914978767592 2608.623487256242
-2145.71064930572 3056.655176962854
-2609.630516791018 2478.251317024714
-2595.4104250795194 3070.8025369324
-2460.707017354499 2434.07324636391
-3309.423309244095 1752.6728220514447
-3306.640562867136 938.7636391118515
-2121.214515083036 3494.011935756356
-3396.399367782972 2055.318157465392
-3502.3272388373116 2255.7364786537405
-2125.5330597396646 3605.5146746805026
-2359.225719301618 3433.6967988537226
-2282.5346172619115 2804.636698554322
-2385.2083056842303 2738.602137799073
-2345.0501373293364 2211.8912928163245
-2391.0969447905723 2359.2954740593877
-3427.7982692236037 1114.0373922028064
-3527.414038009814 1467.6073168003343
-3543.830755471426 1169.9836660738938
-3581.5524495690224 1219.0247743740817
-4189.608794486418 -1798.3652618707374
-3491.993482736354 -1895.0088026222866
-4239.447035429088 -2130.343085435629
-3659.4616236381526 -2148.4228704122656
-3948.6470559033864 -2485.4172710142084
-3881.972723617866 -2237.4519412186437
-4058.7139033255735 -2344.489758486388
-4160.762244707635 -1468.5722071958432
