2366.1618849028578 2595.3167527993933
2061.460501869305 3090.1419028936416
3114.249365889038 5386.295041225768
3889.589041826988 -665.4486808832803
3313.6016693929855 -1532.4875892252771
532.5853530266984 4189.008137098557
340.3564568460346 4371.367436483475
22.723203927374367 4088.9230506108365
166.4982494108402 4315.77013976441
874.5025271614516 5366.212057457465
2220.229255524627 -2022.6727053655895
2236.3913376512987 -2520.2469554654126
2103.106539073246 -2221.429149538411
297.7643152999133 6039.9912215630475
207.91631662607256 5989.466628938566
129.46071687521743 5884.975440452519
523.8171707336894 -672.3958930575327
565.3458856067836 -701.6435838561911
742.3301025957514 -453.92825883882426
-835.7503621581457 3908.3088442435765
-1002.5065745633532 4038.3011122891867
-1008.9005903687047 4115.732952134477
1557.3626353588963 -3237.858675161595
1505.1625934505032 -3583.567603253099
1457.5634420108672 -3391.6425240926656
-960.6342087754998 5136.2967022385255
-1081.7892433366524 5076.876069459167
1491.9491122003162 -4138.780981775566
-1226.8128836958592 3575.9835100304094
1948.2096212445167 -5218.626148131791
1788.16346581082 -5181.999658363498
1103.5626425198454 -3689.554602967715
920.6940892887716 -5375.283694962844
-641.5487566139171 48.868158017648405
-542.2572442628722 -141.92897759650745
523.1882802738912 66.11776723470936
379.6613467528287 280.00685782792374
763.6698106092365 -459.9408048421612
739.4093440558776 -237.24028753128985
747.2430609380527 -186.57904472177773
802.4783974366213 -408.8368115026017
701.7865785102869 -572.5858042748533
765.2241174014331 -341.8222374025224
679.0149180653856 -611.4834993675612
776.5754916683326 -364.7689892802929
-341.6371154867317 -214.06034813401752
513.9949877690743 118.73824411100952
490.9897951699317 132.71325872506776
429.1833926023368 239.69694440981434
-83.82559727647742 209.94746851858898
-90.64387183380407 195.59515873391894
-46.05312272889084 219.9344710780824
-3.156473338346288 -14.656376761279114
33.428074121253005 301.26382300191705
-10.270476485389361 -119.34241442949562
-144.16107070618676 143.14313158003966
43.028236942625625 28.299920782721014
28.59044461706043 9.348871045187982
-31.06184572999358 -6.7031390043719545
309.7768616619678 205.38269868216912
138.79493517630678 4.13501551920014
-68.78689917354042 -46.54995160785946
219.90060514002363 316.535667902762
129.81704984356531 323.3517080692914
71.05604966632988 -207.5209970735091
-104.60670856377591 -332.5886351020684
160.90111589983832 -154.36017000404067
115.97425048996924 -137.2877160913245
-238.01666576482899 30.905816734546107
-277.65467388151194 -234.27112608102485
-2064.2074836334737 2714.1092412350167
-2081.3495661543807 2624.2028327000944
-2080.881521527901 2373.9194367241143
-2148.0592088043727 2204.3392354318166
-1171.229283854523 -5411.01560867526
-454.1973683435647 -3276.578981647204
-2493.3964874682865 1313.9973680099015
-3312.950486000974 911.8477797632078
-3356.907214028022 872.4897818679033
-1796.402147837749 -3571.2176522478026
-2010.1578347753587 -3608.3097050084575
-3405.9962478489015 -654.0034271764442
-3495.206581658243 -309.9389557229015
-3342.0379085742143 -1123.218383836808
-3178.2415382918853 -941.5521063278059
-3297.438867722135 -881.9986206639712
-2176.3121409504033 -2517.28519918301
-2250.18331524567 -2459.8184426865955
-2583.279746387182 -2193.1736470964847
-2403.1898104675806 -2299.5845754643133
-2999.445343478827 -1891.2351475417386
-3659.696621880352 -2322.7745424318114
