1487.5444745206207 -2376.267493770222
-414.0614703605579 3260.341654359182
403.02452123207553 4853.011768690714
-2711.478205759118 -6117.3970953348335
605.9391520801644 -3841.5990521252647
1951.580077250747 1764.7240316978166
875.6830816381342 3116.459264438097
3617.428564846904 -2475.722678070376
4050.5369263057937 -1874.1048417424654
-1920.8943557730383 1813.661089626421
-2183.172851686274 -1368.7476532163826
1304.2045113788495 -2606.5438471046714
-3326.777827102737 -1400.647383612538
-1830.7280948704938 -2299.243374658703
-46.620784355373885 4367.422719033597
-1226.968546773712 -2607.771064074296
1954.5565585272043 2169.219290247782
3666.3701829228216 -2766.9445809893627
1953.788196755635 -2386.3697005230238
-3576.622326803049 3541.090580161517
1320.2503287312168 -5288.031349408931
1844.9012101935325 -2991.26633676967
2466.489355042054 -2073.539310914096
2638.141642001996 2625.6136418532815
2424.502232904994 3257.7888348755237
-618.3320296499178 3517.7735602671764
-2948.8262109014545 -3214.7404203629485
-1747.6224436455077 -4646.992206992115
1451.1352037459772 2376.961717660837
-3315.3835566393877 2010.3702566946072
-1300.404225744127 3175.0910303602745
-1215.8361962399097 -2982.2806121886733
3565.244631563599 -1729.9865068828096
115.36092888341993 -4145.144967182786
1467.8101976665464 3620.2122183362794
1054.8097604366428 -2358.11070035399
711.343097194117 5469.25718214424
2608.7157914834615 -1647.4462460268621
28.766609044505294 -2414.1164278734354
2382.768109818522 -4793.848784836543
-1978.4391165974912 -3257.1795103806685
-3251.3599830697585 -2966.7741409015125
741.6823395090044 -3663.655902903653
3882.522088909064 -75.66525903405949
-1404.8329115261163 -2330.667218966255
944.6800120581888 -5367.06399242679
-2175.2873668070533 211.34589936438604
-3462.3004957184944 540.3904112007157
1030.6990071594646 3330.7328790733345
-3372.208944870949 2229.402707173053
3195.9429450725365 927.7114124587509
-3985.2280751119506 2830.225970065248
-2250.192393443315 -31.08925249116001
4141.689013872806 -1451.551817747013
-1699.0438481948788 2682.461850530858
-512.8818321191407 -4622.279360992916
1427.6209775839807 -2852.313978184356
1403.0436554230669 5984.235959699977
-2390.4048575139 -5610.111097126098
1099.8546688661922 -2873.611531585175
-1471.6181330608842 4486.42053876695
719.655420179903 -3188.6879947496323
466.290853675166 -4726.33763039539
-3401.704081392313 -763.9950473845014
1845.7675859748438 2804.7650943803105
2000.5921064889958 1947.3970279494665
992.2933965995279 5482.421761682076
-2490.8338999998664 485.72880169297116
-795.1358473161586 3561.7937179927303
2535.7429410768723 3805.026548436758
2098.862359762203 1382.2872613828642
120.96355497184592 -3089.815925998189
946.837986442234 4896.754024384021
-2807.494538043073 -5492.357798588706
2071.2815525818555 3042.5554587432894
-2965.4197980787853 -304.68586960755107
-809.7628045658018 4281.209902761385
2501.5883158712927 2629.7228627613927
-2993.698359935561 -537.585509303176
-2307.571060094409 -2364.861532907828
-2730.573301067918 -3339.0444616842697
-732.992653536578 -3278.4765810704484
-3288.922429600684 2709.2338448163814
-2889.9850789860325 2808.031055572973
2330.251694782636 2131.6511352307593
2782.069443406378 -296.57296453642454
667.4951877169877 -2497.9703891685194
2352.5829521748774 -923.6803402803345
-356.9876989633828 3451.027935684911
3223.2407331984978 151.91136623491778
-3269.2251707309874 -2546.8672276097554
1147.947914270384 4183.058088649241
627.8700153477937 -3022.1362509353685
1485.3425559045497 -3300.927831459845
3947.0928996142907 -1511.4040271442643
1460.4817897977805 4700.3952488154855
-3599.748622820453 -490.4695429894824
1148.7358824120283 5195.456409513411
-2024.2860648204294 2356.9680130927577
-3806.897022392666 -170.7337803713045
1908.113493373103 1238.7969726559531
-173.2823758792007 -5248.843362893338
-933.6727330412506 -2590.664114335564
1761.2135883863077 6094.84538478906
3554.2427831987757 333.7952307595576
557.9641662234668 -4573.960151821276
871.1459223310485 5342.911387500736
1528.428692985559 -3646.162072946703
3834.1596904459734 -1723.7342955489835
-2769.80890674364 2222.7729299149346
344.4932780513889 4443.665797718241
740.3168509975604 -4096.514992060822
-3144.510522726418 1904.1650139183594
527.1218425439216 -4325.548734278561
370.35430140170774 3813.876218363622
436.5433542604684 3345.591780389176
-518.7712038632193 -3799.8208602881527
2247.0580512675524 5446.174972312499
1733.880219741435 -2139.6168032689957
-2180.723511971392 4030.2752204897793
-3449.444384676437 -1297.3705163475981
914.2234871303953 -3865.071512027039
290.86833879462205 5107.179843423813
3109.594411698262 598.0491285580558
2787.8541681398788 4857.497881389296
2272.500544766058 -1676.3055276458779
2959.017300192255 2143.191294312949
3013.4721781605485 3071.862984118705
-1248.838791619482 4943.9199719101
2114.4273399250296 -3355.312209018928
-2550.4207060291574 3332.2921224749925
-3310.109282413505 -3308.012170897219
1771.4856520810968 6289.804045622176
3308.0447941988764 -1580.589560278931
-2841.728258929293 -1212.8375492663363
-168.97913112816317 3490.2960324574633
-2059.4369404531226 -3609.8231131777634
-1911.1021046081519 -5467.017274636611
-540.6914965984828 -5254.443870916606
1635.3653167849598 1798.0621049483402
1460.9356543314968 2602.2478504711003
2495.60812358598 -1575.524421605425
-173.10575040955925 154.99526514055844
-949.9969409776028 4486.510901657011
1079.719533302364 2917.731961565697
1616.6293695044735 3630.906293268155
-1710.8472392030403 4217.44886384691
-2057.9091338391822 -5882.078634072248
2127.607038129823 -429.78363284677744
805.0961448070964 -2970.101725089859
2216.24962785956 -3305.846612266651
-3179.9664377679856 1639.8142122220522
2448.049697539769 3922.838925778525
535.8962090897138 3929.3146411083167
3507.852879611553 900.6927913936904
-1181.3546520704745 -5075.918384760296
-686.1911038818139 -4816.059225924824
663.3316174756521 6043.049965190859
1560.6050660388134 2344.851735089364
-1156.426283107024 2984.1506083885192
1629.448268438184 -3892.65856447874
2415.8085737695137 -3751.1033444655554
622.2840832977217 3674.951410068504
-3085.029082157579 432.18153797175523
-1234.0809907870264 3576.995782897317
1961.9665413725945 5931.376198229213
-1378.899805644951 -5776.245818316627
-170.11893164050576 -4095.5533440247686
2688.1117951724063 4547.643633630162
-2066.730351202212 1454.4694975243472
2852.2834098132666 -964.3330817328064
-2521.297557543382 -5371.070123158769
306.586233494012 -4402.799630518154
-3118.186139617596 1277.2649865432284
2038.2562156241904 -5201.943979777441
3900.1604762619054 -732.2532606550734
3757.7517453329615 -825.7732016726843
-427.7489062578483 -3164.9362800010376
822.1589486510778 4409.020582589139
1997.6274950350298 5621.549531204551
3899.7198960351443 -1183.7045241213984
2894.8783036532095 4148.343115492025
-819.5910321898805 2887.2671666207784
1332.1542971197339 3655.69448328052
2110.967963369447 -2818.083278155915
2387.799688152591 3583.4742508607637
-4068.3204214145817 2426.0822167298998
-1076.1208208560809 4933.968233416809
-2745.195633524251 1893.318752809539
-309.9212024860912 -128.79488263782332
-2543.366959722155 3927.414893644234
2446.7083856881773 2343.6732187354805
-1030.8178663967951 -3478.837204545891
1254.1433861944301 3917.0480526234833
-3042.1522285514743 225.20135606523195
2496.0686307809247 608.6298929242364
3387.128576715359 -2092.407041539709
350.69936793523874 -3676.161189955861
-3945.9565739546933 2553.6737950610495
-2200.918267047166 2153.0600154427657
1997.6828695244078 4423.106217409701
-3976.2846580454634 1943.5580650766963
121.74307165660807 3079.7338246946188
-3235.6040483648394 -891.492841418343
-2713.3902831033106 2401.6581697446586
-3558.79835835739 3160.2892843328023
-1743.0354749690737 -5723.944360099608
-950.770233561134 -4692.279940558484
-565.2915828782274 4109.134928309614
-3730.844368392319 3096.779866480366
-104.43440801737655 -3198.2204509244334
2153.6727810085413 3284.9606811117133
2458.630175703524 -460.6185252838652
2130.648110594038 -2999.1947104493556
1355.029980490601 5037.1332263250515
3757.4885539574016 -1141.5889232083537
2881.0046397753595 1417.8569197625297
-2628.8399447934203 783.287292219024
1146.5315269179632 3673.0657380455536
-2246.048958729121 1955.6754075940069
1654.9740037601978 -2714.344240256768
2791.7155014809514 243.49559290500096
-929.7466858831623 -5119.4893281919585
3514.6689518648127 -2728.280484413603
2050.663794388411 -3656.0092781195985
-3679.246111733511 1786.5133469001958
3183.792306053146 4898.627528117461
-1642.1069413195348 3362.3117431061182
264.6899317221794 239.55986605521244
-2550.6601145973646 -354.4208517467897
478.39918394036465 -3325.267501763114
-1390.019289852382 2857.27676112332
1218.095138596556 -3505.313736689904
3180.403601075407 5426.325358460756
589.2170371423051 4564.113702736416
3838.1209774427757 -1931.0650124294143
1056.7300287446237 4998.4781206918815
-1227.2982100238523 4324.43601460562
2736.4335956111922 -460.47922421731914
3958.3044924667925 -2225.8900159676737
2727.884122731548 976.9138333216978
458.60336155622485 3523.82203277601
-967.8067276158469 4165.308119404211
-2238.7913053988214 -2698.090552308719
58.08148284963095 -281.61262740287657
1115.7479673360021 6018.6803783854275
-2931.453007754723 -2338.1539695193133
2078.5418140169572 -5000.095856653649
3831.7375286360916 -2477.7026024743836
-3349.7713530297956 -2128.458103782673
848.8088357573562 -4479.7152364293015
-2806.1842576273784 3630.6519235301575
-3251.7776355019664 359.27768946021837
-1383.8557086103317 -3676.63322682372
1519.6881290933209 -4153.591927204372
-2353.4319739592543 -1351.4153651442964
-2862.382715753009 -5283.956687462956
-449.5333010864749 -3404.4145209741077
3630.3957907623835 1331.418331674883
-3524.7336257863835 1673.8473834634822
2503.096424066291 -2873.89654729475
710.6359083526621 -4559.104840828951
3114.286965587127 -29.797545147636193
-3017.8000891327347 -4832.307744091663
2817.0615144616086 -1751.129866784186
2918.5759634306905 517.7911472954319
3972.8954248925515 -1689.6710510820585
2267.984621878326 4538.045026869691
3713.171503554818 250.9097625163646
-1642.9758219232226 4353.8892441923135
3080.6263046961653 -2101.0173187981377
2485.1532458493116 -2530.5299154067907
-2281.184673335987 948.0646944768478
3257.4134132995023 5285.3130463273255
1173.3007633057987 -3769.8431182684117
315.0377389906671 -3010.8896051931347
1317.6404694137611 -4041.7911376007273
-1697.8821216043832 -1728.4970547362184
2970.023954298846 -2374.861329868837
-580.8039750709759 -3139.204959019896
2777.423919624361 -2447.6005762751256
-2709.930322254646 -2327.7057675242127
-2382.6131122447773 586.42429464586
3246.3158549623454 1616.3715547098031
1410.184285392794 -5118.545435286651
-3442.8303640320987 1268.7014032690433
-2353.70283024441 -319.56967585823145
-191.26866998378054 3807.1882788901353
-3467.603326360668 3021.1713370776965
-3462.6575144889266 -239.62542696050966
2759.98484774412 1132.766752260824
3196.006536115831 -3004.354189475005
1585.2844820007624 3340.734341564884
252.250693154574 5349.187320297084
1127.4450683458815 -3433.1026085566896
2850.701083528755 -502.04776875142267
-3855.776067419412 3470.733440259248
-2564.9791645937303 1037.6632271025358
-1129.0619682974143 -3067.504992052587
2565.1475629806387 -1185.5342836703358
-2363.9702412657343 -1158.0259376957426
-2391.8985152273503 3661.0021204452178
462.50267150396087 6092.004009025277
2227.587187068869 1544.5107952367723
-79.1760519708421 4022.6323971903703
-2094.2042306765643 3405.2991306837266
-3957.5636688367276 2389.0913160562927
2467.4479683898944 4887.833490642453
904.4473352170812 -3211.7267493199784
533.5282720471632 -4051.493603166582
3991.5115123797755 -2375.883234191525
-1440.2596619718774 -3229.143534673942
253.99399788719123 3691.0799285122503
-2506.2057874971774 1634.0581441210522
-3097.045274510161 -1890.5315003062533
-2454.2840684992 -832.072440628339
-339.9029118956875 -4511.262231680856
-1575.4008114232563 3065.1282099911446
409.2556298139344 -3450.047528449675
-3620.2686449212 -2294.2695591661036
2287.9054707565783 -2918.100648899801
-49.09072760424763 -5091.665687205444
274.81940868577715 3236.6235581741435
2970.962737631706 1766.8534486544552
3018.0133600344516 -2000.2489996845745
-419.97009283834115 -4227.204668767059
-1216.8061893261959 -3573.5370801053596
1079.4173522284102 4580.139196782203
-831.7188495607969 4674.552504265911
-1740.5761570927211 -4896.804019829516
-3105.0739760333354 2253.259997362267
3111.379580197935 5120.586965457162
1814.159555982369 3789.9701622831144
-2006.2591110548947 -1636.7240874961667
-2195.7427548550313 -2987.996118735005
-2941.470539070537 -1004.5982728931126
-3436.727816188947 -1070.7611082655858
2230.377695191673 -2599.722840049221
1193.9908926705614 5621.204919641061
2528.454652173388 1184.2612719407189
1314.8221381319495 -3764.680087376617
-2518.5894887961836 -2622.019309293505
1979.8898134484457 -3041.423327237338
156.16638338964208 -3590.0090102817285
2557.580595483435 -2051.125512759709
-2331.8260766921353 804.305474199375
-3012.981774569885 -2051.96673416758
-724.6120187550714 -2800.8175173323184
2739.324649619318 1939.6107101481512
-2191.1137295264657 -5632.873212958536
3402.0583730342264 1397.1492597054757
-3920.0672852995567 1805.7313701886808
2767.969992798088 3422.0800931442486
-2010.7611761440703 -3461.50350202552
2238.409077383804 -2052.844798240917
2491.982869896849 -670.9444506088237
-566.8638920994277 3267.768644199548
220.09063041291114 6005.434672090682
-883.3622341551038 -3415.4818997133802
1835.9051420683036 5388.422599086839
1969.0941753363536 -5015.505785643132
2624.229235758127 -806.9499012374297
-1583.3706078947018 2774.1159151611114
-8.74038734560101 3862.52005753153
3350.471954301739 1733.3720380283494
-1466.225420424466 -5204.362284986345
1715.899197710696 5268.188292717306
-1247.4289288991072 -3881.327234497168
-1712.4852650170374 4070.8987665698282
-2383.2748895874734 2922.9588728430895
-2132.856096789496 -3291.842309447578
-3232.066004245369 3438.41481903815
-658.4103848283268 3399.6699203298917
3386.987675246515 -794.7537152027937
2069.5174425688147 -1706.0334163224927
1529.0595863492003 -3992.352742426708
587.896070753511 -2869.233098017634
190.82152686702125 -116.36171101904267
-2.95157091193416 3597.06703250959
2278.991150426315 427.2270552865389
-2252.8146565638635 2939.7322629704713
-2435.051115857679 -2365.820113600834
3355.7507154299074 24.702077898179777
2717.106476213946 1602.4170404485922
2610.1921992298235 -1426.9407990859825
-40.9155017708458 -3781.507099080983
-2729.0520350920146 -723.107059269017
-2106.965596669562 2940.4485263907945
-3136.0255525168745 -3041.2935293124615
-1686.1580474265854 -4817.949100536307
2319.7818462175924 2626.7917858396704
-2592.2497936725135 -5607.7360977231865
915.9649166761452 4167.9415315937795
-2907.2443934575435 699.8068603592709
1146.2756246527847 3546.788495544388
163.43967589033082 -3770.253282220505
3796.520809961202 -246.8346974517589
-1801.212353574958 4201.878668429488
-2385.969810221431 -6074.136887022473
-778.8242470111926 -3101.8970806568504
3560.189250978269 1474.225183428302
-2696.1677623984056 1737.488722857992
2156.557795073802 -2346.0795735738047
-1924.6343902479834 -3633.03286269743
1885.4997784236239 3128.086562179267
2022.1026412985036 -2000.2285935069172
2864.9814759339874 3144.78351559422
3202.843860567248 -1996.893348203517
-3100.4962416450558 -870.2726709178992
1635.465581605028 -2931.5950523797296
-2058.5513319021843 3120.986552583515
-1820.5885501544901 2594.8299539500345
-3497.423949591888 -2316.8158361707983
-1408.912325108492 -3545.7431992013494
-1197.0986631195158 -3340.3805192818304
-3712.443096127209 -437.8477645775949
2361.6331488195233 4188.98616290119
3671.7818527761096 -366.48704580142663
1156.8341855816823 -5046.067475735882
-2304.507461704994 1850.4295077625186
-1011.6083980672543 5131.818073951531
-2712.859731613721 1471.4298819325327
-877.028698324079 -4319.0876676997295
357.4781485585898 4305.258068893534
3094.2550815621767 1011.7097808599989
3008.074151809694 1012.5945574615489
-2471.2088142706743 155.81655560874887
-2591.799559303623 1428.210916880864
1887.7464479417563 -3795.7481803351043
-2746.7122531681434 751.1761093505881
-1181.9012044056878 3709.3443955022094
-1703.4775711318382 3889.85902626831
3843.6094408770427 -2797.8589941564364
635.0597418648036 -4724.180167688435
1255.1625877983313 5816.303165927044
1859.1496148293827 4326.687490738292
106.14577368805314 -3921.792398990685
3797.8521706841025 -427.8045594227765
2017.649392638575 -2128.2546666848993
-1774.3423895597182 -3444.047787341179
-3547.22615386242 3311.5641398532207
656.1868552230736 -3338.211537678974
2170.451065131809 -1196.008833451193
3790.3238596109923 -3096.1479992670857
-3161.264058273173 101.96764054404599
-2404.316815325784 3063.423139592814
-1904.9300196527047 -5598.37325040632
4125.8114001664335 -1648.2008351124987
-924.024622110429 2989.654270030227
-2816.819667223998 -3270.310239101796
-940.7107467536061 3658.4464454865324
404.0907518419602 -4911.645515965394
-141.28298582004913 4223.404251000886
-2391.8904994750023 -2909.30952300479
-1098.278516566888 -4267.18354144813
-1746.3584320086095 3056.3643108999527
-2288.267326164689 -5414.778090357246
-2391.015439860472 2769.25155822838
3575.0920758310735 -3082.034449061092
-880.6288068421226 -4043.0533879923273
3182.746113351096 -1210.183781478028
-258.0663585236859 5325.801646488434
1911.5468292920716 3233.2248421760905
3886.0851971225065 -2724.01266452154
480.5817851715445 -5000.208487765102
-1714.9984341575673 3224.5882675494217
956.1455473906204 -3030.889361894912
-1130.8902138170345 -5568.234782745414
-1786.8346829976083 2892.327653758437
2294.6185112251696 -4640.297803126487
2471.2196176035395 -1359.9960860328404
234.5105911109221 -3730.565599546889
2895.0377925206285 5471.650701760229
3565.217607988888 -124.95046318788356
3360.1909419226067 1138.08223868071
-338.9501484887086 3671.9306267277598
1067.1255056184284 -5202.770606213784
2366.529394242361 -1274.2296242873758
-2085.6754071227733 3591.7550318642266
-1813.6435452555193 4434.617631024316
-876.3837864918851 3855.028621979115
-2529.0737962074263 -12.953663394905636
-2809.850364957278 -2825.098043659792
-2995.1393916031 676.3969611280654
2288.514563464969 2993.4428258919975
-1529.5336487826228 2984.8333594291826
-1477.6820853598413 3426.0113429165053
328.72835887315335 -3193.2541935929216
-1059.0756775349785 3682.914392251924
186.91004169767365 5264.210904424645
-2546.307457159425 -812.111897171844
-2439.5956939344906 1846.3242608548135
-3682.016018100746 3263.4977603309667
1051.3331573451342 -4551.645001492384
-3349.3052431073274 1500.0988312332645
-2783.2141838335615 1747.8307151274134
-3568.645074115704 1381.0886213670708
-2295.4950067608806 638.2789675621094
257.72052032001704 66.60714716987098
377.70430175786515 -5065.078463762448
123.59297759310638 -2512.4205024549933
-1735.0215325139875 -5144.058824708166
-66.71036153687851 -3997.8306421051
-2196.9195724120286 -3630.8732622770144
-3011.0080270920503 -1608.956821646757
1793.7144236644283 -5296.425537391583
-2627.7243466578525 -2263.1565687648904
-763.4658335969525 4062.821042656838
-2859.1970791261288 284.69500229820983
-1291.5520226061767 2983.2716864943413
3842.5131062766354 -2089.894916700727
2398.7212500661085 -1454.1124560079759
2950.026300693655 5047.163489484743
-1809.5073046214288 -5323.051462363294
-2792.4101164340414 3742.5692742139795
712.4066497479339 4278.552146466587
492.54030788237094 5956.316586062694
1508.9065094832476 3844.0625926018497
1819.6043495766446 5206.1581957007775
-2517.0710182845223 -6055.396362671641
-2749.349332085266 1381.6782682520686
130.55474917793885 445.8359857331902
-3517.8334145411645 -149.52757543207122
3225.0030906853285 1367.9428736028158
2165.1200479731506 -3518.538703327097
1777.3850378258321 3444.044623778298
-3714.699686105659 -2274.9563678376103
2331.5706609068375 322.2779967443121
-2405.1431805326156 -3822.8706189639274
-2439.1265825973937 -368.3342055645402
2427.5799846998775 -1741.160020941441
1866.0687444186706 -4926.930859774618
-3499.4670811985784 -2995.4087141567
-1217.085816987683 2763.9645110822844
-898.7830992566979 3439.644811618228
2811.492815171654 -32.46817564922704
-1009.1432036739008 -5236.8223907927595
-1856.6231802115217 4023.946282296158
-255.54505387867056 -364.9560223910055
1862.7485529489643 -5303.673911368884
2077.16984660364 -1134.7994153791556
-621.2927636652386 -4889.2386878896805
2044.219330140572 2201.4040358494576
674.0135650539474 4503.180881733066
-2455.707169571653 -2498.3919745854587
1189.0000975270684 -4233.583349387214
-3389.179344285441 2403.1693489626355
2825.9404744312237 1269.5419599862125
-2191.793385286383 3280.6881109275373
93.98829778241887 -3731.391963083922
3960.834918101902 -2027.042138619876
-3081.5320820500474 -2642.6964389400114
852.4402457470829 -4029.861583994598
1828.3324311861136 -5198.435971969466
1296.2011309135387 -3662.6499906168665
-3015.784721640828 -168.70614630071546
-2928.9012838078015 -2081.2722942000455
2230.6971931870717 3326.941436309235
3369.4338643698657 -666.6703723781211
176.1051383455668 3213.378299941563
3563.754342389059 483.4019665290033
-1336.9495992759253 -3483.8708071325896
-2577.7438199052067 1726.1612402785277
2809.5087625983333 722.5587502885386
2329.231612909276 2824.345492740128
-3049.503890108671 555.2678017806703
1003.5584722322184 -3851.7615256181225
-2654.3113605181275 -5355.47721785423
-1243.6926494531308 4532.406584721233
1505.0137124659254 3370.6063523584226
3531.7746577892217 -2561.591330213312
-1709.0738668669142 -3481.2311075218095
-1498.0535700265182 3609.824158010634
-3169.9563092386893 1155.2087318088834
200.85066045533642 -417.0098165212512
-823.0423792223985 -4282.920991357653
-2820.4940188896 1509.425365571145
-786.3413485751599 -4065.353263112611
3194.414489103462 1475.3717634404265
3047.6910022912475 1650.8104515833375
-3580.6195941206984 -2171.1346891814537
-2548.6653346286403 -2281.5514248123995
2942.0303463810683 2017.464991324094
-2612.022547941602 -2877.8810724169384
3618.09340314745 -2948.7319804420626
-2987.9783843102564 120.24467767355331
-274.19564391089034 -4334.86117479655
-1005.4583744035715 2907.7474259378823
1926.8241279835493 -4905.845995951159
2810.1542743685022 3236.4348260033353
-2833.8192366108447 1906.525160753596
137.80465085978776 -518.2086698194868
-1175.4223118807467 -3663.007240321535
-2337.770010541328 -2865.933904340154
-2439.8957176681306 3182.1163685949455
1813.8077514763565 3646.619321887004
2619.0797242950794 -1262.1499446822743
-2179.6747743934366 -1520.7916153446727
3087.976093662146 1406.7359899724136
-2634.634755211671 215.43801218374634
268.36871024188656 -3545.3777061173137
1219.793001729761 -4139.58365950979
-2597.0916139822903 -5462.19704347449
728.1579733265448 -4433.607266525099
-2510.689827954101 -5198.75249360694
-960.8729146236259 3865.9161635379432
-2461.119675859599 773.8383237460426
1951.8388266711556 -4729.803925666145
-3281.3784138170736 -2280.1656011828845
-1063.4279820456986 2860.106832613372
3556.6974656823204 11.961490794098033
550.1496480816683 6115.139344458109
-336.2455038519534 -3313.0024048792743
-265.2432404523962 -12.134862981595969
3306.9412263292706 859.2403377816888
-973.2617919602274 3395.0629227910167
-812.5252689744168 -5158.60061690408
145.45253710142907 -4262.215928848076
-476.39531750857105 -5195.951973962741
2957.45731869434 -394.8189047577399
3852.5859871735697 -1265.94151502716
2691.6847710650068 -1578.9088451420914
-2917.855451221743 -1732.0623562468118
-475.30045222217063 -4195.78224210037
-2957.0810363185246 -2666.2289003375345
2811.1390886149375 589.4788436976145
-2299.0288616747052 2284.0711969083322
-2954.558397985033 -1541.6108248823612
2283.508975568783 2706.950335438838
-726.5610264090254 4347.939655781963
453.7494474181346 4092.273188352978
1212.956920197315 -4341.558786088625
2756.307463482023 -174.92724283711942
-1932.641928942285 4142.198816447473
-2877.213295058485 -397.6080062245066
654.3222834541223 -3685.7221872981822
-898.0350770306829 2904.3324464221364
3002.9872783039086 -2123.638217510143
278.14794271768073 -3968.224503444511
3057.7564556908715 -2229.064353583094
-2511.069953023373 -6290.367207317896
3888.5992379046243 -378.5746540015771
-1097.262658678668 -3580.3422993235827
-62.245894027508164 -4304.3112567108865
-1393.7338324052243 -5481.100286121782
994.4467905202285 -5520.973209455586
1442.0430971578537 3768.108363604529
2678.112838772311 489.3134424555925
-953.3397516108116 -5026.324386931509
-2672.600227528999 1559.1217130071052
-3089.4226121893525 -2052.8597641205088
-1491.670980095194 -3576.0284644515627
-2471.7676252051583 1948.046299167182
-3113.3989454924495 -428.61632931602503
-3167.0083222448848 1421.3194904845625
1953.2625729693202 -2819.5403860373262
287.37001010525177 3960.5995528467442
-3596.304170511567 -184.89959229926404
-2442.9183337824693 3759.5158531848433
1107.7957450443068 -3889.478735786085
-2027.6484112701396 2875.866798698075
-3792.65325295426 1833.1883201168605
-1665.7300719262025 3504.0973904490907
653.3437330608659 5583.814510166014
1634.9183856104848 3498.380262007251
-1768.9122514951214 -3676.8112988561807
-2553.162228877636 705.2660507429299
3057.915142946822 -1933.1278358883199
2897.5180940945083 665.771063652725
1679.5891719112917 -5283.959016924326
-1044.7427369259644 -5525.82730735905
-1071.4331684867573 3882.6632327391444
-2878.691536763724 -2713.6675292295035
662.5168401511544 -4233.365771931208
242.5289629639908 3099.77853104687
-1068.0164940708487 2963.348969371628
-1439.5823431266367 -5690.231492709228
-3175.0865054468995 -2276.2612952707123
-1759.431373482447 -3807.00215118448
2970.194293432377 895.4177255665345
2255.4938249811516 4430.786025960144
1618.2163768228643 -3585.4155339083563
427.13648701764095 -223.41577116013613
1125.6483240513437 5403.339702220768
-3443.6126802695762 1710.3243353631012
-2250.3031673310024 -5772.382907875472
1275.9928210693815 3573.0708995335267
3689.1746938219303 1092.9088222464877
2862.213085907468 -837.5964204256956
171.70373035988806 -4514.98171990749
2941.6856747445995 1255.0274431758542
