12.5 0.7396116709865317 0.9810724014220695
37.5 1.065645954285862 0.64113524204169
62.5 0.6999019971805601 0.424989784881024
87.5 0.4613816949069411 0.3290538754936811
112.5 0.2784479474203294 0.2760987466811547
137.5 0.20428979172475756 0.23917550434778456
162.5 0.3461173342054892 0.23393067267310055
187.5 -0.019937505074500234 0.1800170724973981
212.5 0.15314207863931453 0.18580603528602765
237.5 0.23032372184270375 0.1822019048816161
262.5 0.5199245142516965 0.1957596358272832
287.5 0.09003496418501922 0.15121797144167937
312.5 0.14316281697216798 0.149782310398718
337.5 -0.004745302810642782 0.1342694066765798
362.5 0.14946830582843001 0.14002468175973834
387.5 0.09418660804807644 0.13138372751631716
412.5 0.16874392564610702 0.13350544968460118
437.5 0.15067244409734504 0.127032051938726
462.5 0.011603960487232612 0.11499244178563021
487.5 -0.02610956081516358 0.10894978155979984
