12.5 1.4977620326457535 0.5138691266864097
37.5 1.8329930890055017 0.3172509709285868
62.5 1.1115669475798091 0.20908929668486514
87.5 0.7620091217957174 0.1621002979682211
112.5 0.5554245385112193 0.13527312403130187
137.5 0.2674395628941084 0.11068121537002273
162.5 0.19079770915624028 0.0972779848965597
187.5 0.053370282420561965 0.08482278206046828
212.5 0.13844179081168573 0.08281123354069655
237.5 0.15099035487385026 0.07899225405153146
262.5 0.1989703885216274 0.07688039025416972
287.5 0.05402862442463374 0.06872379378146035
312.5 0.18030575205801802 0.07013476685845131
337.5 0.17718019766597837 0.0670167355597231
362.5 0.04462419416776253 0.06176509461345403
387.5 0.009814151840030316 0.058306539762531875
412.5 -0.0033200255200397377 0.05592347942474994
437.5 0.09554670929489051 0.05783289877398976
462.5 0.13223744000886128 0.05664927030903468
487.5 0.10347240444327821 0.05466135184313904
512.5 0.2053530743440939 0.05589961808674933
537.5 0.06925987257086974 0.05148853148077903
562.5 0.023881325330600722 0.049166874179702544
587.5 0.010989118507141127 0.04784528955681098
612.5 0.08880200097395785 0.04896431201529061
637.5 0.07293318399532578 0.04809988916290999
662.5 0.021520774307932644 0.045589880251468574
687.5 0.05475160788621558 0.04548217296601794
712.5 0.04534644812602995 0.04462852106697166
737.5 0.02062553658187105 0.04333019569443771
762.5 0.0723320887415515 0.04384828247555565
787.5 0.09709686933886208 0.04347744327360166
812.5 -0.022328128475952558 0.040602426459758666
837.5 -0.0010816288341108926 0.04048341742310531
862.5 0.0558296806527101 0.041074440774097755
887.5 0.03254093444829098 0.03983549949924014
912.5 0.08412339575050853 0.040380171495270074
937.5 0.028310961130270318 0.03894141139653987
962.5 0.014772711284944506 0.03810394653659877
987.5 0.004323399889996304 0.037501050891933625
1012.5 -0.04678529753992633 0.03609202763966333
1037.5 0.06413494406069664 0.03775701021234596
1062.5 -0.006580635701763038 0.036259017846117444
1087.5 -0.03971485356275384 0.03503643211032615
1112.5 0.06041260510005131 0.0366033125756161
1137.5 0.011516931034716738 0.03547847189210135
1162.5 0.09781369343072521 0.0366533669555132
1187.5 -0.05593107814850706 0.03343066244205268
1212.5 -0.03420220806229379 0.03351659474029248
1237.5 -0.035782243674096104 0.03324647562776503
1262.5 0.03195630038139652 0.0340968461744616
1287.5 0.013534228505873047 0.03351690201610214
1312.5 -0.030091180732126577 0.03256680181072667
1337.5 -0.03853939516263982 0.03194714733574319
1362.5 -0.01739364356807649 0.03200749246253879
1387.5 -0.015058028478789454 0.03195211809312346
1412.5 -0.02299221878169244 0.03151404831424432
1437.5 -0.08079724810367384 0.03026794475812781
1462.5 -0.07654796956213661 0.029998169655490913
1487.5 -0.03446567667403133 0.030690480181980003
1512.5 -0.030567516784892113 0.03029630880491077
1537.5 -0.0790949018029593 0.02937335222574943
1562.5 -0.020859134159938897 0.030145877422804047
1587.5 -0.05263543494428047 0.029431035389106304
1612.5 -0.05874357819012321 0.029061413556979394
1637.5 -0.05735013494647179 0.028956712121162985
1662.5 -0.048118955073275904 0.02897701473628248
1687.5 -0.02922904360670464 0.029062037590841756
1712.5 -0.03069736403069734 0.028841195058619654
1737.5 -0.07033843447276122 0.02810300709797019
1762.5 -0.028049970744148278 0.028588616211824423
1787.5 -0.02274010687332262 0.02840025129361589
1812.5 -0.10780510131764742 0.027007259465383335
1837.5 -0.05035618507978645 0.02769211753259302
1862.5 -0.011319933591438014 0.028104737651114008
1887.5 -0.11580808553126898 0.02643243861434148
1912.5 -0.09532987886109168 0.026578043936734363
1937.5 -0.09687113030851446 0.026431944169293106
1962.5 -0.09376549939989154 0.02632575231802087
1987.5 -0.05362615096301426 0.026815136629723547
2012.5 -0.06719055883623248 0.026489210659967167
2037.5 -0.09252665501394064 0.025978488128790982
2062.5 -0.07999789043372207 0.02600904584171811
2087.5 -0.06594577643848787 0.026076019202216916
2112.5 -0.08407155221559659 0.02574205121108059
2137.5 -0.050788245363717066 0.026127788524873553
2162.5 -0.09173910776948102 0.02542619197486703
2187.5 -0.09289848688817715 0.02520073138757819
2212.5 -0.14818755763637648 0.024291735110376196
2237.5 -0.08968471362916841 0.024990518760446535
2262.5 -0.08814797918427941 0.02505163965096075
2287.5 -0.09657435801963843 0.02474470782751699
2312.5 -0.09377813803678658 0.02469539674008861
2337.5 -0.1058795853181137 0.024406676119055247
2362.5 -0.1106601860221127 0.024213078155137305
2387.5 -0.04868117564924024 0.024933346009198394
2412.5 -0.08727678552779461 0.024331882686475872
2437.5 -0.09526342952591849 0.024066583891162972
2462.5 -0.09100239780673691 0.024048148938368867
2487.5 -0.0982915659835204 0.02382069605289741
2512.5 -0.07562142665653027 0.024074654539446433
2537.5 -0.08463654288501521 0.023916952565584935
2562.5 -0.07588934054614482 0.023846939725107368
2587.5 -0.08328413685159619 0.02363871692711195
2612.5 -0.11246368588214195 0.023190272019469466
2637.5 -0.11998336223179551 0.022976456369715806
2662.5 -0.07319363909586718 0.023521884131914535
2687.5 -0.04633111740862217 0.023780132235072655
2712.5 -0.137034378319299 0.022526887514236798
2737.5 -0.09083121103048042 0.023018872058625014
2762.5 -0.07357860762630897 0.0232496241915258
2787.5 -0.10378032799327574 0.022730517003927402
2812.5 -0.077532587413081 0.022993937654843415
2837.5 -0.02740883288785778 0.023564994906916516
2862.5 -0.1031256171316004 0.022570212457048672
2887.5 -0.0827118264306782 0.02276675451274734
2912.5 -0.0951056561322986 0.02243568365183575
2937.5 -0.07414526726772985 0.022669296315305735
2962.5 -0.0821504443797797 0.0224844410537958
2987.5 -0.02129686004704845 0.02323933259693687
3012.5 -0.06934529969509029 0.022473735017142445
3037.5 -0.04813666054511356 0.02270174251629952
3062.5 -0.03305302446827785 0.022856531179364793
3087.5 -0.06210097475212517 0.02234649427008429
3112.5 -0.09014766659342444 0.021941153178179615
3137.5 -0.04320243902344989 0.022521893673028266
3162.5 -0.08244472152747329 0.02199152138005402
3187.5 -0.02164222580968911 0.022663441365339237
3212.5 -0.054192917864251844 0.022170463442715987
3237.5 -0.052745905398164705 0.022186863014444343
3262.5 -0.05352618571062906 0.02199783885588401
3287.5 -0.07646881381424409 0.02175420205373776
3312.5 -0.0992828906965032 0.021439595645960218
3337.5 -0.030778934518907453 0.0222004292681467
3362.5 -0.09511000150135529 0.0213745249880784
3387.5 -0.04769268755564149 0.021927263289691808
3412.5 -0.042250033054368585 0.021906732463506152
3437.5 -0.045245831146821236 0.021781799078249207
3462.5 -0.030848722923888183 0.021913950508807064
3487.5 -0.016965316177914636 0.022012353240892117
3512.5 -0.05858762164296072 0.021452321841161626
3537.5 -0.04103779103779104 0.021627045603312016
3562.5 -0.0725451460546348 0.021173987061552296
3587.5 -0.05769827638686931 0.021310988210143066
3612.5 -0.02557657599467733 0.021632605240196338
3637.5 -0.01418025296709613 0.021783716556127958
3662.5 -0.029239198763708507 0.02147292197333753
3687.5 -0.01637483657243821 0.021580713400898822
3712.5 -0.03075605789342073 0.021387893254954105
3737.5 -0.03127138991418954 0.021325681135330097
3762.5 0.021275569026261598 0.021833357746155368
3787.5 -0.008301816527061634 0.02143937687375484
3812.5 -0.024817385174324524 0.021258799173156085
3837.5 -0.006957626890112589 0.021424766559830874
3862.5 -0.03113622234579594 0.021109723791634033
3887.5 -0.011299277466100155 0.021272054017600947
3912.5 -0.01897405790397977 0.021191563847360973
3937.5 -0.018703307529897795 0.021120535649351773
3962.5 0.010072330693246201 0.021396173481868234
3987.5 -0.02637186677640535 0.020967905337412798
4012.5 -0.038148972333648334 0.020791803815211916
4037.5 0.002618148664660147 0.021227168634208236
4062.5 -0.015964748712028465 0.02100020048358961
4087.5 0.007954810944742707 0.021230151150915328
4112.5 -0.013471684361213043 0.02092858257738094
4137.5 -0.0022736789039221605 0.021016823605807453
4162.5 -0.05136119077776802 0.020423928293091673
4187.5 0.020592870681318542 0.021180497947456415
4212.5 0.01452646424951931 0.021044297507784637
4237.5 -0.03132017476970206 0.020595660582397462
4262.5 -0.009636787379492917 0.020721160279363972
4287.5 0.0015863364369652633 0.0208739729357098
4312.5 -0.00750116551363722 0.02077968964082813
4337.5 -0.04607527991878413 0.020247232972610735
4362.5 -0.00019296567519910823 0.020713745766475736
4387.5 -0.0019360731205334547 0.020668554687327485
4412.5 -0.010861633736170773 0.02052901514822114
4437.5 -0.004901801338034195 0.020559106751955786
4462.5 -0.007178137733693246 0.020515825577513795
4487.5 -0.02221968745445757 0.02034211843114696
4512.5 -0.0758842634147906 0.01970801431243486
4537.5 -0.016984910831787325 0.020349165038601076
4562.5 -0.06209956031693542 0.019838017323738306
4587.5 -0.016195574173770377 0.02029777370214704
4612.5 -0.050624127635053084 0.01991835248458755
4637.5 -0.023472650658072913 0.02015855271021607
4662.5 0.010610092166211782 0.02051430317146414
4687.5 -0.0475964213052088 0.019863162269589896
4712.5 -0.0155366854241471 0.02024423538567687
4737.5 -0.04387325622908156 0.019803098951328976
4762.5 0.0231914080000577 0.020578886302310438
4787.5 -0.03021156586934115 0.019972188048385266
4812.5 -0.04604710173155635 0.019757585712832905
4837.5 -0.029159250398683723 0.019948644010034627
4862.5 -0.022125318258714777 0.019967405828361443
4887.5 -0.0009966797887562828 0.020138665010675804
4912.5 -0.013822332684760297 0.020020850428867903
4937.5 0.021669691770887622 0.020332172206332422
4962.5 -0.024360187403665634 0.019905042444036725
4987.5 -0.012446743721382325 0.01990130174864221
