12.5 0.9355842292507479 0.30097662210057885
37.5 1.1556686599247796 0.17970891021881755
62.5 0.919396190101768 0.13313441042846583
87.5 0.43618628354243727 0.09568626738228729
112.5 0.27950876759554677 0.07937130906410858
137.5 0.19492000092120265 0.06946355368709167
162.5 0.3280647669249588 0.06762341066437239
187.5 0.27302858991284995 0.061862186622084085
212.5 0.2604364389461977 0.057447422850797084
237.5 0.21411312987372844 0.053132296435611286
262.5 0.27597876706474644 0.05196210947336489
287.5 0.177577758786168 0.04748265523002391
312.5 0.2097476350924825 0.04660090352138318
337.5 0.19832469203638725 0.04428872950689988
362.5 0.22100974748368363 0.04336069068465863
387.5 0.20283819918380086 0.041761186655849054
412.5 0.19388880407684916 0.04021997756691623
437.5 0.18941945455670672 0.03929075660792568
462.5 0.21258076899928002 0.038679618484238336
487.5 0.18865299023357274 0.037117521953096554
512.5 0.17280764142715177 0.036031542988612476
537.5 0.20951885573191786 0.03583377997062431
562.5 0.16684527832314777 0.034552065307665004
587.5 0.1745476617135413 0.03378787918731855
612.5 0.19999138871676436 0.033589116272178775
637.5 0.20290372831915748 0.03288801208716466
662.5 0.13014218339340355 0.03152775539686901
687.5 0.17955951886501054 0.03159078728909527
712.5 0.13561314946392344 0.03036428916433888
737.5 0.15351989389770515 0.030116786905866194
762.5 0.16922979267118898 0.02988628720288115
787.5 0.19170118397932012 0.029887918144628663
812.5 0.17754217915607406 0.02929741251297201
837.5 0.16070492946072212 0.028625160106034747
862.5 0.11682759197862058 0.02759676635809684
887.5 0.14260261900058646 0.02754613173102714
912.5 0.15685512176270255 0.027323197654260063
937.5 0.12272357355446739 0.026582151443140953
962.5 0.20468520730546302 0.02731315346049744
987.5 0.15942783995965404 0.026351435567430574
1012.5 0.14455075059499367 0.025979463161580604
1037.5 0.14192789152702767 0.025717731645770698
1062.5 0.1781522539000635 0.025829704381956517
1087.5 0.13212477025085279 0.02502530785482918
1112.5 0.13421059142614777 0.024758161870064223
1137.5 0.11874503155513061 0.024346301277588918
1162.5 0.13684350072053975 0.02432600467024573
1187.5 0.13208152759756642 0.02401857005451932
1212.5 0.14472819725532204 0.023887932812885152
1237.5 0.16102948370700054 0.02390259912360974
1262.5 0.10446274636371156 0.023065827774305197
1287.5 0.1473679615921044 0.02334341472756648
1312.5 0.1256488160829814 0.022904297950275168
1337.5 0.11825827200241723 0.022625861926255306
1362.5 0.17141430626856136 0.022975708049544026
1387.5 0.12929207973013201 0.02232594217735703
1412.5 0.12636816108834403 0.02209086524649501
1437.5 0.1314556387369703 0.022100286676314335
1462.5 0.13696749159173827 0.021895088199258943
1487.5 0.10867970913165514 0.021405308129125732
1512.5 0.17390076094998563 0.021960719219543796
1537.5 0.11921260089207064 0.021229107277494916
1562.5 0.10715572358323633 0.02090566003398462
1587.5 0.1038220611417171 0.020735895424837034
1612.5 0.1421939223362232 0.02097649928637906
1637.5 0.11869674747825854 0.020650722952610265
1662.5 0.1308136000917084 0.020552594505831544
1687.5 0.16005192304573934 0.020751427674510214
1712.5 0.10828368779968423 0.02006407204648222
1737.5 0.13216649536302505 0.020228103297582987
1762.5 0.1257179345057351 0.01996813080841041
1787.5 0.13164712922578858 0.019895078327040416
1812.5 0.10079657484422877 0.019530158754266218
1837.5 0.07970019346072776 0.019167233565554224
1862.5 0.0932861690316853 0.019244348212637385
1887.5 0.10645257703629296 0.01924178442316402
1912.5 0.11642186180887504 0.019234698516745734
1937.5 0.13985286885345682 0.019307739620988824
1962.5 0.09070350536546234 0.018717791570290417
1987.5 0.11626672979253927 0.01893476067297781
2012.5 0.1179966966330186 0.018815989144171735
2037.5 0.13974670257342026 0.018925133127612397
2062.5 0.10696220607675855 0.018504031360116354
2087.5 0.1495796128174005 0.01882062800514233
2112.5 0.09765940624368263 0.01830106310472078
2137.5 0.09422359723970053 0.018118125715474623
2162.5 0.11537341938815238 0.018230859415805236
2187.5 0.09784874154819145 0.018069020612647358
2212.5 0.08963009775364061 0.01784102697087763
2237.5 0.1314619467177196 0.01817730448217586
2262.5 0.1337029122848863 0.018114421245126366
2287.5 0.10211504316354691 0.017757907785138662
2312.5 0.1281543809194472 0.01792810104601018
2337.5 0.11881960624432009 0.01777189710269215
2362.5 0.1137976752351546 0.017666888602503775
2387.5 0.0943802811604113 0.017355750054356377
2412.5 0.1023784699370609 0.017392121764238596
2437.5 0.11796105116123057 0.017476948188940297
2462.5 0.07723019747392401 0.01709585827726346
2487.5 0.13732157719070504 0.017549900959016505
2512.5 0.1232598456177334 0.01730220024030654
2537.5 0.11721054891259297 0.01721648496355792
2562.5 0.0920643905782279 0.01690406578010994
2587.5 0.11954736477732508 0.017105185675448754
2612.5 0.1176587354330878 0.0170284171474478
2637.5 0.08256437130881467 0.016683263046393414
2662.5 0.07623810753119264 0.01658912808931838
2687.5 0.10094159293039273 0.016776914441615977
2712.5 0.0760550826213513 0.016439810011151232
2737.5 0.09664993339951966 0.016551500488593305
2762.5 0.08410463628695175 0.016429155808858845
2787.5 0.09154417243787494 0.016408659934726823
2812.5 0.07796615655165251 0.01624530870650297
2837.5 0.09773745488916497 0.016372327571927504
2862.5 0.06499354136116287 0.01607315396652179
2887.5 0.07965386761193183 0.016115096735419034
2912.5 0.09544800913044282 0.016192222864904206
2937.5 0.07904723323452245 0.016022683024516524
2962.5 0.09493143903197798 0.01612744806326917
2987.5 0.042344732616870884 0.015648983611595023
3012.5 0.09901519172744888 0.016048691845491514
3037.5 0.05813460449172059 0.01570172687574233
3062.5 0.07093139403913629 0.015793508186459887
3087.5 0.08289711586039217 0.01583354557363884
3112.5 0.07220921132156777 0.01566406793743216
3137.5 0.06835495810124792 0.015593767528440406
3162.5 0.07861082802125363 0.015622093877888304
3187.5 0.05421330600227248 0.01545185446133775
3212.5 0.05023897371959718 0.015351416080920997
3237.5 0.0783736541241633 0.01559987354533782
3262.5 0.08433288436446906 0.015570522194507965
3287.5 0.03825178762786763 0.015144480137621923
3312.5 0.06427969304100944 0.015346955954753938
3337.5 0.07040060962048766 0.015350743125014213
3362.5 0.08055087651785242 0.01539590177142575
3387.5 0.06160363972481697 0.015193398585747423
3412.5 0.06335346271376618 0.015202690831339585
3437.5 0.06625646080810066 0.01519781888147067
3462.5 0.11180709113356135 0.015500541879105502
3487.5 0.06886799880646222 0.015145206031444145
3512.5 0.0488856799122801 0.01494748666691928
3537.5 0.04355851247624942 0.014890067265233604
3562.5 0.05224005901889073 0.014888549273757636
3587.5 0.03492810802581814 0.014744109517201546
3612.5 0.05241222034319959 0.01488961857898071
3637.5 0.06384454985376098 0.014958262511904765
3662.5 0.046239945183438325 0.01480172295452673
3687.5 0.0499162224435572 0.014769104509029612
3712.5 0.0504179371595197 0.014756827376007543
3737.5 0.06149680476978481 0.01481868224113033
3762.5 0.033389169666194984 0.01457135997738412
3787.5 0.04224980534619682 0.014602395695125185
3812.5 0.05590891489489458 0.014706115438278202
3837.5 0.04099168637822004 0.014584370348186108
3862.5 0.04545031782356235 0.014563888495113073
3887.5 0.05261447952719056 0.014602537763532222
3912.5 0.043250621644347564 0.014499014700182476
3937.5 0.03457802719510128 0.0144398221024826
3962.5 0.05302675126996359 0.01454045073672543
3987.5 0.04724822196662326 0.01446016087969922
4012.5 0.03513990263026767 0.01430614631969834
4037.5 0.0412986711536385 0.01439975731276436
4062.5 0.028779100239650912 0.014286811617231944
4087.5 0.04023702697527054 0.014344207442777939
4112.5 0.04213210639943088 0.014390539200426164
4137.5 0.04021498544138957 0.014268966285138872
4162.5 0.05263250115115636 0.014382598741762334
4187.5 0.03381878141736272 0.014226621772243282
4212.5 0.01683684456054002 0.014066858053226775
4237.5 0.03986737090897097 0.014257687761590785
4262.5 0.04194668378983901 0.0142599911766968
4287.5 0.025645722744065624 0.01411675127465125
4312.5 0.038269795481165936 0.014169314348132176
4337.5 0.017724072592621987 0.014006575208575161
4362.5 0.0388595378198795 0.014164954252517547
4387.5 0.027277864315369493 0.014049731131520396
4412.5 0.05514825706200033 0.014220255732327944
4437.5 0.01891735297657071 0.014001833078452498
4462.5 0.0352141359784528 0.014101619662144408
4487.5 0.029362302337280877 0.01400647873016823
4512.5 0.039099242376127386 0.01412323811829758
4537.5 0.017232054765591975 0.013914274129383442
4562.5 0.04549064258818958 0.01415476942812211
4587.5 0.035908958029426064 0.014057838348906585
4612.5 0.03629855364290391 0.014043499571317647
4637.5 0.017024182439676405 0.01385818823581392
4662.5 0.017340583888946215 0.013893448752708487
4687.5 0.027460275479123775 0.013997360423883838
4712.5 0.02113706076330968 0.013940236046352332
4737.5 0.04072808883911638 0.014045887987808018
4762.5 0.02003296617206618 0.013881632071817149
4787.5 0.030095116747588246 0.013951436179593782
4812.5 0.0374967571260143 0.013983067569035836
4837.5 0.017788469689046904 0.013882389456740755
4862.5 0.0025461485728128785 0.013774443892218102
4887.5 0.0276248651149944 0.013903839309811481
4912.5 0.039725808976850185 0.014006501745897333
4937.5 0.018298387301945773 0.01382694677726626
4962.5 0.014568931096245574 0.013803188978464975
4987.5 0.013453619644297587 0.013792562257523658
