12.5 2.1147797447509262 0.6932479434971799
37.5 1.5746323801078845 0.3598166965612622
62.5 1.6456430420553896 0.28931493251307255
87.5 1.0866106660853774 0.2137791712972242
112.5 0.8952208752444539 0.1784176893222056
137.5 0.7052984077407307 0.15203189171909684
162.5 0.4989718900249811 0.13176900666935346
187.5 0.5564823025197665 0.12538995659658794
212.5 0.7101180517120362 0.12356005616227883
237.5 0.514129042587256 0.10992789163372237
262.5 0.5339518503147536 0.10335804452461471
287.5 0.43678953994938086 0.09626365939183575
312.5 0.3494318957649105 0.08991465637933235
337.5 0.3200800136636184 0.08455718248846612
362.5 0.2821387579168144 0.0812843156778573
387.5 0.3730686399791667 0.08123512474478896
412.5 0.33040012765904514 0.07801022716672573
437.5 0.3140716492710476 0.07542894610757785
462.5 0.20230638358042752 0.0696849335078265
487.5 0.22707516417064277 0.0689418843120897
512.5 0.26752429841253833 0.06849130636536349
537.5 0.1366156930249809 0.06339366799675893
562.5 0.18926060916977527 0.06383369123639683
587.5 0.22982025560545138 0.06377886391054789
612.5 0.2840279860994901 0.06418645999696074
637.5 0.15395794682274988 0.05962671308596293
662.5 0.18320926820669592 0.05935047114835292
687.5 0.16385271853050032 0.05822229351028468
712.5 0.21747698306384944 0.058261599887413126
737.5 0.21861617908716346 0.05749607750205847
762.5 0.020363858557550074 0.05150624057479221
787.5 0.1121584365120194 0.05362016572138061
812.5 0.13200987667132957 0.05340286790858274
837.5 0.08405223150015528 0.05127222588766694
862.5 0.2073970784905368 0.053655515417372596
887.5 0.15985443798785326 0.05200726559281993
912.5 0.017294641316800474 0.048069886399632146
937.5 0.10763356554605985 0.049437529100951914
962.5 0.026934256450625638 0.047512241830131315
987.5 0.026374758977792068 0.04680964866701244
1012.5 0.002256666038123134 0.0455107513568045
1037.5 0.045557506755334876 0.04640296184510099
1062.5 0.02799000505115834 0.04552511788758878
1087.5 -0.021693067459306326 0.0436284131720844
1112.5 -0.030013404216789996 0.0432105453210155
1137.5 -0.035336153370636225 0.042764326354367575
1162.5 -0.02503077052369984 0.04281998791731985
1187.5 -0.018166151596785474 0.042338597215815
1212.5 -0.03923421539202365 0.041568474783799575
1237.5 0.0340298470083098 0.043200186966058075
1262.5 -0.029713434861183052 0.04116922436953255
1287.5 -0.014506448969009322 0.0416414509404332
1312.5 0.01849087216465639 0.04190727560740821
1337.5 -0.014705908654599531 0.04096278631484607
1362.5 -0.02060097694267693 0.040476935775982575
1387.5 0.03242803140994255 0.04144557587524758
1412.5 -0.008517808013747352 0.04061387618591284
1437.5 0.06691365192806131 0.04166144104522234
1462.5 -0.0036702542515015812 0.03966705959475108
1487.5 -0.0023934843871934453 0.03984157052364746
1512.5 -0.09733339124124352 0.037515668862851306
1537.5 -0.07945710205748047 0.03770126320994765
1562.5 -0.03638020853404844 0.03849575977529399
1587.5 -0.07993146339795898 0.03728763675216588
1612.5 -0.01635822056263725 0.038536440854008494
1637.5 -0.06783950966033114 0.03713615776875174
1662.5 -0.05494854938133087 0.037598463274402125
1687.5 -0.04356400417207662 0.037568612481874396
1712.5 -0.049256077118972286 0.0371473385490036
1737.5 -0.05236610459789137 0.03691466905415725
1762.5 -0.15182423125222044 0.03481608127188429
1787.5 -0.10238463112206375 0.03585357868220026
1812.5 -0.09283559283983067 0.03582440906157882
1837.5 -0.08143066924427644 0.035981099281527956
1862.5 -0.036576255399025426 0.03662954038004421
1887.5 -0.1345100583233091 0.03466276383280106
1912.5 -0.10552278380341662 0.03497329808634523
1937.5 -0.03048688583160475 0.03638130462500205
1962.5 -0.12083757595884093 0.03478432273484491
1987.5 -0.1014192243162878 0.03480027537234893
2012.5 -0.10097378041536975 0.03464093938726154
2037.5 -0.12089085305751424 0.03413682307484618
2062.5 -0.08933927741101622 0.03438093361007407
2087.5 -0.12802872129357212 0.03356141846553126
2112.5 -0.11989279245587403 0.033732514722963985
2137.5 -0.1101309911252707 0.033845692667716705
2162.5 -0.13873433175360916 0.033072766398174414
2187.5 -0.12329158444277322 0.03329204522421941
2212.5 -0.15655432630100463 0.03263968613569784
2237.5 -0.11499652474056599 0.0330576555093613
2262.5 -0.10371770434973249 0.0331477281589029
2287.5 -0.06493487091458583 0.033928970643781815
2312.5 -0.08572906174836126 0.03348833281264573
2337.5 -0.12301328965645919 0.03268787070057156
2362.5 -0.12788047728155127 0.032416501013464716
2387.5 -0.06768249205264576 0.03333998818467746
2412.5 -0.12835583194296973 0.0319706098332982
2437.5 -0.09472130292178416 0.032771467941662184
2462.5 -0.12095964925309233 0.032056489475489204
2487.5 -0.11550066984186325 0.03180743001061606
2512.5 -0.11225908915874139 0.03204692183317814
2537.5 -0.11786020964147059 0.031984780307713644
2562.5 -0.09418330818480647 0.03218050124175398
2587.5 -0.1337670648107615 0.03150213374491843
2612.5 -0.11718262763915854 0.03162677281573082
2637.5 -0.16011331998241585 0.03063165690635799
2662.5 -0.11147279809275212 0.03146200012474802
2687.5 -0.18553207138415462 0.029908376498296693
2712.5 -0.12135290298465495 0.03103205294194556
2737.5 -0.12924180958176945 0.030750021678701053
2762.5 -0.12370649954174362 0.03076135734840548
2787.5 -0.08425390908840924 0.031526405284323857
2812.5 -0.11401465750842521 0.03082915126163641
2837.5 -0.10872571418165 0.03074445247112535
2862.5 -0.15799510302879127 0.02974069704525566
2887.5 -0.14333433109991023 0.029902744773676382
2912.5 -0.18743182896355848 0.028901052901641796
2937.5 -0.16088731991792327 0.029300232590521204
2962.5 -0.14494682696444194 0.02951424887821348
2987.5 -0.1719839491710553 0.029012043569569424
3012.5 -0.1416600599129918 0.02935723747230665
3037.5 -0.11647172988471144 0.02982365954997593
3062.5 -0.11587202006020658 0.029566224189293125
3087.5 -0.12511726483861985 0.029381695801658565
3112.5 -0.14580627685269498 0.028885837107587457
3137.5 -0.11582635256737417 0.02923491429128382
3162.5 -0.13597294585558617 0.028776237729016323
3187.5 -0.2118822645839621 0.027257533310298503
3212.5 -0.12542789420548883 0.028913539441959728
3237.5 -0.12249883096709757 0.02866229431101245
3262.5 -0.14844109860486665 0.028234052973981454
3287.5 -0.12108300798849492 0.028575614554413344
3312.5 -0.0965230970527643 0.029056593730429594
3337.5 -0.14751805844597277 0.027981246517818744
3362.5 -0.17312495738460454 0.027318325732675154
3387.5 -0.1434462578683997 0.027911807772898763
3412.5 -0.12505183794359387 0.028015067683406232
3437.5 -0.09399118926280103 0.028568767350186184
3462.5 -0.1475055425994175 0.02741113013714325
3487.5 -0.1728381795938818 0.027027043744086862
3512.5 -0.16848116392250023 0.02705844662485535
3537.5 -0.16677270855945203 0.02687945061922472
3562.5 -0.14002598387752974 0.0273796348169976
3587.5 -0.12722605655507402 0.02737562158169468
3612.5 -0.11062501994285923 0.027809590275943614
3637.5 -0.10570906950404291 0.02765071686882213
3662.5 -0.16802544062734703 0.026503989800295006
3687.5 -0.13078747363396148 0.027030082506265776
3712.5 -0.1375967355322011 0.02693033603492931
3737.5 -0.1506283911088333 0.0267098215073248
3762.5 -0.11362578126520106 0.027188357827420993
3787.5 -0.10968671236442062 0.027223420731276135
3812.5 -0.1361625699231901 0.026635701335820366
3837.5 -0.1357777642450787 0.026623025471939496
3862.5 -0.0800479779220602 0.027509215919036007
3887.5 -0.11537822231822514 0.026815996629832403
3912.5 -0.05217687608279509 0.027755737481769748
3937.5 -0.09331656103254737 0.02703683336786714
3962.5 -0.09717722047714039 0.026804364188170043
3987.5 -0.10489873995408261 0.0267684259681882
4012.5 -0.09777127399332197 0.026798017124144282
4037.5 -0.07658912450878819 0.027133706816222354
4062.5 -0.1532825064260751 0.02566480705461441
4087.5 -0.12754370770092038 0.026003685896064395
4112.5 -0.06400502459232837 0.027034994337292208
4137.5 -0.0834309139816044 0.02682873171593046
4162.5 -0.07256820064544967 0.026926997263029023
4187.5 -0.06197585345149592 0.026930793990416965
4212.5 -0.07355272253171974 0.0266368887153279
4237.5 -0.09266324060982012 0.0263794777886088
4262.5 -0.0698971872002595 0.02667899942031376
4287.5 -0.02312240860494097 0.027305055149402565
4312.5 -0.04067846246121121 0.027013796885951697
4337.5 -0.10790719764186918 0.02601659139785961
4362.5 -0.10277397323778847 0.026081818067310848
4387.5 -0.05421021540220705 0.026772695335113658
4412.5 -0.07058109132582546 0.026437622416821027
4437.5 -0.06883584051739522 0.026373854740173244
4462.5 -0.10621808209471195 0.02582140956141337
4487.5 -0.055277049984411075 0.026556312942508778
4512.5 0.007524603584900147 0.027512717670633877
4537.5 -0.05365281450903592 0.02654139789040221
4562.5 0.0007882251796371698 0.027130297706630384
4587.5 -0.0656831460506817 0.02622971294628562
4612.5 -0.062331025265049855 0.02623461075092598
4637.5 -0.04227240064038895 0.02641365825129955
4662.5 -0.031846316032234534 0.02658729205787851
4687.5 -0.04306959626703577 0.02630390750262344
4712.5 -0.011389891761210635 0.026766925489449308
4737.5 0.01621509002163779 0.027010094251809776
4762.5 -0.023512627124180785 0.026490911879473934
4787.5 0.01225837255609008 0.026848212997397775
4812.5 0.03294176532366366 0.027137095888609436
4837.5 0.0048849415898217785 0.026824649576448874
4862.5 -0.00579942807919287 0.026563073357550943
4887.5 0.018407946614605653 0.02690353460845153
4912.5 0.013005710919268054 0.02657032170801768
4937.5 -0.03880476763731899 0.025913271956011865
4962.5 0.004534573838133937 0.026631371592196706
4987.5 0.0017139253475351168 0.0264742923520606
