12.5 1.6609645416137855 0.6932479434971799
37.5 1.1312604654936045 0.3598166965612622
62.5 1.2127144159639702 0.28931493251307255
87.5 0.6641253285168187 0.2137791712972242
112.5 0.483178826198756 0.1784176893222056
137.5 0.30369964721789344 0.15203189171909684
162.5 0.10781641802500452 0.13176900666935346
187.5 0.1757701190426506 0.12538995659658794
212.5 0.33984915675778105 0.12356005616227883
237.5 0.1543034361558615 0.10992789163372237
262.5 0.18456953240621976 0.10335804452461471
287.5 0.09785051056370775 0.09626365939183575
312.5 0.020936154902098103 0.08991465637933235
337.5 0.00202756132366666 0.08455718248846612
362.5 -0.025470405900276605 0.0812843156778573
387.5 0.0759027646849364 0.08123512474478896
412.5 0.0436775408876755 0.07801022716672573
437.5 0.03779235102253864 0.07542894610757785
462.5 -0.06352962614522073 0.0696849335078265
487.5 -0.02831755703214478 0.0689418843120897
