7605.804282827313 -2064.929140317456
4842.631506667777 -612.7895405351481
4845.195181198149 -678.9766012493526
7302.265260853792 -517.0299199961812
8061.537080434791 4179.1882322624915
7546.8964296273625 20.0808158054773
7141.93664000531 -1820.1285365918707
7048.734592686079 -1483.8915071199572
7138.624050330144 -1864.9966923292652
6339.6789665705255 -2316.7001520654385
6553.667404616591 467.31728058292856
6592.932375337619 359.40878153300025
6651.480483461035 -1967.5989493363154
6684.080059241319 -1921.343643649322
6929.815185574945 -993.475902517275
6794.937601954542 -1080.2256144544085
6804.646446324366 -322.06930238449706
6644.046811906179 -54.7921505232677
6566.804770331567 -588.1668424845516
7164.882448755418 628.4570707742737
7186.054849005759 1152.1174434615668
7421.673617240159 690.8021327344787
7354.065659986928 1136.166052861226
7267.439057114795 1020.1860507263552
5598.611337038444 1420.4690807692084
5438.195623639773 1549.400645652575
7154.183825431229 4722.350871528869
4003.6428657417623 -714.342918375688
4070.0182414986507 -560.0270076562206
4293.867213655265 -525.6746479222762
4271.224997727287 -360.47222171073213
3869.3635348560765 994.0271287574642
262.28159175661835 -284.74496155416114
-366.54636767721365 -117.57064326321857
-334.6010833171386 -1160.6219966896424
-457.14511687911295 -1258.424149261948
-310.8991285729924 -1114.8793670549408
-161.0027609469272 -491.81985356070845
-573.5136532198851 -1313.223679230319
-314.3725160225118 -1185.6836056491545
-224.29166014892533 -341.597487723172
301.77134121441406 130.88307023619242
85.86994805135411 918.68345424972
51.647006177532084 882.3525758333818
-314.6272529356112 -55.25123236754337
-232.87978455800243 -239.54453187045578
-114.30939457317419 -938.8413311062109
381.71192097386677 -603.4457663965464
-388.7747122012993 -1145.7922887213615
-365.39941756017487 -1122.4875457827186
-21.142439936569737 -716.3238865761431
-100.16738378938913 566.3465590794258
-79.14979743198845 -778.2876904461774
-189.81579890460975 -977.4020195105048
39.52942669499389 497.1456088817503
-15.798085192194872 478.8791129593687
-56.92847177332389 523.466356304585
150.96336689133707 -538.1458013681649
18.554396204221284 -841.9875038565353
72.4690446645485 -674.6000742523504
208.34119462628226 -486.99014923372397
267.4448466303944 -342.9604327126303
152.63499309932874 438.0962970936635
69.85727791158796 432.16656141209995
-206.08769466947345 172.8291313540596
206.7362667464337 312.7012508571268
309.41477581591664 283.41747662739283
257.2565710829962 -9.610881016466944
197.59585242096455 -35.206325595221436
25.12085554761202 -100.23373865312062
2.5054996903869027 -188.7369384294377
124.19420311825473 -67.51495951759274
79.58951464852596 -8.24703847438144
-105.55616030573124 222.9474838961359
-158.7883313065417 185.7081118409103
-152.93235387812948 -32.36850380511276
-27.65645619307823 -174.58533015469254
-77.92868251120736 -197.2859195879203
6302.1096946510925 -3107.8060507370074
6018.628440228182 -3082.753820145666
6425.306199278656 -3226.2966084791997
6308.322974377034 -3342.465728128867
5103.912272958138 1851.1369949022508
6308.644224805116 783.808992291737
6520.47794235419 876.4719027801052
6572.667097937086 1004.024563112091
4740.622921441922 1863.0618759549072
6234.734167687093 2293.0998151755152
6368.5776387749775 2433.0353156292654
5420.448660828823 2944.9848518591707
5307.522949737761 2975.790062755926
7150.335629814478 5037.40179868499
7092.545943999305 5253.72172683
5697.254639051487 -498.4948373777461
4998.659309415828 -3043.2509345543062
4421.697196720582 -2019.1397247986338
4316.9152271224775 350.3422654785361
4224.047335164875 133.5475668126103
7781.185955855807 -5814.599166032403
4564.0846819416665 -4050.067874841034
4262.371610534022 -3884.784870111589
3758.2493573556612 -1377.8559884995266
3721.6795004158507 -1528.1328398137848
3746.2796245348827 -1349.824214185645
6600.502732775715 5060.467844322825
6701.549309317798 4934.466502241443
6323.082377494176 5192.393362880109
6239.266453473784 4918.1814945985625
6603.070314579493 4968.113011936976
6506.104622267968 4544.790142565464
6490.194140241365 4730.901376432451
5808.018420840569 -3693.2856725293145
5015.688385615075 -4161.452585100379
5588.9784421234235 -3886.208296632175
5209.1673988486555 -4221.817003427871
5382.8964294723655 -4175.367744702438
5422.289282132323 -6083.309892036495
3672.4039369854636 -3007.7787672179456
3600.5019688302978 -3131.8895812168344
6101.5869140584155 5518.414734099482
839.781511658473 803.5341564877577
775.6197908888709 944.6758103638028
795.0684109746567 1145.0603982608898
3656.49520022848 -2412.7125218129727
3786.683028435906 -2311.1585223010093
4966.344993727382 5173.165652687211
5038.697728337663 5913.6445892304355
3436.737295483644 -4680.472317561911
4516.138050125429 5227.803803845471
4579.657338024057 5214.515145416947
4455.197277026173 5171.466468171488
4619.8290196584 5498.154710036053
4452.751719118139 5509.184253902734
4508.658548763521 5653.553532397877
3836.0692775397206 -3380.213499063494
3854.2593776767308 -3633.3882832754703
3478.6890657969416 -3783.7960786658964
3599.8863538112637 -3573.0234472254574
3382.5561919140214 4461.048877343839
2967.533784885833 -5294.953014326807
2942.219311689869 -5389.2210202744
-218.92567377406593 -1279.1750190687044
3411.9095056515926 -4147.115401005921
2594.453597964302 -4954.403693455041
2354.9752885103107 -5224.9062728800045
2709.762251691564 -4288.022441933249
3107.292797067591 -3987.375377206634
2931.261117446792 -4280.650452881106
3239.3826138268373 -4193.024861155866
3091.9378958623356 -3911.5364291143756
2956.0270961231254 -3667.095083656387
1898.2975067292791 2957.197136690032
1857.0608193669002 2828.847004013088
1809.8364581793485 2436.171356539551
2013.7171121565957 2665.5098715698764
3212.440295901584 1146.8972707080009
3544.6794167786793 794.0502282018335
1928.6043190436358 2679.6293000848596
1972.0051195165322 2591.751402576842
2954.208852484103 2049.291263213274
3793.1281962661183 455.72238198010433
3363.4164232335643 910.6504239731318
2108.134576888005 2448.097463682073
3182.4846223461645 1256.1527812751174
3015.0138058120865 1549.8447203289913
2261.4226793027683 2555.712806534861
2328.978179838217 2432.9043599017864
2462.1619395496664 2619.3013772378185
2430.7330350173775 2462.968572570966
2617.1128041394186 2234.7302951405363
2895.2918564849138 1868.2014062516143
2801.158994380776 2070.5350866544727
2713.0889507514385 2216.171932898909
2131.8889587157023 -5974.072527205288
2284.890708425678 -6136.356717606736
2167.6280099041883 -6243.765617109603
1725.1013333301644 5538.793740971186
1717.3532776950833 5442.110550473197
1511.1078316422202 5378.798072564383
-524.6850252123252 -1571.3900403808066
1981.780715426446 -4049.9881947451104
1975.8854000142521 -3954.303041354282
1895.5629280669218 -4087.095330304108
1712.2993488417028 -4300.175472506043
2114.7701195849963 5958.107134872732
2667.3008474332296 5960.531856346356
2497.2887350086353 5871.110151461955
1733.107649764125 2009.5596131853551
1811.2069990851028 4762.718109495742
1869.5470546628972 4932.183108340829
1504.9462020364276 4890.662663020716
1785.856511174407 4856.44498717514
1976.722840564269 4720.088064961251
1940.2252091826374 4813.745508977782
1790.508953453932 -3521.6851598303406
1803.0802455100534 -3018.326547581395
1836.3167936154691 -3290.46365074696
1449.6069150362584 -5878.655605592082
1762.6765989385142 -5508.948505487042
1437.0191486481963 -6038.737070473741
2039.174715087597 -5434.664178326412
1859.541042470156 -5367.896057594794
1617.4872013691306 -5810.168195529408
1841.1896842682108 -5603.133016650691
1735.9520966316054 -5740.9836892359235
662.348500669793 -6164.72674299917
889.415404186501 3439.263153581694
1039.280375384936 1615.4763416163073
230.62149684484075 1101.4275421878106
915.8418146114218 1554.145212725434
1015.5819165363902 1589.0624356973674
793.7570540880117 1482.9089233544157
587.1753322340905 1345.2377536887398
568.5034125193239 1294.6430523155034
552.0871008783047 1378.7284781610444
454.42628956459174 1346.278053956037
357.0687619169816 1246.0758047789905
539.2890720492754 1339.1625208827957
482.8073165785376 5075.234913081974
279.49199147672164 4912.11623217652
55.25199565425075 4882.977721702153
-285.5983559664044 4922.146703358228
-99.1009394134986 4590.229236940173
-136.25691568033693 4848.784957952722
-1139.6350395152995 -1919.4434972852032
-1281.6112086454955 -2077.548939320968
327.4503524024095 -5578.410001366852
708.9807669701712 -5041.2736260680185
436.23144075012976 -5230.15118051093
1629.7921237040387 -4665.5692383641845
1467.6329900376807 -4778.020913355856
996.0519619509462 -5971.780209910432
1496.3615487887598 -5403.738670605158
1303.8299736907795 -5211.513195918395
986.8490651947868 -5085.52495259956
1151.2942174048596 -5709.070438206324
1019.571587378056 -5975.359035627441
-747.276653172776 -1481.060783389206
-852.9126063828829 -1659.5979321852412
-931.6824663650503 -1672.18577837937
1204.1050474741737 1774.8484190406255
930.8195870093571 1653.6692583584172
680.5769944754376 2794.586741332558
679.2688114907446 2634.9564577198644
234.22416034857486 -4602.645754204418
-287.4955857758373 -5161.214401248472
-289.24636771241813 -5075.563198112171
-80.99232632756905 -4784.33199881774
-171.91315476734064 -4858.443057345002
-427.997192008132 -6003.307961267879
-735.118666816335 -3566.748758671346
-799.3046450328511 -3374.7282753784584
1196.682080654312 2112.1553731253616
-1359.6877853489696 4828.638243670219
-839.5427465133832 -5999.244169583058
-1835.8339518045304 5766.103920398037
-2550.9516653940477 5107.779732403356
-3061.7442165062134 4208.479793084737
-2088.002472061263 5826.107254957482
-2913.8982006435267 5480.855876340993
-3037.817006386968 5342.705817629374
-2690.2383742488305 5505.064813857565
-2969.6282153194943 4469.538033497409
-2285.2561024692945 5722.650433330812
-2241.543956620804 5926.135909584352
-2502.4748204326434 5528.173403879384
-2544.18001258388 5737.381942676469
-2667.2886989419244 5255.204129509024
-2935.8849820684322 4508.575702663797
-2947.265726637105 4434.529598575855
-2705.5508438137417 5072.884458232214
-2643.867517475201 4882.85818540407
-2707.3035439252008 4697.7367741448115
-1557.9280326478074 -2256.5446457038142
-1559.8948228412685 -2182.838462188832
-1707.0562564430104 -2235.2818180564
-764.8024549261312 -4635.980381220555
-1364.8309573528898 -3491.4372958499243
-1105.7935738784583 -4916.452551159219
-1982.6907194240393 3384.498413535368
-1961.1424001004812 3468.25436609479
-1864.0201474581395 3526.6215177862355
-1585.7572710589347 -5225.734590629258
-2001.241875327491 -5069.115297872249
-1829.9612734909583 -4960.229032844902
-2150.959831456929 -5020.775844818253
-3084.481164826926 3436.1986586012326
-3252.82222391461 -6069.995826544635
-2336.1554786207307 -4714.18603758286
-2559.7513004958805 -4728.575304611947
-2533.64371939077 -4455.269083593616
-1983.675976607099 -3671.8902273949147
-3391.993602018189 -1140.6537688364706
-2300.9037853460522 -3752.235607411313
-2311.35221547819 -2745.3668821109727
-2436.712783691514 -3633.439317413528
-1992.9229023614494 -3534.5235217698
-1879.3749687427512 -2549.3509111692947
-1845.509502857998 -2788.2642534053102
-3498.846188053498 -740.2935335637077
-2132.7838988694443 -3604.305102534549
-2301.6044757756827 -3661.2163357147924
-3562.6981177073158 -1364.025727089549
-2599.3918443234875 -2725.320327902395
-3367.0258323595094 -1381.715858932391
-2406.0089136415886 -2742.3074254764847
-2576.7173880197633 -2868.0635986825705
-2464.064754134655 -2435.325409169356
-3533.9167802012335 -732.7857045019712
-2146.460679678805 -2654.097286227404
-3043.9516965083108 -1980.0438777893617
-3213.644403931598 -1733.465878095514
-3313.5042351128286 -1671.6475873253125
-3462.1400380915675 -1224.9699591912738
-3537.8676186804864 -1107.089159387641
-3551.5656731380386 -675.5092465561605
-3595.9414141427674 -782.5410262783633
-2754.64594931127 -2371.6770621645364
-1902.4537768383225 -2945.475479101326
-1930.4391882893715 -3071.5666204184968
-2120.4292897497753 -2901.175384316479
-2152.554055187427 -2810.4688201669755
-2955.906637598334 -2194.107125668557
-2277.5061842426535 -3041.123994110619
-2310.6867351893316 -2614.902415108533
-2497.7881204804357 -2500.664666046754
-2813.1623788300562 -2409.5326435525476
-2933.502570739241 -2209.6903313922553
-2117.702013705334 -3003.535707337795
-2233.873757583054 -3055.140776923765
-2934.785487553368 6050.171808595099
-3623.001947950858 5094.184695847237
-3431.974215868042 4888.0312202456425
-3800.09559736986 4426.199876784116
-3419.370326479898 5922.417708758939
-4070.141220502454 5351.80190547884
-4043.2697747796465 5388.1249951724585
-3372.498168759317 3254.9637974207712
-3472.025730149491 3083.39022097779
-3746.7710641321432 5653.646238368253
-3735.3425175917655 5759.255375712578
-4492.574181712387 4649.238923467224
-4283.151977216688 4376.713651504098
-4031.9285996639455 3920.649068375556
-3593.9571443487316 4234.750572092406
-3999.0769177851294 3889.0522128074454
-3824.535532289372 3706.8873121514725
-3958.9136361109004 3690.949644612363
-4017.8710721818243 3043.8736193506247
-4711.3352497098585 -3902.1896129361135
-4777.9588280894495 -3626.39717781131
-4423.689377895139 2236.6771104552
-5132.7975718299485 -2660.405116831821
-4779.054053908024 1572.2684117971494
-4310.338257987 1345.78550671595
-4623.818403841411 1399.5322514426757
-3824.5735736104384 -452.21342877290596
-3657.5797667089314 -236.40056759859354
-3994.935439003927 1208.9463707532764
-3605.784636872892 2101.2300173735566
-3511.094910938794 2545.7447339157734
-3874.954779959741 2403.7812780736176
-3838.0414001702034 -216.1608215449551
-3643.7129788252378 2361.481037453224
-3826.4505090245434 355.57648127846704
-3713.8466218683525 2113.655392809069
-3985.2896372901255 1012.9923520371507
-3893.463961838328 -204.8262745445526
-3878.779870986958 537.9987785944985
-3934.709415854551 712.7430607433154
-3892.6067397763613 970.0586630050568
-3867.4162535279056 189.1659687538374
-3852.3463262553346 9.017213415905093
-3864.2068051481856 1914.7809034912723
-3919.143301084384 1647.2266293253754
-3953.105981997958 1388.0079420981442
-3962.9631805169697 -2074.8402156927955
-4084.1773385990687 -1747.1797004021505
-4628.548692165564 -49.24991869108312
