4385.179403921938 2727.9635462606457
-3067.1085679505586 751.149703087676
-1830.3835807544724 -2921.115602727281
-2506.1132969098226 5098.355299220677
1333.7925165645663 3125.2126360915236
-207.81393650967547 5055.216583917635
915.0385029345247 2312.8784538958175
-1910.655586822565 -4003.795912609985
-3462.7978945210803 5928.297337467519
6264.839265092432 -2917.9649427264812
-4048.680873123551 1012.0831910279187
438.86934004924245 -3789.2329638711362
7308.936437041879 -3224.9897800590093
-2056.963538783969 -5222.514203001067
8233.145299703152 3164.2234847708523
6850.313875099719 -56.436260022885655
-5115.832105063668 -973.3714043046634
2667.9736404515675 -5195.199870472661
-3707.5985020359453 5881.482105557442
3744.662852978616 4126.047439603136
4243.288660346775 5932.298497295709
1936.1606992176335 3181.633909055181
4211.727877277386 -4688.1398044314665
-3898.9219560931915 2517.4866802907695
4090.0029172864347 -3155.7293313096543
-1778.7345011066575 -5179.223322616167
-781.585373014668 -4175.744026403674
3526.5186513447784 5963.1135043758595
5504.3854498842065 2014.0412167456213
-2321.5895497965203 2778.223853823713
3368.562072716954 -6040.79798179204
7840.07604223176 1536.638138528972
-4416.982116444071 -2601.93394475347
1131.4813731020406 -6007.794954468191
-3183.6590517669742 1398.0455546491019
-1593.8482965099543 5018.513847867222
1146.0184121067955 4697.185255098382
-89.92995052340059 -5423.198327781001
5459.808175140685 589.2936960606181
-4845.341849039083 -5446.667443799392
5926.429196051684 2516.38294467877
4594.115275810219 5317.636422797398
-3331.6056488984586 -1745.8984679793946
-556.3959253411589 -6190.261611445138
5082.301777612089 -1319.8675695715629
-5084.28406947466 -330.7500905599412
6065.197338384684 -4627.450916018473
5994.14269239415 -1107.7193670046947
-954.8621966882613 -6332.465604301343
-3057.664967582517 -2322.1674101449244
-1594.6565807498946 -1498.3394362518177
541.110378214464 -3284.3170042238057
2561.221215288621 5983.826557569258
5567.647087766596 -198.66699120232363
4549.641582536219 4653.9885252114855
1663.697663368994 79.15878542845802
1047.6030166859916 5991.240268650594
1061.3817686670814 -5358.535614075399
1498.8857985880945 -6324.2894056033465
2193.5114860220597 4085.7463140339264
1836.7821736636777 -3360.2949951641126
-3183.1972679967616 5296.704436062905
-2165.1716849310487 4122.327142236895
-1129.2708480375202 -781.6435089721185
7849.1609660772365 -1115.5521682858312
-4070.1351678529486 -2539.965849805265
-2526.7965593806866 -4593.917403854456
5552.428053404374 849.4241205087808
-2265.8966247775743 -2232.396300391507
1657.8918877352578 4199.339360054125
-225.19495444310814 -1590.244954592586
-354.3857564004444 -6298.488413754856
3741.262398684419 620.8348868647117
1295.443355769319 -6246.316180252697
6576.168979698781 -5208.714675265021
-2452.441685248491 -4930.201658536997
5649.233614176596 2491.171765036312
-4139.711365348051 -5490.934227598314
-2537.526471648259 5773.386691638822
475.3197131376152 -5507.844470597523
-2942.5825219818307 -3267.9821641902545
-1349.9914093094105 -1637.3678032517705
-663.065316181011 4651.843229838814
1792.10558143737 -3659.6034706990326
2808.6183418529567 4890.047795786291
2521.187880511595 2275.834095582382
-1282.3047858376551 -720.4732492205738
2197.9036402519764 893.6645808483994
-2305.8172491361665 -3183.742660821078
3350.516855979046 -1911.5388888625698
-4062.7323940423253 3621.7830299503257
-2839.0369013327545 3258.634744739719
2952.3115505575283 3736.009625897881
-1443.3379157666407 284.41669923507465
-4093.702076730334 5526.093462779664
5787.038144257048 2859.739216102595
6129.784080265097 5282.342547672238
3033.450344287136 -5468.907749485623
-677.3141580569796 4832.16217735476
6702.975159025887 -3223.8058092590804
-3190.1090823609584 2102.904101280544
-1772.421470102745 -2650.484256509495
5730.384121343888 4746.208449034658
5247.443148215725 -468.1780380248572
7041.931541894546 3676.142500430776
-1882.6380076350613 -2233.5802299400325
-808.3077428512021 -3541.979796900558
4396.239560037729 2377.36370181386
-1599.392091368593 188.70361206541602
-1953.457869093065 -4420.931898720345
5469.831923574328 1641.355442100453
-1972.3442161305784 6164.043851352297
-4882.11789925757 -5048.195053022731
673.2997901830668 3393.2970384311147
-2574.9742321471604 -3208.793100423226
7722.137415737843 -131.03964408600982
3042.7905679674236 5753.699806766793
5143.666387230873 -5254.377805543886
-2867.9482325234594 -2530.7815267394017
-3996.397544185361 2250.4397518788523
7466.323105025189 554.7960924458288
4102.005239414083 184.75269471321968
7794.934320363484 -6004.215142529966
-679.9695461447419 5600.151578038109
697.9158748899627 2844.0708609042917
-1125.8231690833659 -2025.9808589685422
3653.7506449699317 -2451.7930238009853
4894.701192684596 2672.5610197633273
6071.374400403374 -1775.481753452928
2288.677642173364 2304.567590950411
5056.650902988122 -4349.283286964849
-2436.4791999858867 -4419.206519874676
109.98605088112126 -3250.1989623030186
7032.243941101662 5384.474014767786
4056.4857472804783 751.5663242400841
-1741.9921659179336 4028.1414735790513
1582.2880503146314 2716.3989097514213
-575.117815608311 -1556.1884911642405
6941.394041894723 -3547.566988352343
280.8927176093716 -2333.348135987716
7031.5139672145 5018.43047335612
3459.041818095037 -4245.968921382302
3150.948702361306 -3036.6305718906306
-189.9502529024385 4782.893644958265
729.2591204512952 431.91244820620386
4126.655593597339 3164.4246023481114
6722.704669146894 4880.398425362768
1244.1027785313815 5081.260416035736
7116.050427472783 -5749.497281370099
6607.887827212929 4975.5351820881215
-4272.514726023322 3816.564047143357
1926.4052438467006 3482.380421374179
8242.303561248737 430.8992537162648
3552.609686496293 -5976.3462463447695
3421.9820066546454 -3197.724421207414
-1246.5118549447104 -2159.231977259959
3383.213842372553 -5508.840580781945
2831.537229462958 2246.501813607021
1514.9137132772107 -5982.536681982442
1449.0875047407976 5725.244740091343
6613.754898376766 5162.40215901762
7982.2783218437535 671.9206999383364
-2370.5549427867313 -2617.583808571556
-4806.013417970583 -2838.471587786418
-75.37339610773653 5040.030681841631
4204.500584664362 -507.9893625946833
7497.913616743139 1591.226902855889
-2186.2257159565725 -3856.569507178171
5055.059516108838 -4567.811057185782
7760.310255724219 -2734.2534094869848
7536.247869278213 -295.6449958008681
-1916.0565646246203 -3753.244539889248
7626.184314486686 -986.3538615872901
-4544.995430476534 -47.25638657442021
-5079.373795075054 -5045.731339202419
1018.7166465263094 -5164.671499388553
6928.063640124512 4814.643040207532
-3169.494822886193 -13.540148579600798
3005.357612989229 -3805.074741744873
2620.500429161415 -5635.615569402578
3192.1311542552116 4730.382195425458
-258.73621565702894 4545.517244226021
5629.585286618797 4854.762528217007
4855.096857088459 4647.961162953159
294.5936223784413 3393.265843593621
3423.451710470741 -4862.2364081615715
4993.921185552027 -2024.7619507624047
-3349.0037596994166 3159.1437051431512
3712.9793032266066 -5975.289059668026
6410.417009269001 1679.1080879797553
-4071.8054800134323 4342.11774555277
-1285.6378604486858 -3291.5127498069623
5132.756983678142 -2579.4035334798036
3779.862042738697 -5636.4973238207285
4614.52835325511 2172.2860186464645
-4576.637098436609 -5150.052123719552
5684.524857869205 -3646.6410389869948
4872.456838766363 5535.701681459474
-3994.9197224166624 3283.66644089525
6077.61732542918 4772.038202344177
4922.22243828415 3318.5516173216247
-3815.943833241149 -2835.321589825124
1506.5940914747089 -4285.978804085005
7837.770060288095 -164.56321503351998
-2092.410554933718 6089.350741733924
-1842.8164461977433 3107.183697884152
-3042.6233478208514 5481.812925626169
-745.7350823927621 -3994.1254616248048
4212.519948732516 5649.316971552849
6664.37401651434 -1842.8217475912886
4171.512484099913 -2166.57905387064
4677.554623166165 1851.4817427358735
1428.790462482 -5001.602907923318
1916.109887646567 -5149.510400089124
6114.433280948905 5672.475173243469
5895.955283222963 375.438369660887
5696.5001883353925 -520.8812553404788
-3223.2179425504123 6114.935040357257
-1786.2714131056202 2553.576217553387
226.60507479445187 1789.367270916178
7863.964833755732 626.586680591717
-4420.334697129686 1593.3590060193628
3177.572362621716 1553.6348624566303
-2770.225526280556 6163.821286198276
3331.032166423573 -5701.035703166226
2234.8940151697097 -6084.6004074297825
-2022.616710412971 -6229.5825848294135
4821.8996365089015 -2828.726098159358
5314.78947859863 863.1190027693922
-3613.869103021084 4423.204110207887
3061.7723545543286 2582.3040861471536
3399.150962384475 -4043.1358947166455
-1494.8006572645852 -2381.033191806216
5561.925844797287 -2814.376507945882
3411.518236093747 1159.232434365892
-4430.3320846841725 4794.3335917972
1224.4498384919436 5587.626746893398
-1270.4355673054974 4762.518709000972
844.6847747323977 852.690625984376
5626.752181804272 -3872.771299515407
-778.4211549384515 4634.781757947642
1892.0200511671135 5898.500460155525
-3583.9986095517347 -1485.6550582539933
7491.925820962375 125.8208190124888
-4173.118118929239 1374.7561421639512
4418.593596778271 -1984.1137415522558
3103.880690741757 -5869.727724837754
-2148.754945433202 -6283.226940823468
5044.283892848855 -3610.6926012169574
-1478.1202198757649 -4256.887337235465
-2331.0892223328738 -3332.6933058711306
6016.5324334261195 5152.5559538445
3314.017772120234 -1175.5926488299926
-4749.653593207653 5161.875398525722
3393.7818982576237 -2968.2597516834444
2436.9137375978794 -5948.641228727587
-3977.438810240259 5503.79241957867
1912.2455866480975 -5677.9469639345825
341.4678550913042 -5953.584364956344
-1608.3768710966474 -2498.511874564008
7360.419431132808 -5817.020259546757
26.05695803671786 -3076.9782119381443
1631.3120223658295 446.3791213333593
7363.268121205774 -6452.738093371804
2371.164352912466 -5847.345953227031
2754.965331425393 -4321.315073737367
7130.941283418551 -2536.9573449900167
-1973.4081981835327 5983.062779977917
5701.71632278047 -1487.3734220152467
2661.5910954642522 6087.0413314567895
2216.76276463967 2706.9801001916912
3286.2175063338523 -5086.375212893363
-3458.928220871292 3277.4368124967955
4919.723165575921 -1261.5623447706394
-2293.9039534693593 6191.557464132066
-4124.124554134929 -6178.60212619376
7127.504796789534 1820.7700060477664
-2720.0900793210403 -4646.762102161673
370.36350102378486 -4916.9242053794
5413.816947084483 -6323.868845752918
-924.6024353470024 -4199.453173477941
-4761.147398878702 4854.634606278137
-803.073796874965 -3414.9453918628515
3598.0087249620415 -3304.479765414271
7993.87085186654 4387.975439370701
7358.925799480653 5533.172896873586
6772.292608902844 -898.5287420819842
-4150.041536951523 3435.635324885508
-3910.278422748595 639.5082023221261
608.335530311091 -3162.569401199256
5289.265123906049 1792.3136187034277
-3813.630102182926 3124.168188519146
-4921.46802292892 -4892.958112743823
-1697.777216847269 -3610.4714003880918
-2360.600000177489 -4677.377181899578
1453.9247307124992 -6118.071651219817
7506.110039873617 -2062.1019495535234
3161.9102947292868 -5526.705784857085
6266.125339189877 1275.0422736519497
-3535.1226737625857 2820.9839710817137
-277.12783677837683 1896.7982384915726
-3182.3968437058215 5856.188072900651
7254.271019242465 -3840.4214487716836
2959.966308831533 6056.8753866192
-1278.6143647015126 5260.164233736019
7046.45960966397 771.0964755059325
-3427.79432791564 5007.5348947731345
3009.3971409493156 -4144.265765444897
-3425.4002828450225 1558.5327816284987
-3832.0706714907788 4886.959833079665
2028.5341684129523 -3059.6222976908125
-5144.961721241047 -4036.9099546201105
3777.585319998483 -4969.136583601607
8175.940284561379 4828.350934990027
-2222.8210776742353 -5467.151889553895
1698.5729592295722 -5326.495663522981
1691.373973020331 5727.057987402322
5197.538194136575 -3368.451597517618
3975.3839525733483 -4559.810448297843
-1641.2420638570509 -4319.268647838818
6364.295410025679 2703.07359306452
763.7479119666588 600.9231898927283
7308.3854948247845 -734.3206533433246
3856.927251151164 -3750.0215337273626
5793.384748205512 834.6191858999906
-2712.378986257362 -5841.480796508946
-1078.0099742584134 1995.637731514574
6511.552288486958 394.16116591242815
7948.869051488255 798.9162508143103
-719.4274156047225 -4970.1595813220765
2138.377459802054 -5553.132436940929
629.9527033730166 -5381.180342804577
5015.616555240563 -4182.785799035675
-3907.2846878440246 -6308.6914937131905
-3788.4595459660713 2648.315035279993
6860.6016871306665 -1304.1280290430175
314.6185059736664 -113.33333602227496
3893.9672974241553 -2936.005773055716
2897.6743985468897 -4451.69713751563
-602.1990683004304 -3908.953342583821
6213.318827127993 -1979.634533912038
6056.03069460485 -4432.10564733385
2373.49255672146 2734.6137780311874
827.8980797013945 3157.748144429394
6377.150481966131 2323.994230787258
-4293.870416797162 4543.5890750986455
523.6558325417694 2015.2327715313845
-3506.211452891325 3038.137863993535
-2090.4048544101374 -3107.0529047842356
987.8529554908248 -4498.59518754191
1152.5793072604156 2211.7810456603943
-3586.503280149776 5266.1041148871145
2478.2170242555435 -3241.6882536904664
-4922.0939636435 -3991.1552063467866
6291.517547549082 -2465.6901933256263
-798.7353036465444 -4674.471147865286
4387.987971347443 5972.229795317587
3598.9325335527947 -4480.058587101405
5041.389048690105 -3071.3760182527285
-2875.081573720998 -1944.4191783821634
5784.326366164572 -3065.771913706757
6163.910962585852 5486.361163498417
-3415.6124859211154 -1305.159267819799
1683.7453488244314 -4699.864096613303
3735.3846402130926 3720.3648235420083
-904.3370477913803 -1814.6225933139522
4887.116301885375 -3613.6500633958026
5132.473855841728 -1661.3617898383175
4374.190490619527 5388.909173739472
3785.1988837940853 -5248.700638403687
-2232.306749056787 -4254.611818235547
-4969.928882758282 4076.884525489092
5277.194711598479 -4354.571508730767
1062.331479052511 3639.8250311689767
-3432.2642637258264 5422.324176663316
-4117.624749922512 -1911.7479204619913
6026.016241027553 5735.036472478286
-4754.40685080112 -4069.3184239873217
-4981.05664318137 -5556.804130030357
-415.587918713826 -1567.3249144524762
4617.333209722373 -4124.382555556849
107.52864697731282 -5665.874935817907
-3028.8297055287167 -3734.866332582249
3748.0277792728184 -3092.0244266339387
-178.31704157794331 -3111.781901932715
477.073898206488 1672.3401304857791
1977.8142237722698 2727.441894121456
5311.072230467056 5402.139057335405
5095.55320325817 5240.23377860875
5.407872329266555 65.28420149469974
-2959.70933205557 5673.367714984173
3082.0110050917647 2939.5164744563253
2451.553134572119 -4827.252866311941
4945.732441486942 -2583.5220227354416
3047.5039213078953 -4488.770522402022
5281.357230373941 5719.294805162762
3248.983791141741 3322.1751575508347
6593.731806947258 -66.44103403740101
4391.758463776506 -4650.06432946658
2186.5700493931517 -4320.909935401137
4540.137778216748 5463.585311225039
-4667.622657159555 1249.3344453962186
5663.088936022976 3021.6412673388545
2329.309320980579 -6155.049242063152
-239.12991514983045 -3732.0414250735007
1917.1217618541007 -3260.8202733664075
6334.297799181154 4936.6295785531975
3353.865520654432 -3515.4204770911474
-3010.5792172790634 4661.65610407757
-4930.757056563061 4991.0339572934645
-2163.167344179726 -5130.4906442741785
7077.879959028543 -248.2361041071773
-5123.8069117659015 -2782.3183806133566
4195.02677980731 -3601.1699278370893
1877.2114408024881 -5908.972860801636
3275.8009067684343 -4241.522138440931
-2324.3570190877094 -2873.4958477291416
-1448.0443887699334 5136.7765044148555
-1443.7271075017527 -2959.899641101589
6928.672788909065 1435.2121841619346
2641.2262416201766 -4610.136238056353
4989.691847652504 -1562.627571919656
3780.4626145965935 -2369.989873505734
6232.500268569301 2436.365432798819
6468.288380010902 4727.170585258724
2111.349749372421 2521.6548329659145
5185.053172643717 1347.3895396457283
1973.5213878845955 3366.00589534516
-3122.4821683265086 3501.8028933966025
5969.239791376894 -2049.066894435596
4748.508981279766 5812.289876141572
-3581.3379852610433 2515.614764366555
5720.569672992429 5242.291123955795
7453.682260501993 398.36600336149235
-4123.706193007989 1694.7580036164984
-639.7040491120869 -6394.592883959753
3170.6558352213565 -4211.375012321281
7294.480432607608 1385.6621252197854
4107.182841050129 2639.7993789053685
1298.587507221833 5960.054303888101
5734.397366856396 -395.4798725625995
5202.403580106096 3215.8420832658226
6081.855914548082 -1517.0844375926524
-4225.109425007748 2614.926647504304
3776.5053431253814 -6235.7474624664255
-443.69785298541495 -4406.028952043556
4060.2237987487083 -4347.235544300247
-4198.969734934277 -183.32617968606414
1294.2234737820734 2493.8109702188085
3239.214396671888 3671.642917046119
3288.777603954386 657.8865456112243
4581.583649909189 5904.539101846677
-1366.7202383965123 -280.5865014925077
-1474.1009417525543 -3647.75200185847
37.333355625282 4276.651788075354
-182.76337168322954 778.2019602223413
2297.399730527211 -5501.438603223333
-1746.2356122608833 -1577.0038129464021
1329.54439218294 2613.715410273569
3729.0115130392123 -1474.2557988404662
3814.312603904929 -4200.499330660613
-2562.5005044243744 -2710.9106004210576
-220.65934087425143 -90.2170586998116
391.37486653543385 -3408.0411368881573
7445.750712416172 4945.858382853754
-3785.3135411923954 -3172.7623888120233
7608.278315613658 -1351.5836946064978
1722.4790157996374 -5452.744520429373
4270.069663644982 -2240.4360089762727
-4300.576557453704 1050.947520737651
3701.435605223827 -3775.4085183219654
799.1108731496578 1225.1464139143966
6731.137772937697 289.70036071164327
-4887.569578027084 694.9567462765842
4458.514413096483 2037.6689145658556
748.1976062885223 5643.276286440725
-1761.590320750364 2961.101903721086
-2459.776662316598 -2291.412653683767
7388.8095499595465 -3127.1607672348327
3491.7233945209696 -3777.1803751350317
2250.792597034015 -4380.804406125756
6615.025899786114 227.70266904674384
7066.533537795495 1640.94912161729
4809.530235979424 1942.6859229960205
-4537.70589408705 4188.39038597526
-2235.23747196897 -4766.106031372584
5301.808367707974 -3557.3474667065757
-1481.162752012975 -3141.7081225695906
4287.2186456142335 -2975.4252421902784
-4856.062087358174 -4159.415219994199
7997.896006378186 304.02667293928386
-755.295868638431 -4452.5593946337385
-3833.361064643114 332.6809036675257
672.5364090493334 -4382.338644009395
-2500.3755574586403 -1692.839166858025
-4078.450848870979 3080.855038346595
5859.427467362707 5482.74247529001
-3291.291660837697 4102.652136883982
1859.5834010684318 3705.5624076890717
-2791.2938424217696 5389.052471688661
-3845.622084853605 3742.535287812328
-2512.8398536532113 -2486.40958786726
-3922.230828592175 3980.729226992796
7088.889146883002 -1573.5089419239077
7219.429977208129 -364.0769911661796
-3296.5175237397143 4927.646512040625
-4539.721817073054 -1008.4274046471604
-2571.2062123338665 -3033.9910019603726
1586.7471097701793 -5602.363325667089
68.56964968726757 5119.9350948324145
4721.082714141008 -3289.612036977304
-319.4853204220782 -1376.744357132842
4001.9605664917385 2580.1225965759036
6286.409243161076 -2316.741330146511
-3903.316472075583 499.89189858518995
-4667.683382966344 -4215.835152621896
1997.623336344577 3862.190295864272
2739.847496007657 -4532.629163485102
-208.3625998672423 -1229.086734534085
4517.385304328216 -1148.224988199345
6642.53501035261 536.9871518238357
2510.986535503681 -5117.755911648185
-4763.580754139121 3328.564893217709
5033.0836394784155 -3864.7072026537808
6861.866059808373 3820.0272368534615
6719.147643627232 -1479.6729214973066
4166.520329930277 379.18062064341103
1813.853959954301 -3099.91946983584
6749.460888545825 -1174.418803888239
-1331.771354845116 -6040.117149977974
-3978.555549895901 1278.424368326251
3974.7429935879154 1365.6139226010166
870.9884336093097 5577.344337474636
4935.6392450058875 4914.932660038554
-4123.387003387968 3318.7408401953376
4803.30928610351 5976.8940180251775
4258.834830927224 -131.20131974271686
-4687.680047677024 1554.103838583161
3875.019205955197 -1857.603246773848
4763.899080206555 -684.8074491000788
1918.846024239704 2481.042793463505
7610.092501733515 4541.773858625186
6388.36179143871 3924.9079183371264
1528.7982127004957 5503.898667347415
-2050.132440351695 -1509.5044782322886
-3835.742182241006 -210.35534802964168
-4510.033767540532 4958.45265687672
-4982.164090688037 2654.471020403618
3616.545677218732 3739.141915723919
-2465.9714706877453 6029.219966379021
6107.376392410282 -785.2209976424075
3198.1034705020775 -5376.271448269512
-4871.179600229386 4627.4658761986875
839.2591057497089 5060.341383182815
1746.5210162077362 3009.9154668760316
4329.1391047659345 -4866.815058386398
720.5815307974116 1672.6625446903654
2192.2408657890455 4495.337391058369
6870.904732956365 -1839.4287843173647
-3122.4768478588157 5163.823084716901
6812.38728438646 5469.455374360327
3714.901822712134 1693.532117753671
2002.3867638788445 -5349.655875474138
5903.949965879482 -6274.935467558921
6431.490022011547 3769.9588868424576
2968.915842782711 -4000.287051827825
3782.4212093464175 1346.1574546752524
802.0361422062964 1009.5607239718499
-3565.0980889998204 3460.0978646542694
5293.4578020122735 4798.872911312136
1703.9075081013848 -3094.5235434737087
2630.770629798852 -6500.415446658416
3791.2449549538014 -1143.8919369775415
3316.5113043189763 3718.6446530266744
-2728.7187391769003 -2301.5961060539853
7371.765304246501 -4629.091349819552
3555.4564974720456 -2843.744256585371
-3420.980823037829 -3597.4767180361755
2260.3565235251895 -5093.9852036257225
6147.927037504177 -2184.170214711213
-3799.6723463918825 4549.170135687378
6363.165975183529 5504.573029301404
4528.309889131761 2750.602472167307
7179.719316861495 1219.6909059452605
2264.810109643871 2868.0029523242483
-3817.32359571202 -2451.1827391384086
2055.0403509522253 -6390.04516311881
2848.0701615149783 2790.412832904725
7448.658658108652 -5165.984633627836
7521.781387725702 -6261.427794464559
7187.3312793587575 5111.402444766474
4327.0203065545065 5595.302335165112
-4997.607237865861 3104.2977784984214
1654.323505415596 5612.630855152021
806.9748644481732 -5544.30589929257
3163.453064644264 -3585.2843857573544
2094.3603359701665 5716.262660468465
2809.31504671168 -5784.495756103784
6016.772270189358 -2261.2671486087897
-734.3860290598554 -6289.311618047981
2203.069266450223 -6463.253057919493
-139.5401405245248 -257.2172251419647
7916.22368511145 416.3662336000845
6858.928605498205 -1084.660204885201
-3172.1123532484075 -4004.8731918051917
-4580.699092218199 4732.639560116008
7969.605955654326 -243.00772417332234
6855.939821291222 1655.8282362453886
-2431.426940952611 5298.827564941032
3442.5236282152277 -4440.434943888053
7545.655583108869 -2856.576415206955
-2817.1006513773855 -6183.374621408819
-3138.106636348088 -1989.6212848190155
5173.977985138599 5601.9096685824325
2048.49314040287 -2694.5565612892715
3700.76523465333 1824.2946126906866
-3270.435271044135 3030.5791968651292
-1977.5732353052024 -3204.135742730419
-3648.8499216433056 -832.6274386867598
4352.186536613814 -604.8438615187192
7261.734009229686 -3653.6142677857497
-4594.264110452932 3101.5626965306933
4997.283462734885 1177.303976525433
7130.212250747307 -480.63883071305474
-4350.1558781529975 5067.82662116231
5798.647733065022 5210.0703151211
-428.8859497912198 -1393.6050276456801
386.62657544596016 3254.4878650115684
7091.685941388096 397.6481263758903
-3178.9931749197467 -1818.5660876850327
5517.180178974154 2987.040479470441
-165.49640555557582 -3385.7500459547186
7374.638679282853 1120.7619874447803
2994.220619228892 2683.329734909103
7442.213635782179 4791.899810241995
-3660.1292077122844 282.61684257141684
3727.59274837142 -1826.4214716750641
-4110.699564117181 3797.640546362698
7338.741550954523 4848.1689375371325
7395.727338980649 -897.3890052743158
7205.168203171321 1885.4673646244219
444.4096593310689 -271.5782773702736
-3745.2986104375414 -1743.0227428841738
4185.140197282058 2423.3568121194894
-2764.731292991978 4982.732991520541
-4190.470536055258 4974.601256415691
5998.958120080261 4980.117699812798
82.19187104639163 -950.8291901621318
5287.389900391798 -2328.236834020484
7457.609454460081 -3272.6854354249003
-2919.9251521187816 6248.79147508233
-2432.7024894103924 -3343.712768949204
2986.251877903145 -5103.60220946957
6723.840162712267 499.98211884440826
-4665.602806862594 1004.1396386771759
4130.817660857526 -4787.821666245955
3068.010506219308 2215.4534640972925
6954.267171966734 -3319.398934980029
6568.985057020747 1002.7794202698054
-90.50829725649967 871.631523700629
6294.03155926034 -2181.150662621149
-3312.896872263498 3540.547618678051
6911.304536031659 439.3594556504293
3533.7812428315265 -3443.8852706893817
5975.871157992344 -2171.76367989433
2035.286463909588 -5539.4922722999845
705.1924599527122 1949.2738287448055
-3131.588399354934 4173.550910705336
-2737.3803275632986 -2561.805037642035
5011.50104774638 -2892.250928266255
-3104.553264599987 4853.74842449297
7192.620882505796 3730.091650901294
2542.0863399691243 2533.1561429452004
-2412.5487068714124 -1676.4520084028525
1021.7123356574374 -6101.736115979358
5880.375862889165 980.3940565147401
247.96734890612356 -5884.723316409165
2973.5812672186344 2157.469064872066
-3968.098504915463 4119.67620577934
7679.196744408508 -643.6779536453529
6574.031501363147 -649.570637591467
3593.9424363427297 1321.5797224977864
-4088.2147378829914 5314.819761079331
4101.095047526309 -2649.7690608508906
-1169.8490867750827 -4395.137457541358
242.40709460842092 -2562.685963093151
2834.3871910293624 1957.2502915114908
-4119.121023427498 5843.065621668431
6480.611336094973 4525.206821388291
2036.659120016864 -5210.898798631931
7337.281121534216 287.4627725520602
-4054.414636458774 837.2616055695722
3100.655649201615 -4352.179780675998
3591.964576603484 -2756.610577215961
2530.420779141576 -4226.361012924708
1977.5161923609205 -5052.058164146176
3527.0582102143167 -4896.8821907084575
5813.829914687362 4905.8705470318655
7064.655524057889 5498.365471694111
2600.98574623945 -6372.352146472806
1341.7965350917186 -5407.69459679589
5783.517044224588 -2500.1217475787557
5023.213533572071 3288.980472402823
7298.022174377323 -4123.575547672874
5694.007306558946 825.9682439411457
-2648.3281818539976 -2865.3720583520976
-1787.7921062027103 -2319.5315774785613
3375.0078657393365 618.6920181214588
673.4256101692495 -4251.893043692709
4667.515521110608 -2523.06278871538
2953.3198077782904 -5689.628840780596
1021.3994115574309 -6278.267808319617
5982.470798199607 4668.956728014663
967.5058463634657 -5368.268151560211
4328.09322270341 -4365.373074596471
5904.524595930308 -291.4643212559757
770.463325393894 2484.408387218305
3510.40957887294 1591.4560518674677
3151.214729003789 -3908.1129313713354
5553.3893566990555 348.4221274795535
6534.031449489216 3966.223734103401
5095.504350540716 1275.7508372442212
3227.4978501514825 -3864.722150190167
5181.241117975858 4897.718143353477
3925.4810111630427 -4399.756888580832
5308.056913643952 5865.520578587783
5464.71483786853 3235.773916121472
5276.100713371636 -6373.326386157979
1617.405787122429 5158.631808460489
3015.972298963408 -2741.245781695981
-3229.8711505295983 3964.989202144349
-1616.2466270547732 -3475.574058694685
5099.6685858383025 4879.767433242656
6044.723536885812 4538.347580781976
-4284.445962408849 4729.712767367684
-2803.044438557323 -6083.341603705451
-240.58559679919748 -3612.3650756456336
-56.543624645730674 1145.03676726622
3874.4300537970935 -2244.516306832279
4964.162741422549 -3118.140644316147
3653.3806381669656 -5449.997626673974
6430.968084405577 -1435.9220349651373
-4878.821414123962 1137.1378453598722
-3602.622234018195 4236.826095056552
-2672.9954254132517 3567.5769597633475
3601.166299264436 -4749.193937596474
3663.1770817828046 -4215.499692887451
7571.814777718777 -1096.2907709425067
6831.036735308712 539.2201027147779
6760.3784659625135 3962.74946483091
6011.755538602661 5541.921199959715
4159.125418685628 -1141.212248291341
-4015.1839585925204 4657.817587298436
3941.1557021319027 -2377.7626155619223
-4068.3224014938965 5019.536349617451
370.56156921685374 5313.639750486762
3258.0486255377664 544.9464365953432
1484.0302000337836 2411.525269232813
6021.227331737703 -2958.186559573481
3513.435485714538 -2008.0169063872002
-1701.2297030282148 4885.750351668286
3900.511647187794 373.96116425197874
6625.928387503842 3964.9513820936345
-2071.0685273037607 -4676.697808600903
7828.3969632300405 4547.0308166643135
1534.4015860145123 319.4823459920843
7581.0611934173185 109.1119779345644
-3850.8648499012284 2406.162914944074
2291.3313319406966 3872.752411337807
6649.910750234648 5824.592563879666
-1369.0294647888295 -3505.7360166144313
5405.397659903776 -3566.4118012865633
3920.8027255180236 -1138.1128142978416
5344.7248174406 1141.1194883081075
2174.3553343555595 4284.861487024042
-310.4355972590201 5063.949026046127
1356.6704946728623 -5838.521782639433
638.6219273199644 -4537.688242659884
-4174.825337102817 2527.463872750902
-1452.5974383070836 -4658.60864011246
6824.431402597846 -2038.732657507089
-5092.853586725246 -5340.413254976279
3646.5858122196933 -4809.524847410533
1635.581007098356 -5950.015922991688
740.4531774746675 5037.969938951444
868.6208576795256 5899.305298138708
2559.969154187136 -5804.471895259313
4307.198284733798 -2056.603876168384
-4997.213401814013 -2965.621582199783
-1416.3213136362363 -4531.009159613935
-2575.1944911580663 -4943.53054673437
5111.728985805919 -2734.697315074399
-1062.6648614734183 -4200.045952793967
6281.077889774616 4830.653903261458
4339.925017185445 123.5965960419007
5721.521127509972 -246.99931658438575
1328.6286273037235 -5643.7900216054895
570.3971744670827 2580.3546934703895
6493.720368934546 5714.954322552484
2393.1410053034556 -5436.437446840644
2828.1592392032735 1774.6154147825687
1747.9502446101915 -6265.380609702762
-4007.5614595428888 3045.1530736579657
-2734.7891503043834 5743.5562779023785
7701.363735049149 -2037.5803756770406
5673.867170524132 5038.399799272281
1249.4693286262773 5241.9268389072295
8153.813021181933 4357.169011866683
6457.177984988419 -351.03373517840623
4070.74170711058 2514.854550021329
-3707.6901135031103 -1218.8892168792622
8095.425147383502 348.11379391106453
-5166.745679148954 -2315.5191769447406
-2164.945342475624 -4789.376873271508
3530.632899258679 2015.3131085622465
11.25418005913199 485.53749304015855
4014.3793849300464 96.01290480820334
-3095.3913527627074 6243.120327246303
-3538.8952595400815 -944.1778543363855
4158.38931499727 -5233.9287902840815
-840.1054226198004 -6372.173535308891
7583.282743808874 -6268.274326656323
4810.94466890828 5624.837477256969
3762.16971849541 -5739.171753880598
4292.542978617356 -1898.6678330033885
3011.692886571807 1786.0376147316056
2639.587507905429 2568.731766737109
-2706.2976410912256 5108.127968989865
98.09084649334453 3443.8989051462827
-1287.2816014365585 -3142.2579961985057
3226.886578862949 1371.5079745757357
1722.3610046789804 -6397.640236391283
2485.860250797391 -5809.581768529007
-2660.499845981942 -2308.0704849171366
-4417.6458806871415 -6129.680275411921
-2786.4227986744836 4065.8213940106357
7109.28888886065 1300.326245089348
-671.3562697166398 -4145.241803830112
6918.37773163173 5004.432059496589
-4338.008691873991 1442.8170806868313
8069.229218374044 612.3252727552862
6620.488376105898 668.0871879481284
1415.2357744531535 -6442.529415464207
7071.404920205848 3539.28452464093
-3138.3015121478693 -1010.6007796909391
556.3047184723117 -6424.374027314121
4373.126486381218 -1426.687872698718
5881.98958131814 -3419.8789136021924
-4191.526122663655 3062.9694061502373
7161.563451641866 -3074.067981801888
7853.635855886937 894.9817478338746
-3103.2258909106813 4972.219637827658
6878.031990398525 -3363.331451720073
566.2473091170991 2376.1325726374457
6227.306812166708 4267.187311745962
5212.308277217057 5201.4694528345135
618.2028888904769 -5832.544307235454
6860.339745390895 5167.861929393902
6507.119116984844 5934.490932361708
6424.47115612142 -1866.2210249739744
1850.4777076130044 -4850.532679479282
7504.304639899677 4783.481739272951
7071.958797754004 -3539.590293447247
3652.0051761446657 -3500.25767895891
5962.631871172082 -2939.2318393662536
2205.256792219753 -2849.955190810804
-3029.0612933887187 -1829.1272420234675
-2797.6909616244334 5184.685290540611
5405.210473771385 -4214.043709101702
7231.673298430764 1492.0920703291536
1545.0463336359057 5143.742030843673
3682.2976978805964 -3264.72265697264
7165.792886445274 4568.172843710914
17.877713505756137 4371.696638991396
1135.0995400577494 4436.264585246486
8234.174117644607 294.4425721882951
5039.249965988656 -1923.5895613606901
2145.691094352513 -2697.158520063026
-177.59176596458823 -6368.438549831575
-413.1741940589029 -4296.00108638126
-50.870880034654 -5853.246813769578
-4390.447082420367 1018.2470108742409
3771.5729418912115 1907.8458351792515
-3253.7056684197564 -2080.9661054984235
3929.4094412537106 -1495.0426201752944
6730.753093015629 4285.847695462159
7028.910426081334 -2485.096384905533
-3703.658586426137 4942.637362040907
-2141.095871049201 -2768.856152650642
-4216.616357698429 2715.4027152916406
940.1581423555205 2876.5639813906387
2915.041585792619 -4284.693149380021
3940.3173671720856 2676.760003881901
7240.00801366049 -2998.2845229557147
-1670.7681800730493 281.57919801902506
3118.5044696334126 1019.1540648434958
7407.6342840835 -25.079353847320032
2807.761005185043 -3735.793367691539
4043.263006205966 -1617.2091655293614
2923.2546467645648 2454.2458551217564
211.4082237466406 5707.5756303807075
2100.663642230193 -6131.08166958853
-3985.6642161109235 785.8733654567118
208.05576055635015 5142.171237003446
4226.314941596731 -4555.668426918698
7092.1691473012215 5144.411181730979
3521.4498473459216 -4759.6400449878265
406.3268988813906 -532.7819607871736
7228.510586015776 3562.5251536049345
7290.637008962588 4136.695951124875
4747.633461048207 -2403.4878875651975
3302.15217011624 1719.9464825100722
6949.52056172783 -2241.54291449833
-1173.2697028775417 -4542.369493211392
-3899.5639133511313 3354.5248717551217
2544.7978092864723 2458.237507228736
440.0135331111424 -5852.981350752841
3862.7558581796175 -1309.4509348835186
4501.791422608722 5201.591517187243
5502.874821298795 1197.8002379747431
2329.9283451191436 -4995.712921528736
7017.20145844188 1889.4231956202766
4908.657612168547 -2693.5316463876484
6543.509968251835 5634.861599297303
5427.583644382113 5080.493677812362
-3705.8714066788675 2858.315160130385
6795.280964740238 27.1180749874075
-4447.980066903571 2260.6603008903185
-3389.3807520514065 4837.284957519358
-53.75906899369878 -6277.638074479175
3856.776208745414 -3600.5037472394893
2083.835511005684 5814.272661738379
-4228.444546510453 199.66293154846366
5219.180554792387 3455.3394282251807
4257.423127632759 484.87775614803115
-2879.4282714884075 4844.840504373354
-4368.8847352169905 1139.6191470255078
7332.547919930742 -3052.8107414303213
3714.906831362738 288.29696092604394
-3806.7125723758263 -2530.4254502448484
832.4553362852514 2871.5699000712034
518.0313541144164 1824.023303261499
-3900.0769051151933 -711.9511164466792
899.7125665522301 1813.2739502650168
5760.690589993695 191.47976434880002
7200.4296224148675 3849.150312049589
-3604.8751089884026 -907.8837189551166
-1392.7538741413691 4742.756260174014
7210.814534015347 1390.8418257312546
-4043.134181612497 -6384.104325817652
6911.2459604286605 1854.1648621674556
5112.0930288433365 -3074.557483434835
2675.4498222663574 -5024.1841038042
-3649.4391617956444 5432.936262658947
2819.4941216088628 3107.9651858671386
4030.6752927050943 -2537.6387416440307
-3770.908833052222 4061.011641978163
-169.7234790328134 -3464.800325385818
1810.7210782508018 -5970.740709839798
4199.938600366614 186.38928661164098
1325.2785058242034 -6110.93478868451
2616.817490301873 1837.842871357119
4791.938960159763 -2980.6640056515666
4742.370901921802 5242.615208485679
3772.5484980770116 -1884.3659707226177
2858.6818816030677 -5168.939144957199
-3657.026202928529 2382.9000242273432
5273.628271543226 5179.105565001896
-1112.5773122900866 -4428.5024023954575
4550.726955869001 -2835.712963718004
6938.498770660796 4212.955207768555
-2801.8058680811073 4185.684844758957
-1134.6760617454058 -4324.332796655418
2315.164656780189 -6310.714589870959
5315.450235573359 -2639.969100190719
-727.8670752331764 -5999.773199746533
-3415.8740042655104 3890.30191399681
3595.80890673743 518.1368452919883
-2938.5549117520113 -2388.189034634524
3469.4048126353828 -3340.4544528266365
5157.037009353291 4710.080276923256
2074.549764915696 3892.0057448131843
3701.3379683308885 -5568.288031428899
-294.6489425728957 4740.952283956489
-3799.141035576535 -442.8452118268117
1846.0358848476167 2515.5311497862876
3775.1155749240747 -3406.2780731450125
7002.136766373918 -2151.8311284026718
7056.281012782979 -2070.2365729714843
7148.384466147445 4043.6013724951545
5591.556302163641 432.4108484795618
6764.515775960012 -1610.6126952543148
7745.320769721302 -244.55768660530703
-3585.9222945877796 5074.123450023554
-4495.005801219238 -6107.797293781761
3693.024281204379 -4342.795949487472
2808.7854179455494 -5496.61766990527
2112.0231932021716 -5983.1310542823585
-3287.0783901103314 5251.137832137526
-2943.111445462555 5011.139115743282
5394.86206696947 4893.634109450992
-1494.1499374715227 4844.474136282274
1193.7106411268082 -5806.465693547582
-2749.480635291715 4838.782316046366
2907.995121372403 2623.943793361213
5337.766127160808 -4764.694557261994
3264.65551920082 1265.9566809086987
6620.107518583007 5487.383128621433
-3922.3372225758512 -522.0138161066828
3526.558798507432 -6147.478889379195
-4399.306570763583 379.81740903407973
-3879.5984992957597 24.318010272001843
2335.7364584961874 4318.456531491667
7647.189926310702 -1964.4941539255515
-4566.161977788241 -6038.7918527869415
7880.641301753179 -28.54243212920988
7075.754303572787 -2974.14263237181
4563.920862367666 -2656.26951517708
6637.750816104247 4677.967211328948
6116.532978673936 5141.452076356248
7430.161781847985 -218.59005932818025
-2852.196186020012 5701.8655429096525
4122.7189926451565 -115.81164235054285
5178.327825914312 -2931.7776723953184
6879.283749428667 -1523.9034401649196
4187.250621429147 -141.6915948282314
7552.922367299664 1139.7717276960661
7074.05694703331 4854.774085610958
5228.635960093625 982.3086599630471
-3298.020853055154 4407.384350786674
3230.691131722416 -3126.0748780472686
3738.125991764976 -3294.4699747619743
6531.116893613554 4890.960213842938
-4265.308673914588 5148.539684359568
4676.159839625354 5724.79736211225
3982.194912113705 -1057.3241054626583
3900.768872950381 586.210253460811
-3697.5513925972873 3434.889071270891
-2199.338854705406 -3227.505773482765
-4176.086499278181 2801.4162209108295
5065.451634568097 -2105.613867856942
6309.775427948973 -1852.6149845885188
-2400.6571887856726 6222.0910105677995
-2254.880920151435 -6310.24249350447
6972.110654798441 -1796.8408328627304
6452.172070410927 -145.66928550378023
1490.9441813146666 -5661.9290665448525
-1945.8804135635276 -2892.659555461149
-3668.988019218062 -1422.97069159154
7213.881999007088 -4100.003029563748
6179.05206623019 -753.7387558749048
2193.6176940631294 5753.403856633432
5670.525784790298 5622.279824751831
-3008.4830958054213 6225.230754862817
261.49910696512177 5349.355167567679
2588.956457332192 -5210.84836210348
1145.0885100562618 -6171.16278282322
5778.543800434916 -489.0955567135049
274.03025928696576 -6089.988678112653
5483.764645777496 -3312.4968951845453
3107.580977297642 -4899.577561423287
-3823.0119813074275 3020.7034412677394
5981.2072579482065 -2771.8192876434755
3625.5555801931337 1784.7921010963994
-368.3438157776149 4585.14494897234
-277.99547262476557 -6230.68691923786
4276.497673717526 -4918.987363158126
7448.0835916393125 1691.337698387425
-4254.756070146502 1194.46376583459
6526.074748609573 5847.496322225489
-3349.1561441399035 -1998.894654440347
3933.5178458918 287.6843336031477
-1894.6234941361474 -3093.0872712911487
2108.206270330694 6163.133621908433
3812.7386912212796 -3523.3255568226905
-3601.6561310818875 -46.01706840010319
-3249.3568751404596 4830.115547919819
2747.0413348761026 -5843.148440895902
-3879.6736984051663 -431.80951484854717
6804.479670819378 4557.5731557809295
-4854.833897513023 1422.6527994658923
-3702.417839323655 -1626.4578712404295
5134.972744094587 3310.641352309473
1738.7433088940954 5055.026390916043
5304.319754357233 3193.425601004946
2311.5239668589825 -4898.66643527591
-2983.4571959628806 5240.896556159843
-1358.8974362418655 -3644.7495729872885
1975.9100921228119 2541.8355641531443
-3734.626257786629 5285.253615881546
5431.697041885026 -4456.126692525456
-45.37451908820273 4175.707971560707
2005.4442978969 -6266.130580063568
-4203.286956620396 1669.279629824545
5739.025017398489 -3332.528258055626
6533.808223461645 4556.606972916789
450.50677417599013 -2459.3485497349584
4080.7465025565098 -4634.495221245294
4608.592447946912 6059.189623819356
1951.1661810743356 -5806.527211965161
-3706.6545940604797 4519.86877172773
-324.97686894635916 5288.114253499072
5622.704915951815 5942.969522779459
-4061.2275648997606 4771.366815103606
2222.101867948435 -5753.97384673891
303.10664015643414 5688.428450356422
-3374.7284722295003 4382.453746884336
2781.2922029509436 -4685.3905907862145
4037.8784132455494 -2197.084664897117
-4360.716329148847 2710.5517964645974
3162.8010960179577 -6011.258400731095
-3205.2732932646445 4215.850468246269
-1906.6953422852823 5886.07023767098
7782.971783276521 -5571.178812966844
3372.1211284367514 -4262.879332386927
-786.5565286065523 -6305.753784847147
6708.959408934548 5777.018663923967
7422.9977528651825 1233.666775396265
3672.454856854469 -4995.824586361512
3454.8697715986946 -5865.318739832092
7417.6365533929375 1009.7899418205521
-4215.096520843604 -6227.4729249766615
2845.948625650121 -5852.480608218183
6632.731903668158 4491.179678921652
5833.867532827966 -3480.962386223645
3072.4529911937157 -4806.576323029658
-4815.26993609944 4718.167323676062
7605.290897267638 -5866.900812002012
-3215.1469676453385 4584.909060527526
-1984.8235388625264 -1469.3949773103027
-2591.146295610201 4907.178731130491
7095.2513419575325 5614.282960810868
5190.205558588279 5406.260383407195
6536.382671347326 -2131.1968920578884
-1366.6245099857529 -3158.763750547861
-3928.1234880820666 -6123.0089893687355
1653.5730732805366 3099.336683068915
-4108.307200995272 1533.7695506701139
6932.841760746206 3694.763042725073
399.6408254520941 5522.848111393118
-2986.8358372379316 3986.078765374549
-3532.8818309586545 2657.031288145933
-4249.068469787785 1452.558221179783
-3063.607027322927 -2475.025528581464
3381.1444459185227 -2507.920593148177
474.3136457361784 2195.0499455756058
4158.628893747367 2684.410033461925
4326.662290961912 -421.37614700006037
7082.614855792892 -2296.0607925910076
1101.4584421327352 2702.612013529161
-2328.5689856484114 5998.5505406130505
5136.363924351762 5714.996978834561
5144.394392662498 3523.5149115403096
722.9585207039792 2122.778218234918
3239.473973246037 -3234.251967748258
-3565.8941733299666 -396.61744486332293
-4052.6503616715913 1196.715869251628
-3511.07058099434 -1164.8803413095761
906.479436925008 5688.950583133765
1205.2378216508985 4954.562264800454
5083.872260290042 -3790.16859028039
1835.7981434837932 -6524.218553954903
3799.853311481645 -2717.3323057745183
736.5681137545913 -4349.982172929654
7146.090164734024 5008.253374452308
3889.1052841195574 -3973.639478739318
5256.354716194694 -4643.451586017855
3423.373282607482 1586.7436331122967
-3581.9197261688278 3543.6232964461997
6953.128359409827 5638.382804099701
700.6266281424232 2684.0059265228338
-1032.940896701963 -5029.636061350007
4233.806143128248 -2688.6401460145667
-3924.1941079617854 366.27813631936897
-2892.9583899727695 -2674.767731814326
3260.7182038652127 -4741.861042580886
1844.9315037763154 -2976.318996569487
-4164.243067359527 4590.755346009565
-3487.708849915629 4637.230374638873
7828.086562072074 1271.4747469733798
5670.420008287553 -3300.62474942324
968.402005050139 3058.9771809491094
-4104.805771012863 1828.966078739133
2930.0520758727776 -4771.068906936726
3282.537333126352 -5632.25395299035
-3049.8966768781756 5609.47861955696
3742.6850810882825 -6165.967356907469
5780.875071677691 5936.892830744054
-1725.5103500436812 -2399.234317090725
3052.7691334733595 -3676.3208938272523
-3681.119298395114 5152.517682614051
6539.8718171367345 798.9546761719783
-1389.5340671805063 -3781.978858693605
4913.853083395244 -3518.3629038640474
3188.0262240657785 -4479.3476547934
-4295.867555407707 -6307.704268325944
4836.252457113426 -4260.629935277592
7185.736932245666 5356.054317001982
-4632.253265918691 -168.75741784842984
-2384.9457672821513 -6411.07427013397
734.7721969827328 -5855.372853176597
-186.6758993518618 -6471.899651667951
6769.568524381827 -2219.0579047211554
-3578.311782742931 -1703.6209743391394
-2956.237723893097 -3775.1636715899785
5553.467194888527 5137.048916288941
-2585.7133257605446 4570.16137331638
5652.3263869767725 5826.806653602392
-4034.244213503953 1682.0466829556008
-3762.3423918053845 6068.317301405233
1750.151006310581 5790.030147061925
3090.556930544424 -4108.025158540772
3569.840275542267 -2926.0918016371857
4058.3596382496744 -1176.7499478768373
5002.4923788275655 -3732.869628193779
4478.184074828315 -3785.6912917634872
3919.353518133411 -4138.402870456874
-665.2119181987707 -4339.495113445082
684.5386591298552 2274.5664923006493
2022.3180928122076 -5950.175480653548
768.6854571123347 2264.0400033567557
5188.612220271655 -2810.3669957728052
4941.675147402259 1223.2551182151697
5890.226795296552 5663.004721311036
6966.509892848688 -1509.1772252864027
-2277.4333410484655 -3435.7047276566936
6018.280116942747 347.98688241109676
-3476.7545281108646 5176.799902025477
3234.985412939388 -3406.2888823553476
-1341.8395181372991 -2236.776836358706
5100.652002238555 5393.87667816553
3495.806719825565 3543.635431669952
3453.2987029032543 -5229.5666423479215
-3273.5735633707213 3232.0065613906313
1093.8760149789416 2018.7912977187773
7211.511034378835 4122.975610691692
3494.4709773956565 1019.4110646077104
1393.768440011209 3017.5143249499615
4100.730549287207 460.28831084836145
2811.1058843225496 -5067.7871991535785
-1126.5909097944107 -5270.013781097369
1176.0619382997363 -5606.759119915474
-3068.927962478246 4437.295186056089
5893.4334328233135 -3167.0736343413455
-3120.5592905358885 5614.671563850452
1210.7729611290388 5341.364106080502
3673.7901099809774 -3073.680563043663
-2854.955315025406 4968.7999888131935
3943.760525636795 -5464.8696966619655
1802.1393428994334 3582.966957531464
-4604.365032185714 4933.068165919241
1811.2516282028853 -6080.033510635912
3527.3748485332953 -3134.0007398484836
2468.820642324643 -5577.86466547391
3229.689947839289 1643.0039105127992
5160.131138748745 -3131.3831719862633
-787.0799341582048 -5104.03001644462
3337.812093784075 1443.1488834759407
4681.127261210048 -2905.4171624256187
6311.549304383276 5397.483957084464
7308.242511427736 1064.8238977555345
5967.445011972471 859.8557937757494
-429.644439287384 -6469.827515426972
2214.3503996650093 -5482.588126467148
3480.5795415176976 -5075.823189954526
4293.9643992600295 -2385.2886163294206
44.9174413581095 -208.82594453712153
4747.725697442581 -2745.4909347139064
4602.463741344544 2779.752721368197
5405.336925003911 5309.601452736566
4967.902534290026 -4620.35480012047
5158.53360400488 -3587.3830447606433
931.1043093500215 1890.5381740078885
7452.732380957605 -348.05236140255636
-4030.0855523586 3928.754564408629
7555.306722729258 4421.298336821479
1574.3763373913646 2827.142796268303
-2466.2571721855493 -2566.5387007125387
4300.5227228050335 5795.9525394070415
-3783.1729242877955 541.3180799416158
-4725.680581801821 -2909.6326650609058
5895.910083672577 5978.37988926771
-3160.214282426717 4052.308744742713
5186.051133916551 -3502.2343443158516
1965.1298837411582 5814.79311830718
6796.251657220193 2036.4859092932854
7208.17172040405 1664.2301576393443
-3952.5875292996466 85.21455932807676
2086.67677305715 3785.9336924618765
7067.058662444028 -1756.2285700707428
-1922.1900825685843 -2504.954763969658
6340.59617377973 -1686.1857525848322
5261.612465242049 5573.584143411746
3566.0964851668737 -2070.3474077598103
4498.244726595078 5659.508105472249
-2694.481851243529 -2735.7188609905916
303.64167803383964 1881.2510625188631
7162.193389508966 1492.9023592921892
-1267.4856566086767 -2408.187047257554
6906.810722095496 1574.3432068074228
-454.69116551715547 4409.608903435378
7578.857274693422 1024.7354681810116
319.208042400062 -6175.929324971129
-1470.3928991716987 -4760.2947629785185
-2218.7148832994085 -2865.4377192341244
636.3361072048542 -6228.999059335344
2593.321497255292 -4897.039000987314
-4345.934776070254 3986.0224999713078
-4484.508414403995 22.837872730619846
5834.37217767166 4646.092308919237
-4266.070153887735 1713.0121572982512
7085.0169010227955 -2200.8864056758607
-1114.2229752749522 4546.197704804682
7064.3663847292655 -1849.8716946311313
4705.479735003518 -3923.184669036984
3783.480542533705 -4097.4254853280545
5149.471865024554 -4732.82458498765
5146.601395686994 5862.372016144049
-3446.2283072654495 -1601.2521333680538
1644.8470974910579 -5227.135305914832
8167.343466428283 278.4745986009714
3511.703312420972 -4474.394753032573
-4114.006804258651 526.1194808976571
-3084.985423501748 3687.503751348134
-4429.436633673534 -6366.807096010494
6441.670369950952 -956.5114806019571
-2674.7221684295337 5504.444057483021
1338.9509587597613 5067.726550784797
5769.337071480328 4689.260041094545
3249.0024797408137 3792.253227839841
-161.49959994280405 4577.43076071352
7257.701374202328 3444.553135529227
-3189.50135750936 5096.240964991862
6630.577001221346 1144.3897329445585
7327.434010401909 1689.8773924193788
1407.9360508439402 5831.1749631765715
6060.702233763744 5064.5544895888
5840.887668938362 1091.9537198398455
-1315.8377402385393 -216.84590718591048
3361.218203865553 3595.4041307721795
4912.919471634768 5816.9105794886245
-1885.0429465583372 -2365.9341105735884
4148.409756866816 -250.49983752833256
-426.55033766881235 4513.154003737881
3241.8512759797704 -3626.914236276164
4671.987145283129 5566.120781007316
7215.752450601726 -1453.688923743297
-5165.7040088892 -2674.1344049251625
1286.9611064675928 -5997.079745000096
-4654.543504351091 4634.228640594338
-2901.835298398442 4456.99875560629
5758.325911802741 5762.217320920823
3525.340873054279 -4053.3660992724363
5028.394811893581 -2535.467208425772
898.0006189017624 2043.9596543852042
-1159.9348813394647 -3226.2197096779046
1823.6683844950142 -6203.499007883388
6709.485101921437 172.09403806743663
5759.394522207131 -3679.7945867504573
-1559.2954987374574 -3224.080772417237
-4197.125439989813 1806.4312422998885
2408.068715793679 2298.7717654446874
-291.1291916980581 -6113.4278857815825
6562.553240366526 5042.270743067449
2830.4378693877848 -4956.516695230328
6631.681797802707 -955.129898093399
-3296.4855947888555 6269.227779483262
4060.0279074632817 -4793.408693095473
-2043.5220062481496 -2913.4510464632626
6768.169120641566 5024.123601922764
-1660.1778769951948 -2582.9592248512904
3868.860312829158 -5132.846459916713
1008.4111298829341 2752.2923878620786
-901.8949615416102 -4677.775699660275
-4199.024559149791 3193.5065720855982
-3441.5225363122927 2472.0846324161325
6998.013645267836 -1666.2329057741633
6549.800079946672 -955.3385784888449
-4368.2197030956 5257.751924222512
5325.906681046947 -2920.3077003612843
2929.9148442398528 -5568.42084994669
-52.4510975014133 5292.42576428463
7069.7354932959015 2120.083663861565
5589.725400972464 -3757.7504306680644
3843.9564332530085 659.2255516348523
-4813.737728769776 -4349.728412185685
-3835.931130636783 5353.064924318353
3976.147200503567 -5262.1699806843735
