3296.5573903069194 10826.273063290906
-7179.942240352397 -3321.426998574803
2095.0421012974407 8508.310970620543
3919.7836295041775 -2584.2266869976825
-3027.4820510081263 10179.38459546347
2310.60582364043 -1028.3493376324666
4665.559565069722 3096.5868424964506
1563.6018728675226 -8997.591084401334
-5863.323259924147 -5783.385919600063
-6507.0575272825745 7352.604252886595
-638.2909001960855 9213.749791180406
5378.262131966884 2002.5671431520502
3991.802898706544 -1146.9280496999913
-2547.9478424849285 -5873.06747732835
-3881.9357079203774 5398.1619984238905
-2157.1025525564546 10767.305981856804
-3511.5795800509372 -4966.3366699298585
30.74046872272405 12898.941448819363
-4297.167768624748 -4090.9718438448735
415.3409422934662 10818.984790866385
4511.651373679457 -2243.621716201175
-5344.292692437909 1672.1717456550646
-1160.5732991985044 2649.0474600546704
-2164.468288129154 9274.365476407997
-603.46750094104 9713.179137264953
-4322.3234327925675 -568.6629479317771
-6333.240543575628 3855.24550901324
-7029.325945912623 -1617.395968758936
1233.529372777063 -6232.9003048395825
-7947.645327122329 2683.7550617577263
2525.39877226721 5389.887102834536
-1044.9841082264013 11017.6077981284
-659.297513087178 14671.045001926575
-1233.6374284857716 -6838.718020089992
-3558.331708072368 3946.291976861487
-3279.3225837613395 11172.222383128128
2207.331642316625 -767.2005577217003
-5775.860725436395 1985.8507151960598
-6253.449161577577 6624.397170700607
-5154.470229541777 11836.875496116027
2090.515028488857 3871.3026032154253
-2549.239310822365 11599.971233946844
-2897.6369127476014 -857.4780004590204
-1310.024538352762 -224.47975644868464
-5165.616903453237 4699.775983923263
1500.6380408277391 855.8898160244091
-3452.032334974743 -7091.561307396316
4724.975142021426 -1189.7083276830056
-6831.613194837352 8378.180619868812
-4746.029662139951 7192.193527535749
2113.9180830403525 -3479.3588027191313
1755.0069787552882 -555.2926898523175
1309.8376424465737 -3116.471444860369
2179.7308249297453 -9118.194077733518
3707.3363584099134 -5398.135532694146
-2492.7032350771274 13744.040486881095
-1150.5865349661767 14896.742898566965
-1096.34281787651 671.751844414369
2149.134700745032 -7225.359172269593
-8038.98669252112 2037.327762476424
-6308.327395849024 8778.737992264212
-6036.281369142824 8437.351511128407
-2764.1976137912434 10529.876344150473
-1548.2327943126375 -710.1234349316483
1864.608779219523 7791.043748315442
4523.568674596325 1681.3617485965085
-295.55216322608294 11967.218621803915
4487.672275130528 11029.123466553108
2848.475927662943 2985.642460942186
-6237.973320425996 6388.296881526945
-2036.5446198772988 -5881.614598518436
-1147.9934846813812 4286.875109156854
-4660.486050638056 8865.957425195496
-23.175922400369938 8939.055341191595
-6968.69925959622 -3455.1672192054075
3193.8523960184298 -9927.663082035673
-5537.6771948891355 11.566446920288152
2834.1902705742646 7236.070307839985
3779.8522451341396 4490.080143702477
-644.6364628573407 4385.1398931896365
6122.852082860465 2987.4431124573043
17.791446948996693 -3224.800290800449
-224.95436157143098 12670.143443608797
-3429.4495974970455 4222.979933196091
-3953.332862045983 10482.80653292324
1857.2506197321288 -2714.9971301986925
-4540.024209955008 8122.48079808523
5876.439453963203 4875.815862396759
-354.6705847735754 -8079.25939656482
-7026.0317394922495 606.3165117677383
280.5920333999046 8449.724984397846
2157.22554752526 6723.310867343356
4627.894329547757 10393.819017198777
1619.4865296780667 -9385.361930592195
6104.606256468543 7547.89941755599
-2585.9111608901467 3500.8518861500293
-1906.1884152839846 3367.6902892527837
2363.6746229024043 10057.129835602693
3289.5222535461803 6602.449918996995
3454.8797346352044 1932.328416465
1763.5317424806094 -5980.206638833233
172.31804079369414 -7712.4056469662855
-4110.038126652964 -6792.742114792662
5264.687198128055 5743.152817449444
-819.1847834506794 1114.8616749120658
-5142.531189538175 12839.528772559162
840.4961384814158 9708.6874334939
-2853.2248205095016 11500.301066792263
-6839.825180702129 4494.126067618045
205.07254816589057 7680.781757278656
-3039.168215839103 7664.109559503291
3403.3013243832957 5926.569290646607
-653.6424969712544 -2585.7428734877544
-969.9073190769792 4832.459242056973
-1444.6569804200315 12625.66251205928
1644.0652225472145 2506.8868562737534
-7064.806415291183 -2528.910095686175
-102.62328355965609 7307.720010392282
-260.10238052070156 -1959.933987018193
-6035.2145138835485 -367.250135303638
5862.463529155376 7917.30644792081
-5457.3150447683975 7196.057482977177
-822.8885322914311 378.2839919961605
2008.3423884835465 3293.785858659675
4774.770067902802 -2217.871495693654
-8044.18423648008 694.4501740141505
1510.4280953564326 -3630.378592394101
4427.0377428467355 10509.391209910804
965.9926627647533 -229.8775045705165
4499.811475674673 -1324.2883941948735
-596.7738259681565 12732.648551579125
-910.371671194067 1500.5234346193554
-2108.2569345123575 -437.36703146651604
-7745.161761470926 950.4690392105773
776.2046125955086 8951.338595151065
-1886.0393211466242 -6442.096789684916
2573.400206458371 9801.318306648634
-398.85004961587606 12167.400821472176
-84.92303591039443 -7095.141590025306
-6878.395088086578 7908.452637806774
-2441.7345195231946 -5177.841100353313
751.9271717768737 -5440.03167233234
2272.950137212404 -2250.885269194344
326.1775422141421 -6347.397830512953
-5133.163837361558 8028.225790566434
3874.5140249094534 912.0398949616392
595.6198557184227 11800.750286263026
-302.6385442555012 3032.3359169380533
3980.1720372712684 4975.030119186385
2543.6268829599094 12106.470676262064
2461.781354289824 3250.4768957417514
1705.0883335158726 -8037.461053465091
-4568.859532341938 12002.252732358536
4124.027545173378 494.232395404267
2357.033794027135 -6087.089154305179
2636.6672700733648 -579.0431654055192
-475.9273341130631 -3745.7281488332005
-2232.7525921870238 1257.6590909777365
2283.4489774992076 12585.556083068397
5876.101408847462 2047.5121058213567
-5872.472420937436 4069.559039233882
-3650.9826799692523 2106.0101154574418
1853.3710970013387 -7142.468150187974
-6454.601385535797 -1002.0551019725847
-737.4189040966726 5460.13540793008
4179.175378539764 -536.272089179866
1573.8935631916795 -6793.357974595803
-6751.7945718272695 6533.8499233578295
-298.1424797377078 10571.016574484505
1850.778360701583 10984.048559486118
-1417.2610451155151 12247.793817419653
-6580.664103075795 7048.256095014178
556.8133585595682 -2235.547605575982
-3207.6919918875547 -754.6079496606085
-3986.482173633896 -1991.475999640638
-3025.955593861541 1113.2089771278436
-7346.422336010266 -2388.503104695617
989.8367460654567 -2861.659058877469
-320.0328305676226 13902.922901786591
4370.703003180349 -1159.874469590132
-2352.371814053945 4735.063207150699
-4022.217497463946 2585.108282734745
-2962.1538751345747 12324.6183146379
3068.2531960743904 -1429.1149395017208
-1746.6356662955582 -4178.726758298774
-2231.37936565057 3485.121095039295
-1093.06415471514 1795.2252434471118
-491.8194119882565 -2967.0535724897686
2413.577784524995 7233.907250416865
3901.38283857072 -6177.667915654225
1781.826872964144 -778.9840609877357
5933.140790379296 7630.306121933828
-6902.633502657158 6321.2093301949535
-5611.107442228925 -1095.6695755905569
-34.687822418093056 2591.4556987971114
-5979.974414995524 -5087.136379746865
880.5366290237794 -1666.7446835109656
-548.2778522324566 3720.475726965995
-3713.9553476316514 4642.0914515644845
-4394.882866763816 2401.3098820486653
5387.220856596141 6899.335060583395
3378.7882446857457 -1186.867070117994
682.7945774034744 -6559.175430889096
206.66742745807005 -3182.334350695787
5226.065596692003 6333.294250266498
4827.050956974308 8463.70426138285
3048.3784333208255 11811.720765408256
-6855.878738593167 7435.3139486004575
4009.5667893652335 3429.914652109629
-768.2290430026875 755.8308171915139
-1882.734553265902 4551.636239917409
-880.7632713699976 -4208.9014833337515
-3140.3886218283906 3436.686278887477
5257.088798977944 7418.726803392604
-1846.7971264346104 -3095.569883070316
-4632.613421162852 2179.625231022053
-1840.8319571855238 -3482.772922520907
1878.0473412632966 8171.22286470452
-584.1249514858578 -1650.316715033067
2979.679852274732 754.9929992267371
4245.667477254379 11664.706718091771
-2178.1112939679206 -5361.9679500179855
-4530.443661897359 -3385.9567289811257
-5051.253461862131 -751.0289604027138
-6086.086725535239 361.66574098144736
-5727.487856662972 -1387.959871501276
-60.97898567463766 11615.368504431815
-4387.1105016764695 14481.078411412174
-1071.5773777156267 14655.217449640495
-1344.4463396237256 6956.852491634852
3218.6688457243113 4469.81839746868
1529.9590235740766 3485.011030953314
4811.760408225622 9059.293688022786
5147.676635782202 -144.10901275830395
4301.336871685528 -2673.021046304991
-1578.924463489782 10674.466007458836
-6764.955769214762 1138.5712704644502
-1176.910053990172 5604.135026729138
4801.839802404105 9832.493252745047
3114.167124545288 1738.1091279700074
4622.7283931829315 8712.430235108752
614.8476739135463 -9191.566013213496
2786.8593352438857 5906.182901170978
2826.328358723356 -138.9481002338465
-5852.3437217325745 1339.2658449743526
2365.424845960205 1253.8890069499146
-5624.549583190941 3286.2059371427
154.81653951432864 6703.027278585586
-6185.411201475421 8199.294098529303
1804.496090881819 1370.8459301272505
-3982.9855792238354 -5881.796158011281
4615.828028526333 -846.5920519370836
2609.589864527838 8917.538912840377
1973.438762755726 -290.0486631254195
3290.6214724480988 -6535.659074110748
-4181.476309228071 -246.25473378824938
-1821.0477106318654 4206.201624881844
-4641.726707444949 -2943.8950866519326
-5504.477367109854 2883.2157538864853
2741.520476959405 -8315.317023522854
5499.581251206147 650.599468593405
-1866.6110207229958 13383.383687420876
-1817.8958006753805 2354.702270293315
-49.60072140134833 5691.044133971492
-1409.1311640487068 -1259.3860499658897
-5416.147139491028 5932.189103565387
-116.9726662072163 -1112.2050419829043
2554.3065692191603 -1178.8900107738903
1415.607728781945 -2287.80922375322
-533.6749006020008 7753.569986298511
-2386.24999256232 2203.4718855000015
1906.2105487273118 696.7494299276701
-6680.024441336771 4688.651484609969
1663.6662610692244 -1840.9836817351513
-4442.566098531879 3040.9077182749893
-3980.244099214607 9553.933597187053
-4178.137717054673 6800.368504957131
3356.903053606857 -1679.4844489547265
-4931.360416562837 2993.847736012107
-816.1686148743458 -1860.0550900692044
-352.7895892627547 -7425.5111282182415
2648.384036226704 -5606.449321653028
2174.1699301589247 858.950680234691
-3487.7978378772927 6598.801774877504
-5089.84193496284 -3061.6664333565554
3412.56653958889 703.9787922785756
-2089.0127631275036 -1846.0636962591866
-2280.3588228178073 11439.853920487545
-4745.598056189323 -269.3150483768831
-1143.8527656836886 313.95323258303
774.0259632264506 6693.265233123568
-1219.7736500110993 13432.077502118827
1271.7130176458925 5798.78453898639
396.60606852938383 6249.473075401312
1702.3500085665257 837.6900828292172
318.6798777569699 2849.7472688251873
2120.0370090737015 84.55544531178148
3495.322268007535 -7971.181501794476
4330.806029014594 9097.826866967316
-3864.445154385185 1295.7860782036655
1622.2928650725794 -2912.698021644253
2770.4858386103947 3309.4330302661956
-2603.2962189735044 -2172.2363775689164
4981.497193959243 7701.782007517006
-7453.920374731243 -2771.898197888923
769.2144959770321 -5837.424053662989
1234.9441277863816 -4512.519062373285
-3548.235333695794 -6661.316962968515
-5104.464327507672 -2325.3050147663425
3537.3021069352294 -2161.1218838274326
1304.4657394296776 -2656.828388381029
-2372.0416984339336 -2124.0170749681092
3824.0552490233013 311.9980522139241
-1166.6774776716777 -6003.780828257086
-7188.884338255097 906.2227112587078
-1512.888440092487 8427.334728006676
-1181.9515463660496 6203.9020360009445
5312.688524204759 1161.124105830357
-3239.3831279207625 -3558.2209432568134
-5057.9240505488315 -463.9947411161186
4105.507362956232 -2578.890668683692
93.25933989896468 281.7253867758083
824.3341189241345 -787.7959534928531
-4456.1202359579775 14115.599552807204
-844.0657977315534 -6807.983809160524
-5887.624460426489 9608.418095064035
-7829.342219583464 -1195.3390845050312
-2798.859226881383 -1906.83644144089
2942.722947398578 332.8692700665947
-7152.31378298141 -16.273868693688495
-1810.262942317216 238.5803045613597
437.15815274493815 -6627.369117668972
3129.502671103101 -2455.29742529579
-1260.0301619041884 -5254.5921386036625
-5497.317995166196 9372.30599925058
1807.692730486116 7316.393639141708
-52.39739254122103 -8275.285456299345
2677.748487608629 -2153.612822179825
3375.7305353061106 -7295.325188167735
-5318.477641910457 2539.469372541329
280.00174841484034 6062.726285797036
2742.854607581185 374.0802073389795
-3807.3225014517825 3726.015265734232
4276.190840488773 962.0543804345226
-440.51288225206906 1184.5677590959422
2468.711996449512 -3112.613391819757
-5221.315821078445 -1757.8963803452816
1249.1510914780756 5295.583029966672
1587.5628540359535 -6139.933973896493
-977.8550624030598 -6427.371503416499
-2575.1302071283517 2945.574478549384
-5485.605465358405 10733.612330440148
-124.95388122012416 -1664.3038400981593
-6528.18703172246 4800.837888400737
-4950.799588177142 10675.198494130782
-7647.350298768604 -1808.8134129828527
-976.1318558291763 -1131.162002243418
-1168.5399203976804 14237.626975358688
2675.6682330123226 -9367.024133940527
3501.1758954761567 4688.014866925254
2533.144069926934 -6935.67018564462
-4941.615254338556 7840.900315713335
-1895.54318930431 11767.443698497374
4402.579870673961 -1972.8405406164952
-545.7196037460557 5343.2982247410255
-943.7080030830383 14363.345797839103
-2900.255571353688 3599.110283310141
663.9413446247269 -889.0928140522425
2448.398076994856 -5504.562840136126
1606.0609738550834 2978.7910945108847
-4050.640472982513 151.4936970958731
-6044.211749977757 -847.8383154634274
-4147.107963606254 -4202.659670147653
5564.269458265623 5233.893841780164
-618.1642447449838 6259.038053659158
-1482.8102105032892 13661.947757929418
107.49060481748381 1720.0364319997182
3569.82470948251 -6309.786551914023
-7539.641668567202 1029.693160590035
-5178.738705320044 -2863.356825388874
4056.4179113776627 -1968.9690297404065
-5258.378375152646 2875.1457239693955
-2072.8196157248067 345.754128815044
-1706.1379566442788 8523.306472967459
1657.2113053253945 -103.9685602428762
5382.750774218356 5114.0584041622715
-1910.5461064722056 -953.8752045781612
543.2715130522784 3924.484500099085
-20.715849460953557 -8647.999015152162
1522.546017548805 -6487.068722146904
2745.932095326264 10015.053560239077
-663.0431037828017 183.3165509219506
-5692.9352767646715 9113.069920398042
1475.8182301455104 -5777.032356168032
-4100.570754501678 3888.9334656873743
3336.0457600927666 -343.398106312641
-1952.8179662082632 3588.641199163112
2763.340114531122 3883.083130585643
-923.2785756618799 -5713.784878734639
3903.809400042588 5196.637231889599
-4103.602022884762 3227.2208221624787
-3143.7374972427406 128.85069372854105
-3900.0555853055725 7199.429757066709
-4672.283475096645 928.6981243954864
-7340.275703572981 -1406.9679365546167
2680.6046386988996 9157.404814123081
-1939.1825358602782 4922.981896062395
-5284.3466047628435 5394.734035150493
3553.4864719587795 282.178349078458
772.6569069997845 5194.968923871679
-3956.6122797226485 9190.258848109428
-5174.041608698566 8706.571810817819
-3092.4533457904704 13517.573982131988
148.92127745981597 -5178.985992521647
341.98556823163784 -3401.8157946151646
1092.0546953731994 -989.3560950351512
2427.4134970404248 9134.40284245682
2738.548582023749 4332.614988344537
935.1491152387252 5326.036799526793
-795.985756265144 12357.569949492767
-2386.6723670142114 5136.242537433593
2029.328236883283 -1122.6777907305573
-4403.658688170936 7654.620814818521
-5394.207639895769 7473.98125603686
-4742.359270226251 14278.440717130676
-5112.731693959024 85.12967198826543
-3048.133391652677 730.6024092015836
-5069.778997171783 14600.731088389764
2842.5597851948364 -1623.773571439812
-2607.453298329433 7184.784528873487
3975.6705470778097 4187.285672780986
-883.4494944046886 -657.4817146518749
-2225.511804314533 -4147.321717233172
-1375.7414631953852 10745.873333914406
-6218.529400337396 3029.386779451207
4249.290368817438 10149.774305439012
5296.374960606839 918.600500466283
-5316.9389717018375 -4950.34258585868
-3912.002341448768 14078.70174249402
2488.717509186308 4222.283724768285
-485.3115617957401 614.8535026308168
458.9742520463023 -9299.321491149349
-2782.288540571776 -84.01185558750528
-491.81344627440245 5961.515865370008
784.2626435788604 -2829.125743609701
-2734.6017241883023 -3615.5926715107353
2004.5454507951667 -9171.092176289212
-7490.083025690809 2772.532564083445
-6865.969906586911 5335.978580742556
4.278816255236158 -7880.128238648851
694.0488303127613 9133.0440381041
-8075.679116722657 -2173.1047984824404
2016.7111164300134 7461.707986478657
-4489.332793741537 1681.9412092915745
1538.169732602431 -7947.257161937158
2554.704046917828 -7812.96588554021
-2994.3162146008217 453.8044297424864
1595.6582516608203 -961.9931459622138
3533.7861966556825 5105.740993526678
-2760.6588301507763 9068.49728351112
-6363.077048120377 7800.052682926144
1649.2849781387956 356.9594863879861
1602.956926974449 11598.946743786168
4415.401414519341 391.1345186559621
1567.3521640652411 9731.57078475394
2050.509018819948 1352.1437538596442
1884.5377144547685 9723.767402755942
129.09612063487606 12280.411357589199
-1977.823975010739 6106.169694781813
-6914.030151103133 -2233.923712310519
-3443.921469953987 1106.9398126910046
1365.0180927323693 1453.9668037023173
958.8401725154113 3237.0689161483488
2205.2565936262095 -9840.6876017683
5097.5182674545185 9584.833859974315
3925.53280826256 2.994358785581709
-1825.0037117735342 13037.089923531386
-5484.2421430605555 9133.583548770726
64.53693892830282 5385.861506494015
-6188.882078019099 1298.0825335314537
-6936.338708118934 263.5609402399045
4007.2832841426457 -6706.325490397744
-6475.26314161534 4265.485417614325
-5544.959005556508 3886.9115987250593
-2029.8691796374726 13252.645640910649
-4879.662759615794 10437.514198977053
-712.5901926807336 944.888933871814
-4856.823575640067 8739.727784372819
408.3826760959364 -2699.097345956885
-689.9494367499954 6564.434212327308
-1812.8597162748968 11008.958636991567
-1999.6521770017368 7180.39160632466
5744.39366885667 1727.7584458707072
2213.828370527419 8249.789596933442
-402.62656736886987 287.49535449837265
3009.7367732701387 107.74723002840048
-6573.39808667719 2062.962361060678
463.5372334516824 12397.734696683752
2660.4414699368867 3504.8931441256414
656.0846587173304 4118.083344604049
-6367.3729007211705 -2058.548139949664
-3025.810605769981 2788.3575098208034
2585.029628029699 3732.613938899289
-10.2809574608198 -440.6054520131203
34.50089271595044 -1267.8303631753922
1195.1208211585454 -5682.144730195168
2056.46346838682 1780.2850351999261
-1575.7961040282955 -1587.6605013176725
-3319.3669714323555 3244.433788060835
-6601.733738260919 3873.8777047825397
-521.0681128373193 -6528.5989815175535
-1459.8452660530372 4399.519581936663
-7882.330711052058 5764.9160296942455
-1819.4259530822956 13715.74136251097
-252.02189401249953 -979.0771544425454
2651.56048204516 1616.9176260640932
2617.400284313397 7741.474815367678
3069.058245137907 -7189.375997811585
307.2618688276073 -1271.7737759080758
3222.268800899741 -6021.4936993847505
99.06656070912639 11205.319839220096
4787.836730176489 -677.2934003015127
-3822.7838501955234 3051.2531780789877
2039.663621132317 -9616.275460536228
-2570.664921097079 6543.707355264826
470.19292247591864 6605.056108885595
861.4330652164781 4721.506784329998
-3789.818591310229 12055.63808404305
2553.0154803172813 2910.991802893232
640.6328957237116 -4295.696403930701
-2499.3002087767604 13412.025126454419
-1392.3150875612414 -6478.840079442916
-4080.541289546329 1092.1787672969417
731.6099918727687 -6128.015806787749
2753.773635666821 10297.799920938622
672.5138755567916 618.4083620103078
-2844.468540750819 -3165.3214899842533
-4585.417930397858 13258.102162646133
-3674.121215827692 -4490.841750994154
-3492.182393000896 7562.44276164569
107.50026972774144 4317.463887164818
-1788.691587205557 1883.9088383460096
1021.9248073830287 -3380.046740415442
-107.7807898161901 11088.960269766216
-5996.529742625355 7757.914959278899
2762.6316100747554 6454.6618068292055
3975.9747098392327 -1531.2094730326182
-888.1367916666874 13117.517179370552
1484.6337926510314 1831.6586463050608
4996.20230267164 6791.021033387212
2522.1487302106725 -8425.903732304594
4178.269336529713 4007.740201279848
3288.9324879903793 11655.13551521276
-7403.430172303945 -603.2939081905046
688.2972522402023 5581.142047435567
43.98233594141989 -5746.6145787075775
3140.2396925415405 -1051.655337522417
-2841.9062706321265 3077.7328624941524
1196.5142945228508 -4098.891848278336
5780.948821077655 2515.8445173372615
4127.003179746969 -6400.348210596712
-7850.122202330065 2085.5624609792458
-3562.779100683073 548.3304273406512
1997.931326963173 8833.078754858205
3250.0947460703783 7094.909249338895
-7417.6921901730675 4885.954178370811
-3404.21878062904 13298.049404553145
-4721.902006293145 6440.698072243828
-4130.568776896695 12333.719127273826
-3145.1457165451043 7963.528969004041
-923.8996588239875 -5331.189990449841
1032.0769633364644 -6504.059619297085
-6843.586942321298 4973.82169397733
-3738.556647058062 11597.886671183513
-222.29224702890164 -2693.891886762559
-7503.410037834734 1898.5473542674374
-2615.371979088914 7956.94259632187
-6033.214765960199 -4675.91902857413
-6295.447571442337 -2868.5910670974026
1318.0192928016945 2606.9448826708476
-4801.907878405526 11698.771030349377
-1460.0817162233689 12819.980292383301
1391.0763472420047 -6152.929019346316
5315.299391060119 6113.3521860012825
2866.900465859162 -5231.940352071447
1102.8205009529584 -7957.530245904896
-3964.5775143982337 12935.433090738834
500.6511619805524 2412.3616553114853
-1433.3891100437206 923.9197771511501
-3379.823006503641 8051.075295402703
-1661.1440448150317 -5308.279780972319
2750.6979769885634 6712.353070566057
-2959.0240755618 -1583.5769536011385
-6866.296229900608 1646.5339755369962
147.03802180967153 4503.396376547843
-3356.5860295610473 -1698.0540542839776
-5988.042684541975 -4052.9018294194025
-1890.6006710291354 -2173.009220548698
-6352.026233364513 5485.833240347135
-5082.912983043287 12618.474677777382
-4873.799102475014 5349.027244768396
3229.343829016983 489.8217344446374
-309.3278763719751 -1210.1640510572333
1989.3942366980737 9242.078015307836
-5099.323256547426 7172.206604839261
1799.5685535171451 -1742.0833585524351
-6843.210187434574 -56.60434909845574
-3192.96062245986 -2515.782243674577
274.2409700315376 -2953.684085353423
-4796.818620704171 4288.210453204066
-487.26408583658946 14143.4247960534
-8135.531000447011 1184.2961613055727
-1877.3377455505267 743.9842339922909
-5721.909566490326 -41.03551559673635
-7190.157621017166 -2767.6739307276926
-429.48624880673634 829.5499295707696
-973.5388670795213 -1730.5246675054557
-134.5314795197831 -7625.639085336332
1199.0570864181632 -2150.8988683822427
-7374.422841583465 -1692.157167731002
-1844.2146773386528 -71.1886581472282
-3305.816018743084 2292.659628210257
447.20502247490293 -8857.526146716313
-3293.1758809999974 -1030.218715412504
1491.0978875498683 2285.5973685864515
-5053.5235044064 424.32219879800726
-2673.6988997378553 2323.251697040048
1847.456528916403 -2169.2316476708356
4160.311218093442 -6913.516284338615
-4900.220672093245 1053.5798761259234
-3053.67843599027 3763.758945037909
1086.6933543784721 7645.235224597345
415.266661532825 12192.90602949732
-1716.517547130018 10737.8937741133
528.8859943990194 -9623.736620729296
742.5311381743284 -201.25757944602742
-974.9946542276218 4176.145438720332
4758.567964664075 133.05593428966102
2149.955273735839 1097.7895160978649
-1063.59523309841 2898.492253078162
2579.19605174978 10238.282855974508
1876.7658416268207 8461.303483819524
-1674.0682438839192 11633.070852046507
2706.8554875199916 12623.076118171946
136.66829522379518 8014.3814486467245
-5621.230734980636 5747.15382215298
1830.150242553575 2008.216615734149
-7565.133233264315 1636.9048422716849
2683.6821904950093 -6785.394620085619
585.2369747052468 12544.277642227089
-160.6839906426765 2953.7328690179843
496.4606823696966 -7767.944507510248
2512.3926918467264 -1586.4042365702842
2402.3824700455857 -2101.5429545176726
-5693.907322806934 6052.590791989559
-5270.41993571032 2181.4530108859553
-1840.8670499848365 10528.655405178251
1158.6471960704037 -1748.1501003863082
-5438.110049462883 -4833.2899235968125
-5216.347146224595 14613.344649252243
704.0096250395871 8006.151392842304
1132.1473045262555 24.046373817413148
1638.7846004376981 -4913.70258149762
-1621.752377656647 -1323.0642679502105
2766.6130849739134 4938.822827387488
4842.871705594526 -972.1301962222312
6007.858094224864 2112.8970084849393
-4446.727259760701 1134.1983737540686
-5858.421201169385 5778.227391544834
-1823.5024651976275 2950.376014082668
-7859.551367680284 -1976.5966039165341
-7331.760239706205 -2021.3728716256662
-28.893449706416042 4390.092537963046
-5662.491193024668 4373.049630274602
-6828.266058040752 761.3040131235659
-3722.558714842447 12724.287282279
-1377.0734888379952 14179.542873705963
-2589.8554407294105 393.5401609236653
-509.5293986992669 12301.081611616522
2676.2164192061773 643.8476616640132
-55.65710467077033 1249.1050021419123
-5107.440655326315 -3469.3684820140793
-1630.778196030881 -2114.8854747515857
2881.864218111157 -996.4179145058885
-4608.54831083126 12894.484811513063
4163.09622324311 2377.4917994830084
-1556.1040470197074 42.141036241061975
-3845.444127278072 -1011.741699595645
-5323.689725221891 14302.472482873183
1135.2574189456836 -2379.354209837744
100.20493054754718 -2500.0531385251093
1021.4290671149272 -4499.370929284367
-3668.624547094184 -1926.115215808255
2659.3795319080004 2013.3808749077152
-2988.8669592469164 8660.990922511091
-2807.818685452054 -2762.3852769069485
5890.950550089615 2274.919952999747
757.3880774200633 6070.502344605846
-4372.949420447656 -5966.173684701259
1821.4950892416118 3492.1178554097432
-207.05326487032 1555.1613843926584
-4310.304643744781 129.41226866434596
-1454.499982623274 5114.4203962993
2026.4148961565597 11402.703529171042
233.32717267186766 8952.493539357558
-1285.0991268798873 5156.803029782807
1255.7422066568388 -7477.812039024257
-1717.142168262525 828.4202877756607
3059.2578978765364 1013.9289697686422
-3948.2600438814347 -731.093496455569
4131.724243609063 -1281.4651132274112
-226.53083066000892 -6569.782526978686
-5604.848129527813 2336.8234026874325
-420.9930477048619 4731.598646689594
-1344.551143364044 2583.166954769322
-1464.3077022515354 496.6599013633678
1427.132423147032 4565.056185213946
-4485.5818998605555 13093.091175722222
1102.1064239485877 8474.518792170657
-3142.869905054913 -1209.5492444019537
3203.0023382227596 2109.321251915836
-3931.601955125439 3419.429287622059
-374.4711740885426 11072.804332320262
613.5341325527169 1697.8709315051194
2445.967134728058 -455.0398198242429
438.64117498539736 -7503.122898171815
899.5207395641538 -6169.685901278507
1054.730337803559 5003.69460161224
-2808.319716194947 4993.233464904938
-1102.8720907811075 10140.662347207199
-995.3997008055588 13320.626113595694
-1702.7165061138364 1206.709702245331
2067.735126434078 -6398.73158382728
-1366.5803191878624 -902.2494805821362
-1361.3505500616966 -2908.7077345648245
-2058.6100880457366 -736.9340191430998
3676.0925487291156 -1580.6774561418652
-2292.6945415017876 7793.476316752772
-917.7355795379598 13452.290927008215
-5089.092020547996 1543.6630777501073
-101.34382343418049 4636.536089236332
-4800.358750917377 -2576.9757434713583
-822.2151545259385 5197.597505470092
-6235.23608956637 -1294.831077438831
-1788.1827188526527 -5483.018396295164
2638.5285519286986 5003.493672084461
2738.5386994869655 8298.862845564325
-4371.737397392953 -5269.542151958524
-7406.7444178498245 -1890.7748374203404
-3654.0693413727085 1688.6170146194
-5347.990791037019 -223.78096289938665
-5273.572805457629 8277.35596510661
-143.42004667463976 2.30511289435884
4110.723671938137 2798.3426136144717
1343.8362596108673 2410.924083251247
-1275.5652067509513 14993.463606339286
-791.0149158779813 6886.509277363822
528.3555393428499 5661.085836677045
819.5955736338393 -1044.971198857059
993.483948177996 6833.048703370835
-4135.306179547763 7636.802302165007
2452.1621117647796 6671.018531403726
-4658.885197727201 5208.850085863102
135.28616497809597 2412.0569917804432
-3102.4464086044877 9034.847531695348
-2213.6001947369 1828.605363478289
-7177.062823198903 5474.510275322121
-6138.652552458874 9121.523844853959
344.5453045644591 5158.954136510094
-2588.827664809909 1220.5149237448268
2844.6225676689587 -2730.3696130871595
-1485.6797527966637 14511.247825642873
-2032.244138797564 1424.745765321557
-1671.141351476544 14821.48007599089
-828.3022771451975 -141.1452386895687
-134.28634520686376 750.5038429286448
4336.8993598552015 3650.0795369785837
-2640.730233825515 624.5475438602866
185.54852871721752 -6059.51560336941
-2403.4366408199967 -949.352769338418
-3070.107361941672 -3141.100992583683
893.2895626754863 -9407.034180614764
-2958.270612840445 6059.342516914625
4150.32599013856 10488.1599987483
-2922.094150755855 9179.776188226924
1253.7239118749446 268.72735441575577
-661.4826694594327 13550.36734991394
3755.1190111074225 1861.0210062246447
-4366.0191050997655 5537.416588911639
-2192.2409407967734 2247.9330457119127
-6891.419138223605 -1059.3045299871126
-193.87308594930641 11226.41165887547
-1178.933237973907 -4694.756724056791
-3498.0673460230955 3437.105815772782
4591.789042286166 10559.311961440448
-2327.4655070522986 12740.318158118502
631.9607396190396 -3076.0469621534276
2571.6303308231154 -7429.203644528936
880.3832142442953 2727.771052346967
254.32195687316013 1049.7919028934957
68.22510760174318 -759.0138698549418
-1611.4190588931706 6826.077385018141
-6210.639754069971 7346.198016716778
-831.5726042507252 -7108.3775808162
705.3955255456908 -3622.6062110207
-7478.509561433071 106.45907630927078
2432.5235447235045 -1836.7190532296988
3871.6142997808533 -3203.778780071055
-4458.503804107349 6698.482059115883
-2434.88429896789 12987.324395291209
-4407.074801120856 12813.43515965969
-6256.612633664828 5332.724681016753
507.5201990895217 4363.681997410333
-2841.5467147450477 2355.12272499565
4444.122145171778 4351.787018068192
-5677.181155670992 5334.578725075625
716.9575343424509 6937.802986653414
-4728.011938608763 8030.966957442853
1730.0004926958336 11402.309034489124
-7370.581388511239 3903.368713838211
-7575.478390740903 252.75306244080247
-6603.593553665273 -1874.6604091974514
-664.2586153935918 7689.62001802465
-4631.959110950678 11490.250883489129
-1998.0155534511973 -4759.841048353862
-6287.938493971703 1633.5083923683794
-4261.05609678673 10608.105406028128
2967.413085159364 1321.2155628569253
-4000.45610411093 688.2573614790182
381.88477338768115 -5198.789128144801
-1681.8934266551382 9902.75481170826
-6422.305540978011 5932.833458455826
1567.933895276669 11857.392019870693
4503.574177151395 -2811.7603406408007
-713.6628190371345 2789.2317184984977
1391.6127295049234 3875.9671202313675
2433.685346449667 12319.108945436643
-8312.763363381582 380.50720277539324
-7462.663366006444 1259.486358726374
-4712.52429586429 3930.5857057510334
2145.0801772417526 494.4699750189273
-2164.4796614802767 12334.313238501663
433.5375207460266 8812.744331104464
841.0087540184694 3359.8635331394585
-5989.38698886271 -990.3813580900518
-4959.3159583869665 5807.840466613419
-4697.687099053759 3045.224171971479
1783.5125961619617 -323.82019027345547
-2218.419384986251 13569.563119344915
-1499.2925992874084 14691.050479448066
4624.971115649144 -620.2562411916879
-3811.7810613530214 12529.723134397953
3140.398009708771 3737.684780591869
-6602.03121807415 7790.947038043022
-2632.062156832544 11875.820925685257
-5992.193694145754 730.304622144569
2550.001782863117 -293.95708700824014
-7475.984479967937 5441.520404649195
-4069.91875962996 6506.923052370934
-8361.211802414506 1822.8253685221455
-4143.349357081439 14226.161435554692
1470.294418272492 4148.260906306046
-4486.932238410906 10438.358168736893
-2388.387116091438 4529.890375662998
-6504.495979703798 8441.236235970462
317.25741082099216 4054.6622070844605
2195.1490923963966 2118.699248136762
5515.00905861829 8027.341979663293
572.9901045155964 7468.641026335996
-5676.837774747554 8301.873828334974
1293.1459482656498 6931.916535311965
236.86294445118213 667.9146361070289
-3339.2471563610306 11624.128417663482
2686.6777903293264 4794.248253997445
-3614.6114141168 -3329.8990174311207
3001.460126299417 6190.202002940727
3514.336408395163 -6481.991095352336
-2765.5712724497944 1138.7906210977903
-2427.203562573737 2824.197405327384
2783.0023567316703 -5868.90180143114
-3074.4700262202123 5258.6101860106855
-2235.167927706554 -4438.83872235253
2165.7473321556013 9438.638272412141
1304.1606573912861 -3827.3254997288063
-5561.9379075402185 1308.8018880648306
-4320.849344760369 1519.0196670141604
1190.8143993773626 4637.41904521991
-3225.843555853706 -5084.044053388994
-1535.6105291487038 -5426.598880699435
2200.021961373226 8869.604036055154
2837.274706241222 7494.316041106983
4599.29813963695 -485.32748508525134
-3317.662755753351 -2802.8036756359475
-640.8540484438569 1451.1615414088458
-133.25349369528666 5904.175837868403
1728.7840041678912 2916.7654403368683
-5536.014071017218 -1725.4206134672086
-1553.9266132563946 1277.3436159948044
-6328.490351530317 6935.188371422739
-5176.2745919596555 3247.9391169493365
5157.264760691146 6807.511118171045
-2430.0132108427365 -3307.5524372606706
-6503.921567744206 5517.194263949124
-5801.125816800736 3070.2962431633073
-442.74232277817083 -599.266391075815
2006.5066816915958 2674.168289843495
4839.931284822396 6735.634754904843
-312.1262881514058 -6272.260163268307
3384.325723953384 -5712.056361286717
62.961129808289996 9391.928823447175
-7813.614208108009 -846.0105443871759
-3622.092310001435 12211.68271104261
1014.7713369708453 6140.127461264921
13.706909561717493 1947.1837338211174
3075.3272769326586 4245.94548963031
-2546.8839816113123 -1196.4523884819375
4986.103073957318 7307.598833683083
-2651.5429905399214 -4841.473791790385
-1257.9529579153607 -3097.7929178239
136.87775847681692 -1763.8915253100542
73.16914241081291 561.603443972525
-4412.364161418779 5732.487449184668
-4270.023081494819 -4271.293550343834
-1409.9613638565636 6457.14678634221
4983.135967440709 -1854.5607166244909
4314.314968747919 4117.818765236406
4934.553648939865 7910.214835600196
1261.1580329662602 -577.0301502413554
5117.473175632232 7320.170202726206
-4574.393520449308 -321.78067271694545
-4529.917171689237 4317.1114561130935
-6944.170730011757 5742.043005368443
696.9276533910347 1070.4802177563772
-5218.060623498869 3554.920535425321
1948.4629388976946 -92.03874443886457
4377.109999016024 1356.9018417127202
4309.59785809906 10867.29867624661
-7394.736991330147 846.5330345061724
-5192.200519781132 10398.085614928295
-1231.1867398704646 12543.202141256113
120.98959858633653 -6419.124896995976
2536.3598649973383 7494.062375589904
4412.538330828189 2544.788519108442
5231.048888153911 7664.580763897077
4961.398400292467 8063.077911123052
638.472923311369 -2445.8753862702947
-4344.590050070428 13421.853834525076
-1691.911602488138 1635.5043448040412
-5413.21177060225 14542.451644184097
-448.0677729470319 1413.2748672146492
2957.316596575442 2572.886410750076
2955.7480143492367 3155.274411088247
-5945.18548117828 5521.8014895739725
-835.404808644458 -6080.898229257281
-4583.423364141513 -5484.647699739335
669.7589703256523 275.1641166434893
2895.017929836093 -6512.520331370139
3113.776470047734 2555.0526865996053
1959.9734305109207 -6230.706938871787
1280.0285530769897 7543.649166953164
-3331.064364389835 6670.242904641359
694.8446171229714 11369.308716595333
-728.8293995788854 2406.8357217393177
2322.747294972928 1779.861069114103
4542.027162748321 -6649.286831503208
-350.06731896087354 8760.437848579098
-6914.442868202576 3892.472596708252
4409.606396473727 -5799.586969026475
1209.0878262467804 -8808.050305854795
-3432.767102543167 1923.8821351131865
-2936.5366620434415 -285.9610251541298
-4874.840698630136 12829.051508066575
-480.86810769543376 6713.345286685215
-2006.7816826301835 11134.728388563575
-4260.172985666498 3039.399080802139
-1834.5625712340186 11402.336313636475
-302.7470693282003 1067.6794914942282
2863.6247369375865 -7775.155918962697
-1004.8472071506883 2356.3499039171807
4829.818478601644 5468.341781575705
3778.7773457611393 -470.1188267702742
-5487.1529180197285 8667.541075025802
4840.682086063388 7656.536518607557
1152.208161060109 -3481.234715930121
-2256.316159124351 685.8534549927275
-1586.7942223175903 -5629.104831680487
-1017.6912715584576 6797.232671672634
2455.05130234037 10401.943297940788
-5834.736184368896 2688.8150357693185
3166.645920442656 -8589.972575435011
-4876.874241992759 5059.073446943672
585.9244510589084 3404.683290282949
2560.082545498138 2666.890319603873
-3519.819959800615 9668.469337075674
-3156.022569414379 2711.9091660601175
-2494.978866590959 8872.36728759901
3099.8970111133135 -1638.1578848142783
-1448.304109718047 3843.7263755804784
1189.9778118079385 6306.53054746688
381.3584577137311 837.547803754401
2446.9266579744585 4933.441478530705
-4166.042800992541 13000.223997309367
-851.8129869304292 -2780.3999545169736
2496.9968971727467 2349.7524208306168
2409.168655742359 1975.7382542102557
-4814.126187773437 1475.3767901936105
-3698.859449906524 8752.427341118082
-3464.5978110719575 -3269.08576768394
1018.0369313650409 10533.85905028765
-213.55752285456074 -5862.060855457666
-473.9401765799568 -4276.321586314096
-1331.2225821198685 13688.218518458036
1612.924737523143 1126.1130207307215
-65.37023077517367 -2154.7744989012976
908.8865462456705 3794.051497815044
-11.040436521714774 -5497.4401828783175
309.2179192776551 4424.359977721558
2178.830060327409 -5245.053962347269
3070.5843752210994 -7961.990865556019
-956.2021698295376 3033.49457064345
-5357.044774255173 9540.485620322745
2960.6617579112026 -6241.6298831258755
-3875.3443404702516 5948.953005808407
-1607.0665642774197 2846.349733430757
103.23329990943101 -170.5983670387711
-3465.7969011690902 -2362.937871969162
3437.9117683152 -1987.2296146673186
2449.159358792557 10232.125505126658
-4652.914703303732 5986.924687017394
-2375.2739026714353 3570.8986603617914
1384.6536702933229 8492.11755592687
-7696.319198242625 -1321.829120478941
-4974.32011318078 4953.9400418045125
57.96929922479387 10008.562090826308
-5889.333298360766 7451.589161695193
2076.6948122600556 2239.7670738966413
-3040.1164038012926 -1415.4789529149211
805.6686166883447 -4399.017547546151
2492.248722964493 -2745.2977794529857
3986.3687519086384 -965.1957815235473
-1211.6924205926957 -1220.08640090991
2473.251140934848 -9971.293397395066
1837.795756780897 -5522.904638670401
523.836969481328 -1754.678670364588
2108.04227279752 -1532.2633997076812
-2077.9227306589423 -2782.7281160260814
-7159.759760105551 5192.084583172083
1297.7234938706763 -1470.9966888698352
-3514.317984935388 9320.089160467163
-818.5851316379681 2861.187405278431
-5365.108849665398 57.357700462198274
-5020.982942531478 -3653.2213050818978
-7997.164399383743 268.63787182827775
3414.7069613418776 3888.0160162339766
-5765.241038117593 1612.9051092440434
4629.266775037136 5357.513968833022
-960.1220187702706 900.1108888437623
-2825.491843743983 1694.871865036312
3018.158060822801 4618.630176518818
-1988.5278602252658 12940.605304304572
1612.3574636916692 1463.8127450498594
2385.132134630132 -9400.353051492297
-6787.353812485199 -592.8567118186102
2187.865002167903 -7764.344150999195
2204.634339885774 -1250.9667036801188
647.2396937530929 2988.8510482489905
-6935.310966093069 -476.3826636695186
215.20847960629396 4728.159799753643
3797.7921282730354 -5765.777799602228
4419.462696631688 11215.864862579234
353.7172727612667 11629.640744221868
-5985.327713454712 6901.275424630137
1527.077275252974 2035.3064811735248
-4476.451599114109 20.973372482155334
-1815.3166911065082 -4661.503063195808
-4050.3459840775563 2279.6799983348596
-3669.5402678786245 13598.794686027086
-4895.995216739963 2321.8377818596678
-6534.724018526662 1135.1036879007338
258.7624018379649 -3968.546359516388
-2501.517515764994 -2680.8916947032594
-3971.096175285678 7803.856273989346
531.4573824533513 9019.499302579261
2213.3519521565663 10459.88860684448
-548.0349364450155 -7146.7244554132785
-6231.139053557776 7544.645847642898
-4858.452682364268 12127.208734009291
387.84329511117676 11167.766888741691
-6116.103106410669 2678.528904023876
-6448.16509281735 -593.9392993975989
2413.770741568242 8038.7999823483515
3189.7027095345056 -156.82642477034696
1412.6291594351387 11788.179990381006
3434.1544385549128 -5540.284986055307
-6085.606445782312 -3686.35247195797
-985.771016485185 14876.273929282077
1223.933575619018 10473.96190439496
-977.2521677538465 6048.558764676756
-6315.386047762826 2206.173235332886
-7489.036968480933 525.2680290791632
2207.7844086215127 1526.4454975298572
-124.06863674448623 -2764.482460823522
-1862.5034292659277 -743.1998300080774
158.370021252714 -6222.262400157859
-1353.474145312043 1390.8206190221142
-2471.0658346594187 1010.4578534534274
-1467.2885197808587 5568.27296341866
-2700.6937486626484 7569.36069244283
-200.72139060436433 8195.431970998863
-901.116730086784 -4875.874863442593
-343.3167395960021 -5163.8395407412
3516.343548255873 -233.79339246697174
845.4125278658264 6425.499061203957
-3586.4948371699493 -2294.870947903968
3475.652397070951 -1462.395051510812
-4199.844231059932 7305.41731786697
-822.5056892968834 2491.440921460752
-6092.546706595467 2469.4918259761835
-3403.262305556609 12447.181983184704
588.1526694243579 1258.1853407645117
3625.291603561616 4324.512481655551
1481.0961875257663 -7727.556514080396
-1614.2424150189818 6072.3155763611685
-6580.008621594049 6046.252608958538
-405.8785283941197 -1018.5333059168133
-4435.784908050892 13287.510659077232
513.9980765023342 7296.255206774982
1546.1316560402474 -2565.2361386918096
4965.175658536821 10075.27869413297
3340.140151957793 194.6746887321914
-3029.1444198514614 3150.00334672199
3672.7662343342013 -6049.302733353746
-3426.084523740862 -2712.266967711404
-7701.0452218381115 1995.2657912517273
-1730.6401789486863 6993.731968834295
-3181.242731070355 486.5705851795382
830.4364403662136 4572.508843332328
384.9722988432908 1048.4233678354121
3726.4768164523025 -6444.914257617878
-4675.803787484674 422.8514777213908
-2387.093959801454 13137.57220313783
1706.7553102030618 11938.626140859556
3787.82127559095 -618.1689043773854
4609.3187534632725 -6450.2466555108995
-4324.277752924257 -3044.967490877547
-1205.4685785386803 -1709.093897360158
557.7295397175525 471.89163215152814
-1704.8133886488001 3993.5983725073165
-2193.2678137567186 -2671.375550207445
-1308.2057861932033 1605.7204684956662
-5136.091850866085 1201.4646949327157
-3663.443934898411 -247.1444721384295
-4755.271550630406 12057.730435996664
-1541.6329396675362 -6722.871380940333
-671.1113837603215 -5371.561774544395
-7829.976883022911 -2265.9476361661823
-538.618144354165 1619.8790328022
-6296.8761116205915 -1773.9156401975472
3386.8289155154735 1464.5756031776987
3387.6613425045093 5666.40892494887
798.8063394189567 -3037.1209818794896
-266.94455021693926 8048.598369826717
-8042.997964690558 1769.3221922202872
1392.4420635439346 -637.1964134916806
-3447.140512526157 8323.989644456893
454.33248219584635 -969.9320374058228
-2815.7499069204105 2125.681399135623
-253.7783660763982 -3235.2131000534614
910.6433293302964 975.5865711429236
-6321.276653937298 -1481.846953870514
-5303.846463503698 7329.51815433167
-1367.2485968205294 -1076.8628001148863
-5911.032772225887 8919.383328582519
1205.7625951709183 -293.37193254177646
-5377.946447113789 8368.812285169071
-2307.877678259694 -2274.4202357845497
2954.8620829624265 4212.563707981815
5308.593140476892 7058.245061953113
583.2453577730412 -5276.289902699959
1041.5064990117473 7152.322499339217
1607.427962551761 1280.3866715113118
849.857686076561 12634.645144940645
-779.3505911824843 -1011.2233403072112
-3656.4470274830574 -906.7798342762718
-4784.898078964583 2340.5936189808954
-5967.82080714441 2715.627854119981
-2203.618625825507 7231.9517725712
-3334.6955584908424 3918.9343409937346
-1688.7918743616297 -181.6339605617237
-8347.708999210254 1642.2408478717334
-2168.831711962373 4500.387921137667
-7725.174525462394 -638.8358021370423
-955.2436336318772 3934.4295064453927
-2605.255964712745 811.0695121659639
-4413.2168702565505 316.4887357806604
-7134.190595973414 5757.074109293017
-2827.055923304788 943.2231116037798
-5761.290068652162 2556.5695779739244
583.3305999075875 -5632.228553584126
-3790.6751317453873 8832.448964823485
-3047.764384865287 6490.606718741247
-1408.558955212639 -1601.3425068956526
1471.910234120681 10100.26047577148
-1078.234223840991 12711.625140924141
3946.0041227648644 2530.4344645730753
-4080.2217168436146 -40.38360275582924
1633.6088481524896 79.11464945438468
805.6898657331102 686.9438126436078
-2718.3803038308242 -2964.9281649684444
1400.6691162289496 3193.8664600191682
-7524.857626187241 -7.1741038831658095
-1592.3073352790782 7620.4474382110175
1621.5855736164356 11140.953635201902
-3887.0699414468713 764.4306018562891
1086.4759859127691 10725.065353460554
-2753.004667300107 7339.337302294687
527.5727401719791 -1423.9777407040629
-2983.273759635852 1644.8539164840847
-6110.717179658866 -3871.1339000438215
2802.0574292412825 -8060.434060149579
724.9131095346814 -7782.0929811976785
-7424.523415443693 622.3209767667275
-4241.74138052247 4169.262022308824
580.7204778541007 -7342.000887621756
-411.5097464283222 5089.156869032322
-3938.365093564721 -514.9810902525286
4702.687969967662 877.3839656985526
1611.4149172782654 9189.22533519253
155.1247280321634 -1498.866786374704
-1883.165455599935 -577.4080242354129
-2757.0895057140633 8600.948882237564
-2303.2079431277493 1631.79179153792
2499.2690689137185 -842.9338454259205
-4741.729076400944 13028.475646108574
-2407.109163926368 6351.552835071935
2836.7838130002665 -6725.6449408026265
-118.969507784838 12469.77877025667
-2486.286013444064 7047.730716821678
-4605.87950541085 12717.487327029048
-3428.556993548007 13679.853544635875
-5916.596539354397 6169.983305517733
-7452.719318057006 6080.924834092516
-4530.936757232839 2715.5666527002736
-3525.905789660105 -190.30002202793727
-2558.59363698065 12143.692271052945
3158.7706902062328 -5217.468060388918
348.0463847232458 276.185133535804
-2198.053381392283 -951.1387728451252
2274.8684189900605 8457.7478056411
-1352.4569855334616 14671.38164419303
-3414.594588616319 160.21060738835791
2885.5139880395695 -394.3120176625437
-2857.3586868288226 8934.572198260574
-4276.590375817497 6506.755649945375
2272.3947865202435 -9393.541251024935
2727.1382659332107 -831.923113334201
-4601.30055784858 6508.903650129943
3250.334595121595 -5455.741222520767
2268.297513397008 -7461.53385972885
-570.6653412457373 -1283.9754769035094
-7418.560595956469 4606.147735063419
-1778.522935364836 -3889.726210045835
309.58544813552805 6594.469954124961
2843.864097728302 1398.8799179286175
-3211.1398267044992 13524.528535840636
804.3079213781243 -566.8386356997079
-3653.757230201833 3164.5933337642145
-1220.6763711408448 14752.158031226445
711.1093687565004 -8578.929885093366
648.047759896004 -9501.378657445977
-3108.982906085522 6643.471409911685
1099.9246592109182 -1582.3320783486872
-2111.5305143899927 -1326.1541753355332
1314.756914963667 -3536.4208722858307
-3740.64465412372 -3715.1829487615414
4767.078380224257 8722.713339923306
-7412.990546672742 -2634.2333207813676
4712.333678964154 7332.886699755351
-1219.9923477271732 -4034.2049062757565
-1084.4660956241805 5184.022240271346
-4939.050284146032 6773.67406925302
-1389.1158685993055 10381.371535569328
-524.4937451585197 -5094.667375427132
-8282.121930126505 1105.5780480442713
-2639.9531305933997 -1357.541966364993
-3463.688910875586 -3612.7217354598756
-460.53090837995114 -4771.096147234372
2797.2251090499285 960.7895137527481
-1560.4370422663576 -2521.4832642312253
-2092.5979183168142 660.8112320635566
-5060.5628023430445 3954.471189387507
-5088.352931504035 1939.4986485898812
-2006.0204544139865 -4505.496680313756
-3658.485208636949 6089.292841778053
1267.116956985814 3928.074212115638
2052.1802556121143 6830.497844911755
5398.524312073802 1715.399449022234
3833.8983214603854 -2894.5921170594333
2149.2896090960853 -1758.7637970722126
1475.330537646686 4332.739978444737
1735.6594543843678 2279.9432616439653
5151.828419811151 -302.6596856618518
-4918.732974529828 2635.9221536323903
3251.661561491002 1045.3428195766473
-6006.794862082891 1964.8396953225924
-5704.272679633282 9668.527827191721
218.65051659384858 -9476.320051981103
4352.262030373835 -6443.986658690112
4184.291438299634 -2366.925165413319
-3659.5849108456573 7911.282689992762
-1837.027588154372 5293.733201975533
1358.8628869843733 -9487.735996593074
662.4500000246015 8551.612830267477
4894.578333283145 6157.506150096001
3389.66420014102 932.5899468592497
-3258.904368616118 7469.604363382528
2634.037661361076 2342.375276195237
-5178.866186198022 5241.833310378782
696.7167867323543 -2045.8976052832832
1159.2363466483534 4222.779012605209
-1775.064947859984 -1463.7302325632186
-5989.235647422166 9470.734429199209
-463.5137893167886 1794.5617359304913
-1798.1530762576438 13534.532580032565
-4863.030462930636 -3438.5455398444474
-2151.937346036579 6942.244122826749
2669.6581790000037 10819.300723764565
1116.3946207962729 9776.820033003803
3469.1776897979294 -6902.449086515817
-823.5042433299778 -5040.597686632729
-3429.095562204065 13821.10522426939
-5307.824417573708 866.4273640042868
949.3022656440397 -7739.966035119906
-40.648221954395304 4921.618771788604
801.6530119746885 8572.294498960477
-2850.916670209669 -1037.629974736114
863.9211798299035 7508.833196744504
-4395.295838456527 4306.570256092136
-7923.25230314531 2876.0533932622025
-7894.783031555302 -1646.197144486738
-112.80050993012544 -267.98909359261927
-2482.6881561425307 11348.288624410046
-4386.286131314647 12301.350916616784
-4519.558662590785 -1014.9219755734609
4263.42327076073 3838.4214583353623
-5430.797452005833 6983.904788408403
1705.6007967663131 1664.9682443047757
-3397.282904486563 -2168.578438503002
2805.869665460267 -5526.559982368307
-1887.0378646528911 -1279.0658284824792
-3345.874281031643 2609.647286248149
-3783.4718804612085 13257.432315950025
-1316.2921956282812 2034.6274613989028
-3973.2729573819533 2993.2982349429867
-5324.494730954707 10232.687893584343
370.6655251012132 11344.518224210702
2258.4715589473994 10711.290969518184
-5478.593379896185 817.0936121903633
-6481.0345356669095 8698.615310195037
-2434.4858386888272 1215.0909377532303
-1470.008536256404 142.67832779398054
-6099.296008719211 6094.915381952475
-4174.563159909392 11019.530341318063
2694.265150457168 -5116.891207578713
512.4144694714006 -1105.2559840639112
-4324.4013482491355 2746.2138297027604
-2962.40641203933 7267.502096969817
1000.6792879603161 -1211.2921279291515
-2706.2028589540787 -3352.912770219957
3756.720515849702 -2792.233981507371
-4834.558512956861 498.8029128367584
-2376.935416781088 -549.2141965488429
3639.114944902126 -486.4971006973884
1700.726951832536 9551.792879971925
730.1469190977905 2788.9635325526415
-639.1166583580278 5071.708154249949
-8285.435285574478 880.0353093997002
-6460.52857670884 1321.0818638016874
-891.6082872925753 -6570.686275307776
-1758.6836287279189 12712.081814319396
-4007.5929428607374 4700.617590030441
-2727.3700892795596 274.36625613749015
-5399.409436938893 3090.8502709606123
-4877.169536975856 208.76822046433935
3411.5267068085454 6288.02076794164
4678.739609899022 -2344.706762090687
2833.870528297594 4516.989991806962
4596.933522705418 7808.482665360094
-6272.80579715863 3248.916818037273
3057.9220942813126 -615.394444647897
-2551.2466709682944 13170.908023600998
-1318.631671545857 4350.39032250573
-2513.342705392152 -923.7687910205019
781.3684284252837 4971.678440779305
-362.04839287106927 5284.216470397243
-2825.803860573767 -2554.9349046073735
-3090.333227996548 1508.2450687847618
4542.337485631892 -2625.1273206180767
1140.218191648188 11717.72022280481
-6475.769035974304 6378.528584112298
-2278.3332085566544 -3182.257289680915
-483.5913468956277 9108.02125966257
-2826.240340419269 11307.643936250022
-4171.722680543588 -4017.9389344139545
-110.7592636323447 9713.144935363844
-3634.8832615119527 13381.93128957378
-4810.367056054388 3609.969076076528
3266.2939043262622 4.326796323080644
-6998.242669764008 2142.3857819193886
2104.653532130207 -7893.794854490806
-6184.799936595351 -1945.410466688306
-3113.3673297579694 2317.5438717955303
4881.922025638411 -1828.132736649778
408.1063761315007 4206.617072162638
-5482.272169362029 -1457.513759186133
435.8669521426031 7163.135694489678
-2542.662046404006 1752.9182224256026
-271.15884702291856 10272.42901594033
-1164.4686426776188 12850.947101918491
-1485.3656664681232 6745.462136542919
4447.534459510339 -1778.7193759346255
1480.5261258693909 11452.34823932698
5140.9250904239025 5933.599018466304
-6805.384936426614 8949.58402344611
-1356.0353725558793 -1447.6596344830314
319.69112202663695 8782.556746578348
2701.993744544889 -1519.6906239687073
-4391.595576774564 11676.97140495037
1112.1441729492753 8818.031451014373
2842.89238843387 6893.296640002964
-1947.9559321184165 -2945.611461658017
5523.382319664773 1586.281240783321
-4465.279604160785 -149.65489579045433
3240.786774369107 1557.2106919235455
-3465.138508835197 12580.762531124654
4928.353707529868 5364.61214783911
1866.3347680526576 1037.6807013086038
-1468.249389269371 -2616.485528438922
-2710.54075436137 -1618.2105115450622
-1242.4252334402047 12398.259191328083
527.1527224857093 -3948.304463078876
-7857.725130181953 -974.9957651432945
-3507.5140114572573 718.3848605480567
-4264.691612598597 12263.371068453509
-2724.4974936653034 13946.952352166267
-170.88222752981196 11783.933415339374
-1057.4678100535878 -236.43119852056515
-8477.877025873955 684.636689058248
44.7317908820255 771.954149638064
-2222.333133110708 6227.168820924432
3918.8836276107104 -2193.0601584922633
-1081.2905565206815 -4313.690766108661
-6117.459289151454 509.5227889644531
1705.848338491406 -8575.258145152933
-4543.631490440377 14267.439062401294
-3334.29061745305 9652.708034725476
-7409.423176912441 1668.5507166818334
-2592.46951160317 12975.183187196344
-6292.903849033244 4295.291235659817
-229.15019307671704 4851.696590697217
2223.406870177471 -5446.130305999026
460.9976690774827 4648.640043032807
-7718.981422943232 -1438.966293660571
1055.0100346333277 2865.727693975456
-5557.389084967773 -886.6133261989106
-1680.014522811926 -1466.8215679158118
-166.0031945534265 5754.47449259236
-2320.4853023744563 -2796.334188401096
-1803.4481725321402 -390.41851520440775
1787.3140302292152 -6973.238998732903
-3059.382390818589 -1785.0119504949462
-1546.1674957524435 -1057.225124530098
-2777.7065697065973 8240.088500818034
-2337.765201747067 7267.119224643727
1303.5775946244491 -5707.763756513025
-2630.4619297424474 6782.7239249666345
-6775.169894091902 2347.641920573666
-2805.2881579609684 -1705.1478541403546
5254.739450116802 8080.43501060572
2411.99522900644 -2431.084233118131
-5350.969422572274 4066.242479016144
859.5391823611773 -1999.2316524308383
-3226.6307078976847 9137.244998848673
-3732.35315878627 -469.8293633786988
-3591.53564695841 1400.8336872349023
-2943.428370680279 -3726.856295125114
-12.262656739903893 -157.67298106173408
-878.8083826441633 12772.331985193869
-1597.908940074635 -2422.402933544215
4855.080110210531 4003.0282876030133
3055.517494925867 -5593.225630153698
-2673.213557918593 -996.6765858529797
2441.066456432965 -6331.934773199104
1830.6721239409221 -6649.417080347515
2894.6367734651853 5246.58377952332
2432.7765074602044 2661.6203969006774
-1960.1330554814572 12137.20336578498
50.751698432659424 -2968.9802668314214
-682.3172970414613 5888.179811328146
148.0290946463612 -578.8106361780688
2760.451701585934 1737.0892420966509
-200.39485484152456 -5183.289171786916
-6967.170619602978 5935.465347454132
3300.303216412828 -5354.087064808258
-3465.568392344243 -1026.8735244112272
2484.9244832122945 712.4132676311277
-4656.725050128873 -784.1154408366042
-4085.9074434650106 4067.618037488843
355.38744100100894 -26.615495003354695
3506.613915121314 -1608.6214554467
-468.14462780913334 -1166.9047277908871
-2052.0703789958698 1962.0358467981682
-1830.8200259634773 1581.0544815937
385.69885903394027 -7028.133594941933
1583.5349530552755 10300.25738779419
2504.57034154881 9383.236334690766
-6053.653190419614 5671.519871048293
-1392.239587113508 4841.271685891462
366.5044295943071 7435.728034173532
-6789.631022689973 3577.0959892769833
-2884.909326773629 39.23823817559019
-469.6371618249344 2070.011876696087
1245.121299449814 8334.7303473745
-5261.58937158829 10587.665924779263
206.76590946255598 -841.4860665446649
4243.467884813824 632.6399398594648
5093.1724999125245 7089.831498405891
-4372.44318264065 485.29407701168526
1001.015923971055 -2067.1958732326975
509.02374088653994 -7069.9218738189575
-1685.9251808978627 -1650.9960946599342
5533.176797182051 1949.1183355477965
-7324.571761706027 5896.748910796807
-2812.23174465889 12856.581728121211
-7966.758025175612 -1386.0215223212342
-3064.554619159819 -194.28131527014716
-3804.182429542626 12917.13866612409
-902.0522092716083 5661.072856011761
1451.5832969780795 -3929.537963703443
2265.9352449866424 -8093.862683729177
-1065.2964086027816 -4796.99435700064
305.82068233508 -942.8538023023054
-5000.922160024934 4143.662853042428
3923.1669229076965 -158.32254023268484
-1626.6345774314034 273.1657762956556
-5908.6517349730375 9325.735510162407
2812.4785412115925 -3015.196818783091
-633.4052346149892 -160.56260995808864
-594.3541296595716 1860.9688350887207
-6085.693287292818 5544.736155961377
-4200.884472750806 12131.325402292861
-2878.1456421905673 295.92539335433327
448.4417625784517 -7216.707340341861
-5120.6524249467875 -960.0181477159256
-24.646621884139993 868.6334440567545
-6805.02561760312 -307.72371792472296
-1850.5534852550832 12560.788937663207
-810.3676743453606 -4511.0649333149595
-5719.705225044681 1472.9316283193843
-2834.675688973646 8074.008802453269
-4960.505068391905 11853.423229694748
-4428.97934902379 6843.230487382723
3558.438482576377 -6745.536883165853
-5492.232663841511 1531.5144976092804
391.99756777179994 11864.34303136053
-4685.906142267059 6968.301924784565
-615.2630857671562 584.264312980804
-347.9076388326035 2036.0749777769797
-3097.8044592365877 12491.994779457791
-2532.1626365006227 6206.789502520671
5664.09668874003 2030.640312953122
-3401.7590038194808 -146.46003157610485
-2316.145360668859 11176.696446496624
-2622.3259066807254 1013.4869501415667
4088.332456622542 1813.783111081062
-2613.1017929445643 13567.140745049623
-662.01866848138 -910.4444223096773
499.2544815026322 11922.104661669144
-1246.3894694197932 10055.17850251975
751.9392727179672 12450.843462123075
-7619.604191838846 1259.8437756446922
-2915.707328595039 -2222.0116621902894
2399.7868273399745 2226.97181848723
378.86867766532475 -733.2845979510851
707.6315604979477 7176.623591448992
1100.0670472685279 452.685714919185
-1989.2203838661903 2996.0515694823052
5183.191876473493 7811.782575613412
-8484.306422024198 504.9187622711007
2140.908615246668 9583.4869951137
-902.0148798276829 693.7174312271941
-1113.2306023022622 -1681.8612876012792
-1505.1869729494724 14223.627555063365
-7763.30887226187 1778.5463292934805
-4767.303978560605 4900.626941005521
-2782.3369692661568 13651.749929865467
-395.07138074559197 1009.5350851290717
-1308.8934419745096 -620.1201812534317
653.9823283388878 -3893.240598682214
-6235.406266812415 1979.377349438923
-2044.7948529769121 2561.336305445667
4721.5025941359645 3395.190523699633
-3347.7713092561057 1713.3993873462935
-5813.399475805617 9184.004385387643
-1905.0946981383183 11322.979798792087
-5825.842656421496 789.530228085064
-7587.01953070127 5677.998903488072
2012.553688821261 9429.362027623862
4128.124026161365 227.97168637173996
1816.379456505048 1710.0035856243132
239.70653907462733 119.02753500367793
1436.84781353417 12220.080979331251
-1007.3244668021114 -76.51974899247841
2099.9959338371823 2006.226185971483
-612.366761516019 -6393.621581658906
-4419.344372130507 -2835.7489855322906
3148.9640584278613 3092.8742846326295
1456.7203087030277 -7027.662422603004
-1148.8096081703343 5368.441421398213
-207.04764134715177 1346.354652337974
3434.111050310983 5317.914000495671
-6565.6043505686785 8101.68331521701
411.5029462268262 -2485.143569101243
3351.394118890209 11559.33028972262
965.6191031392609 -864.8266412085231
347.9522416488166 -167.67366933102755
-2625.4649911938864 13787.071718267496
-4178.462736596535 4274.5966222427105
-2130.886328218714 -3627.85023605179
2645.454678656995 6852.416199781406
-2228.9696467517765 4694.431709807219
2946.666095751388 -2927.7053124785975
-1030.0234379955532 -1292.8825125266944
2901.493708714376 -551.0648934438899
-3515.100091748738 3237.866563780372
832.5087764471842 4380.211786226604
-5878.789261598863 3149.9495810849326
-5906.249589544738 6623.681549676266
-6654.3581943790905 4965.300057454517
1080.5008068718598 3294.347456943003
-1729.318455814638 10449.733644943295
1295.1568821298704 -2442.6816725434696
-1094.4144747256967 -528.5736276122127
-2991.860095070316 13893.52867537673
5169.384971407047 8445.366730453414
-8037.810443946117 -639.2483512170451
110.58066011259972 12708.97801312812
-3987.499335877591 -6094.813829173308
-7418.22861538964 5186.577998894148
-1656.4738659985992 10870.886144486556
816.2619982236046 166.70985205032684
-115.89349870102477 -1333.0007952094747
3063.8102888678013 3476.1607420886367
-4253.142890023923 14251.37867576818
585.56630351369 -6084.082498201929
-1615.424826757492 495.7296074998574
-2923.2525130806166 2921.457572479877
-5920.9152681279875 1582.556553760504
1019.2465069125701 -9459.842202066668
-6296.574209120691 438.64422688705065
3724.0179928813427 1017.5508995452054
-2801.1675110892056 3681.7866325483124
-2102.6606009889138 -3891.8242463429206
-2794.7679483170223 530.0213574925504
-4016.7789120316597 1375.4009464593216
-3335.340413384979 13496.744217415126
-5439.121631262816 335.9227744211519
-3827.764002897752 329.8603449659821
-4725.2366850848275 10229.623207047593
-4595.699676248039 -72.89072862630843
-3196.6725531267416 2118.404328314571
-800.8809760158321 -2066.4664046850644
2282.9193816546617 1041.0872799092854
-1319.7461948896369 7351.684391049248
95.34148348801833 6390.3813536958005
2157.750312473058 -2390.8897834676277
-1323.41335938816 1151.5550189470714
226.073203887728 1254.5844257048154
3361.002922031432 7326.135483404195
2325.597537930738 -6817.946158219397
-4964.21302794907 3194.3817705994466
-5951.369236431158 6063.043080809277
4176.294705302365 -5765.153376802307
-5111.807172782457 650.2827825747677
-103.0951178978882 9846.809090193465
-2513.3816861351656 -4187.867705752409
415.2781256575464 1302.7755309460076
4838.63005845677 5719.767632701866
747.7860992573925 3956.237299523078
-4426.031533796924 11103.860222007548
384.2072270156384 588.6791468123108
4068.0556905220647 135.2732740455545
5954.529035198171 2749.111031252935
-2475.045362187197 -2382.5051417101713
-7305.137467112604 6628.45515426542
3161.0034089537944 1896.6903654484126
2936.779234401881 -2014.658951430806
-6029.200187652383 1407.7650950472787
-1862.9238879908812 2085.658812532149
-6260.815543120973 2567.08308815538
334.64570883553597 -6532.010862088976
-5564.387406677312 9855.445813820723
-4562.946232163233 3178.3543292209106
-721.6302816698573 1932.551472266258
-3234.773084764054 11552.635161700684
3569.8417455993213 1408.4473204167737
682.657672176547 9327.45997706331
-7312.532304577199 7023.072571237484
1114.2022440439898 803.590818628064
2003.3297305706176 -7048.145113442001
3900.024354262547 574.2887099155331
-547.7449160534451 7529.572664659722
4888.208751861888 8289.66357483122
-2172.95351694027 -3072.0478261605786
2087.9659926683353 -5252.969780118271
2025.085235982554 -530.4176605042634
-4220.704460478875 4588.24115608485
-3031.86678005586 13688.061126063154
2272.162412520196 7955.214006525351
-3122.207545027187 -3608.719254507022
-4647.601402266008 1095.7350742035987
2112.9918100209143 6384.204721358727
1905.8059454929594 -7463.759831178257
1809.2886713032642 3006.6618589280242
-4747.262668596652 11470.988172456891
67.04969503512551 1425.039537259724
1641.1940317285782 -7121.800829930083
-2061.6146320287635 12444.843227651463
-5124.06850502229 -3290.7291752394644
-851.3429325732058 -6963.490223638899
3115.199129748143 2201.1971906312815
-5539.663807662427 6508.980080297194
-5829.610203895581 10108.79068520744
1159.147341274562 10193.697960379091
-725.3659807183747 -5689.930768074858
1323.2907350356456 11234.532497528238
-4299.965820327611 7225.646920899282
1541.52643324918 10847.975265288478
474.5247788505207 -5959.045112995021
1755.3094944716327 8148.115478461078
-4720.505597467197 7627.9820368555165
484.37718693668853 -8685.57783437895
-2640.165860541862 11444.541034603411
-2509.1185135225833 9018.411064737236
900.3742452613836 12352.494239449854
4435.271599070115 3934.0362045026895
-6976.600263993969 4341.262896709022
-7261.23395391144 1666.1727305298125
1428.8737856204252 10355.488157279282
602.6306532487578 -3288.642148058099
1356.708844444401 9685.829239225564
-1540.2483244695366 5937.99562601143
2754.8684459191827 6266.463792195616
-859.0785541913331 1834.9321343420409
2799.2649490906397 2476.1021754694757
-4508.027429030375 7874.94288984955
1995.033717195934 -3558.142274909633
-2144.243128242075 11233.912390816638
-4256.564995691859 3956.9490553238406
-6015.293250096127 -1790.5307606866784
-1931.7007644981923 -5415.5883677094525
-7961.9552947228785 73.7851594501316
-2455.0067109526503 11150.784665873784
2634.8843361877744 -8254.41861184479
-845.6846260358105 67.82781234861488
-5104.944641171845 -2090.44330588109
-1183.8776602275873 1426.3159311738566
-5530.247873866882 -1262.185920729692
-2392.5115643049785 583.6009826999076
3520.839472302313 6690.399896239002
-1464.1874304022303 6252.462934521952
-1315.2681611900769 4951.565138222726
-2007.4017153040247 4029.5621872380143
3393.242931335026 3170.2850899804685
2352.4804146135493 6346.283485727721
-1105.905077719261 1597.2995386831865
-5044.895984273656 3766.969075347373
-3635.547871660117 3401.9110618361956
2042.525702748321 3664.008983218133
2459.809885282117 6254.798829912515
-2766.9035540309305 3887.604770751219
434.2452429845872 -4976.260572653861
-220.31536744987935 5986.178854498824
1362.1128047542475 708.5380376509071
-2642.8054669116636 -4368.229931095247
-2449.4050954060654 -3852.496556828396
-419.0037901481594 -5486.231900429701
-7137.855759312736 4444.431065062273
2610.9804974219896 -2663.3209937547817
966.1271009383827 11147.63184431901
300.21002383720673 10464.769972993181
2188.2240936563594 7232.88362740466
-2944.655776155882 8197.667253650616
-1475.6124713141207 1593.2332847559273
1321.0740123850014 10480.954389691868
-5688.217927575936 881.6285287228368
-1018.2624417784685 -1470.6260676003071
-6317.185589909327 99.81004736867322
-4778.764281791338 4036.479138514716
2603.0104163285837 12711.830170464105
-4575.573303139502 3923.42057088407
-7344.885071225002 5605.023969435992
-4187.8738368465765 2515.942486059147
-2390.80790629731 11028.908093888722
177.27615714203225 -33.29826501920444
1869.3446695644457 10026.762531498132
-1876.7871952644061 -1394.740416647397
-983.9699161226225 -3955.048257504514
-5072.661340011798 5136.445303176473
-3092.604175144716 -526.5425170919349
-2900.28098279995 1308.2175523778244
3054.2792276008863 -7352.347162187388
273.95410488108587 10584.561753033413
424.01025668209195 6868.967173129727
-1271.1948577901364 588.7516989760313
-5048.806520228527 -1863.2959011785006
-2275.909663674731 -2583.947023527953
-3074.131848772763 13274.995193687
1131.6363010212544 12183.362700105854
1725.793681254895 -6413.555845672228
-6164.577545251314 4284.0329179624405
-1732.5292087162904 3819.43840951295
1205.5848006967867 4024.809881225972
-1127.3512735487657 -6566.818930118153
217.48538867587732 -425.2913339749945
-1442.4659130235013 -5686.759369955733
3780.9931180079375 1626.1199532804935
4054.5552985461686 993.6599657087552
-1904.6497577458117 -308.2488946681742
-2854.579301970868 2838.1448608543806
2505.7619093221915 -6672.967017429498
955.3738527421549 9581.647852363782
-3862.976791454691 6941.676445500259
-1182.116960355036 13036.66415922515
-3677.837259924318 -1159.2895914220628
534.7120162595427 8671.71952543116
-4879.577535507214 11419.797607047438
-336.7509072593439 -1544.504656730241
1568.1689945416706 -2393.9813158569073
-2288.33280672126 2449.5892633057556
-1838.0091452502825 1288.800662573297
1418.8774456748229 4818.385254514001
-604.2889824765642 -5595.428842391245
-2036.0426278104799 6890.985615230422
-2584.4096604352776 -3616.6599069570716
-7564.066797256889 -1377.904765082909
613.5573010040561 1512.285647594949
-3006.252961442093 2082.739076407827
1078.0649179579586 3044.7356279529567
-4161.203145784663 11639.854311296718
-3716.4957034080658 -1669.835803068794
-3081.325246180621 -2828.2812687934343
-1459.7449422777038 -5919.833531889768
3710.016219593956 -6279.329455431915
4435.195506458169 3571.569639799865
-1716.4939190697985 11178.520635305718
-1893.4914524736682 -1861.2034816324226
5595.56773501906 2191.5402509983624
-6809.51287243513 313.5389179614726
-6174.404750570755 7913.442038211987
2117.593078462144 -6514.530116352768
-1956.6651313869822 1078.7457388791954
-2857.3811739285334 -547.3978933713894
1093.1381447012789 -4266.309128987729
-109.26885991064529 -7504.858275055393
5951.919187677297 2574.230546562818
-1385.9628726906658 14481.0899063492
2162.9316461467088 -6863.565629023086
-2450.8235856901742 7923.176012816019
-3212.5328587444887 6056.385625617969
3129.0106852135154 6182.83922723839
-3649.7864685957356 4360.218536228724
140.89269900917867 8458.26014311208
-7350.267645568015 4358.703404428304
-1211.1094289992382 -3232.3262060495103
5118.82690882837 7996.497493964483
-3512.6657788099556 -1870.784203193609
-398.0866977615449 -3313.7220635485505
-6290.076764550108 905.4367317466621
5673.017870568129 1841.098701512256
-634.0043365710334 -371.9892820867468
-3886.174081296042 -2224.981169472752
-6135.5178751170315 5147.808955617394
1012.0552554156163 -1857.37773024436
-7842.370701991352 1868.3134593804111
-2177.190623521362 -3447.012482811335
917.5291728487069 -9244.252046910471
-4535.727341937356 6904.624076810694
3045.3969450766385 4024.3916083916556
-1681.581248261209 -4890.429609121561
-2093.251192411411 -3007.3877998980965
-3741.7224505784943 7602.597750932927
-6480.8848597364295 1578.9385101009836
15.45074950844573 -6167.396848732216
299.53670264954695 -5097.26199275351
2089.3458763877497 12735.23973468836
-657.731105178986 -7127.14071574701
-8409.775735331343 1006.0153370075054
-8194.72025734658 -586.5673811516567
-343.17047318888314 3299.3964379142767
-1319.9187132832465 -5414.916399408302
-1842.4040620296657 -3728.1408426931566
-2869.0512565996432 -3936.517536161114
4685.59336707809 5130.359839771345
-252.83898118297483 -7652.344598254072
-1669.5222151560206 1965.2362547796517
-2863.03563856654 11811.816605000182
702.5392744264301 3692.4961288906006
-604.1898524613814 2834.188115136984
-4918.932753744071 4298.038422610976
5492.743708459721 5457.637375890719
-1713.8689097323343 12928.13065306393
1025.6889244186088 -5545.345277908004
2624.2762671903865 1820.5076192059907
-2832.5026213680394 671.3393913940802
-2802.2257522606146 7814.330433926884
-5145.060261956615 1436.4911216741723
-2339.7158750811495 7002.883765741926
-4560.797307454413 -5260.087756556278
1812.6906811169333 -9629.392060073447
1161.109615278029 11880.259422915582
-1325.2834036349834 -5851.206495022255
1909.06477649628 -2317.742178696349
-5386.667758052807 7601.06176584488
-3699.3727698292987 8898.38636055305
-1080.7095206711572 6984.591755224425
-5014.47866968099 1228.5204975961788
-3795.622220083573 -78.52247448256503
-7227.855741001136 5902.777278652226
3178.529742622876 4767.481952339053
1205.7143903388426 -1215.271357099669
-1549.2689738683148 -6595.747118196804
2916.814033057346 4751.058978790725
-32.89152408888115 1693.5034802774878
375.8602579016717 -5631.789191195566
-5642.900034615994 9530.873937621662
-343.29176666254773 -6430.150623281663
5428.657221535523 6557.935442715866
-7514.142835945859 5904.369780927046
-1192.3600967942648 -2093.2022667265346
-473.80992090579235 5653.109336473912
3660.5897463966294 27.36911201069631
-2084.1975600670935 14004.671606054006
271.9547499925872 438.9290912321081
221.90605980715767 -3807.794957132542
-4745.555751110842 13185.17422395479
-5261.435345690171 3351.9502737115613
2313.583867755166 -7680.582391992132
-5561.643238030544 8949.140941791233
2202.103382207713 -6593.48264238226
-3621.0518215191796 -1691.577063820112
-1923.864989331614 2524.30821642802
839.0698173628017 827.9686949288113
-1644.4777305588043 -1927.099207074459
2696.79246403162 -7074.458650126954
837.7991839138065 327.42633697259333
1862.999468891238 -7920.280107312082
-1966.9241525221746 -4155.651916128172
-3317.0607310295577 -4015.0289121700866
-3759.25061570016 9050.306846128102
1519.5435726247506 -1736.2384525493612
3850.205124545905 4066.191266643331
-2178.0088828709495 278.5878998542947
-828.0318607693382 -2443.292778756452
-2175.285496039743 2877.6741808040865
-5200.267662345419 1024.3914741538235
-3718.7931682596463 6578.355633970535
-1515.3510074050562 -2883.8635770173923
-8149.347036733915 -375.1769807136273
1421.2495187385498 11055.85405850726
5478.6468846517155 7921.135706136163
3346.9497196967254 5208.167295938653
-4677.97055162217 -467.4290745334774
272.8662327347055 -1753.2583132453176
2533.779499538307 7795.165090044161
-6670.844607543545 532.0340567872902
-4658.275623370301 13372.988054614045
-1816.2869004227348 4833.924214944091
-5310.348138635572 -4777.396059833609
3532.9447157442637 1002.4115810137721
1817.1049653514715 -6382.0449235565275
-537.8464435562277 -62.74701380067614
-882.7517829038795 7362.405349563257
1973.102532544626 1449.7400747796946
733.8917090114869 1313.098572069339
920.6599723600048 4911.586598087112
2826.1315481877045 -726.5927924770177
4977.680501233348 8368.441319664722
1256.8971536798758 10278.703032561407
156.08647840639986 -9294.593080396779
-330.64090534676643 8922.436442815933
-6121.517429420319 2932.2215796747396
-1107.694850948034 12377.931858198694
2312.4609734828437 -6329.634235988229
-4828.935934498142 1150.2209595797726
-3107.682357874103 -4674.924443889991
708.438820278118 -5581.275843412585
-609.1796220274292 -6067.288509324272
6112.705989044175 2384.7903993389045
-4693.605536997699 11693.79504026482
2717.2027651321796 5145.38503811177
-717.2422286078244 -1167.2456470939605
-4534.459645664117 11667.774641325675
-4822.367508714969 5860.117470419018
4984.26168446717 5651.322893056416
-895.8105426516871 6036.277715767565
-1643.9072546907053 -4657.900287756811
221.14408775732056 -5414.247877220398
4940.413776267393 7489.671033246341
-1589.0735790474853 1487.0401148384747
1616.6834629330324 -3463.896328173091
2918.39284710654 -4962.461088766541
-1420.516864126722 2734.5494464245335
-7247.548467697122 -2222.178855109163
1606.8349801061095 7957.6074102634275
-1062.1628738416418 1268.2077532893445
-3096.8351139988167 -4275.495120779853
376.7830021982436 3891.88645073029
176.93564249483265 -4866.687391502684
-2172.4535561194625 12974.451444450582
-5103.795267879357 12481.208449377858
3005.7039651831515 -6966.2571047441115
4455.119073757328 8086.825957135901
289.9416732972403 -2215.5803583916713
-506.90485452337975 5520.858425577278
2742.6623436770087 12201.162568533855
-4944.4831158862735 6600.338034458653
1359.578995407293 10916.922873774764
-4208.129992018159 13262.436122265823
-986.7010995450232 -1937.658432660714
-7933.288668245682 -902.5230115007982
-4898.0514788261935 7479.471073501423
2881.5240058353297 7027.559923953573
-4326.6639618780255 10904.923945255896
3059.144845554933 533.7994889921615
-2188.8307383923766 11121.470871645584
1073.7767054235755 -3084.7132909173874
2636.2688944052375 965.9414563249825
3411.0738737943375 -83.25335641894647
2675.6172562975034 7847.498264794755
-2457.979727443052 2508.3113084435304
70.25894780778982 8344.414747475445
437.86657101790945 11518.954916894805
-1317.5288518942025 -5110.438824529408
-2414.255963060507 12104.246741125356
-3465.556693872761 1233.7931903328874
2546.8695958913713 10081.762820032543
-6937.0436870784 1109.7007432436526
-7965.597844805813 -1949.3532403885388
-4207.132763183479 10794.36075172489
2384.550014137831 8745.54016445364
-2142.749818672296 4287.911463230319
-2622.1196613321918 12313.066723636432
-1933.0130315847916 -5620.977863373381
4702.78596324784 9731.079139228254
1341.0932243442517 10092.068261811322
366.147621913746 2699.73890484916
-4805.767512511019 6046.926097959487
-8056.228677432524 -1158.7627293871492
-401.14661257109833 -5618.686804544517
-4296.469684671374 -1119.620298497382
54.941090712762175 -1932.5786583544705
-672.5658832810229 -1332.453654025314
-1978.7976614499573 7427.338586889374
-8150.086660982642 -1272.6617997993744
-2532.2012393737573 -2812.0960964447922
-4705.954922494114 12833.794794070887
-4624.043093587153 5829.937223730101
2557.3513571197022 4945.472733014748
1266.1626159909779 -6825.461224552583
3214.9154294630075 -750.5134677946744
-525.3156383273529 -3295.2432755648592
617.4605651966122 11199.32415319418
-5050.677607453096 10410.178201481136
4030.1643663313926 3942.0455711345485
-3780.4423661094866 4089.3904584654306
-2294.09381824449 12125.879678663192
-2263.0136912602115 1435.5524974476198
-4816.5153591637145 1717.4500605661776
1579.7516730530174 4039.530289888933
2471.4919121916078 5667.600511423598
-2066.269235765058 -5260.53208777245
-2662.1119047440084 -2412.665189434213
-1417.534951530798 11637.787598051287
693.8144817932458 29.583577944758584
-6603.7905576987905 2225.339515939544
-451.73739346608676 442.4844113350425
325.66519325698084 -8901.045076989973
3465.8316025392583 -6047.9757430132595
360.3024194673582 -2292.550353082582
-3804.645039312658 -775.6032551461644
-600.9481563666283 -4529.5477172275905
-4951.263543727849 1948.2054109401963
-1175.6930595277738 880.611426353347
2433.8291242422583 6416.5563215001175
-4060.284014516145 -269.7838175374351
-1404.7583966532382 13010.306681208296
-1112.0861736878562 5034.230338142487
3656.708276247743 3889.8034871380605
-2273.5839804252096 10888.507408710082
799.3327341629607 8763.968316335136
1895.2871412322183 -3120.0398403896397
554.993452178574 5273.044239795582
-2551.774189931959 2333.9898483845477
-7218.125688184418 7088.147624636253
3245.4592445890285 -6870.104852848161
-7791.532361806816 5138.897075345643
2608.0715335444756 7375.818811369085
-454.5559097959837 -7035.3847533790195
2706.587038630567 -7387.908795808552
-3192.613979701422 1965.675696606304
915.3022892917869 -8986.180917066778
-6095.606401614265 -1340.948139068727
-4926.970823936294 721.6855021157802
-4775.993946348642 6551.981136155299
-1026.9749798297144 4071.520301041666
4654.105359255844 3546.1363926046074
-2478.2561051399316 4455.365183590575
2942.223327100435 -8081.523287347883
-5717.915668465059 627.410481357312
-1408.9978280341866 -4384.392231808392
1994.3950608434498 11186.214275919981
3186.7061411013374 7472.685540672226
-2710.9145523874136 -718.0476575283803
-305.29165147608785 -6772.235375915203
932.7699554248339 10361.860762938153
-1528.1732815891805 -4341.745821274479
-3575.98558234985 -1425.5481607532213
-7070.226117155371 6434.293304494682
-6559.527795629271 667.8676867366955
-1852.60194632981 1126.3862091676776
899.6561932427445 -1119.116845836395
-59.94834317641442 -2479.205355719554
-2041.4523849358568 7674.500593997374
-2207.546804965947 7540.371917832062
-5378.909815261718 8664.496421411623
-3333.9002193823458 -618.3583258877183
-87.30243509435361 -2902.5841187396186
-4505.227959536619 6154.997204824384
312.6156840421699 -5734.044381946498
-2127.5340385200066 -3282.943342555608
-3701.299972640603 7240.412499738973
-962.6113565207409 1118.6024847165415
-2061.923333520271 3498.0334467764387
-7137.743751823887 4783.980091431799
-2056.007148165843 4400.91050456953
-8139.142822864541 -2316.0079640639515
1571.9515836124808 10983.04731221588
4491.153517626563 -6087.285004935614
2614.4480646085863 1364.4273544418309
222.93828270109387 1559.8135183870163
3106.5708303429406 -7013.7203886798425
2329.734502866479 -5151.524287253418
1207.5875698244204 -2935.0193731948075
-5548.299885984395 -228.98749837773096
-3287.2075666889705 6832.972793906531
276.1334776601072 -5947.459106761314
-2710.045531684649 11310.883539294682
-3389.0685186814285 -1336.23328481755
2287.487007102242 1364.8225513471257
-568.704692525417 -3172.7198498348457
2783.9511783001535 3504.2191634936344
-7945.915524811334 1912.7551319057259
875.7547320470278 -6567.057748899263
-1936.5868604307132 6472.746246654411
-3591.8174684544033 125.89019724564676
-2902.2251091803887 1990.2540801015086
513.9324967274367 241.4030348270842
1815.6896641320925 65.73557541297573
5999.931899603959 1926.6768028655258
4042.5515450581347 -2429.5150395281876
-3183.4648268939973 -3811.9711344854954
394.0826390011992 -9636.724862555753
887.6765295096178 -2221.7037168118627
-972.9708369493113 -5587.755008561553
-5709.07079931027 2109.8425438514
-5487.144123863868 6315.00151355332
-367.51454635947914 -504.02059811102026
-4881.155157293956 1856.3480011164177
-1875.0080023870637 12691.584810025948
1656.8674929747765 -5664.141528742729
4274.31477889513 -6641.053395491079
-7782.405374718334 5288.286410008903
-3254.4485591452467 646.0024540238036
-4204.357461377602 209.23090812294205
527.3804811755401 -299.3263936920102
-342.8998369144541 -180.22097723099517
2734.652271687519 75.94210269263792
-4768.356503134884 187.84341021522107
-5360.518845481543 9950.521821176026
-4358.059067768349 922.6530574585262
3371.2686695122525 3717.836856485891
-6775.630292248836 1947.2701888048653
-2071.0804544332536 11478.742444445177
257.61537112575525 -2382.9831570689594
2055.107423772041 -3204.864052327249
-2512.7116467622295 -3100.198886353895
-1906.4634799999353 6664.253120323439
752.2889851988685 12149.080202974517
-2005.2508872147496 -527.2829100718898
-3822.498682226075 100.35521423229453
5022.881092970454 -53.3488221514003
-4368.376846498101 6700.118389062799
-2997.1978091952537 8048.167119060192
-7717.053027900255 5533.493898373288
-3080.9760237334804 -372.6289329174214
3876.0563061301955 5350.806522094067
-1307.639128446778 6562.257218249696
2601.4881290273056 5795.94484106317
-7676.054733113095 5954.1528581009115
1496.3587427823356 -9201.415276550833
-1633.0259088500761 -6450.960542125957
1272.873176778013 -8413.876222274423
-519.9414274899535 946.0188139151176
-233.3743300828768 -3028.5207606989347
-2005.266666319256 1646.4962524344728
368.48053065762133 -9387.104266391727
-2006.3744352572908 -1081.9753098579743
-6705.185463601416 5261.254331012318
4861.186916645248 7058.453783098639
5563.928092396452 2297.3369668996816
-8359.778961678272 1438.9286820028815
-6541.913399176209 2671.968717016423
-1456.0274248259882 4653.160339007068
-5200.310847088345 -363.9189916867055
1114.0259334816446 6576.048511009188
-11.347589128368526 -6383.1102245756665
5196.141494717056 6671.384776158949
-6506.064078748925 958.6193734787864
-6661.293370603268 5619.85036155319
-8104.514205688383 -1712.1724206604385
-4769.211867561251 -2732.115171182504
-2411.7472467150264 11818.53406367234
-2954.025652235627 -1751.7870177418872
-2826.26926647311 -4905.265936356654
-3699.748443485306 13743.094370184645
-4976.310722315903 2799.763353214148
48.428889629237815 -2278.3674845627716
-2947.33735912923 12874.321889838418
1296.1617469771816 11442.72876303879
-4992.436082551046 2442.9706685015567
-504.3194185257002 -820.1433432613968
-881.2142637494983 4708.598049180152
-2897.563229143843 2248.7013557625614
2462.1273475731887 -5375.50545521501
600.8997344992541 -232.72830602727316
-6947.290255955957 1916.2552055179356
-5770.663616843011 -1222.5579340817026
-191.54767992426105 -6080.628179598337
834.5974631124484 3026.0399665609393
154.65302854184623 834.2408504382813
-844.052794143045 -864.4241752878067
-1294.335097137092 12641.070248549187
-1471.9201361889857 6586.519567867274
100.81261255943134 1189.4155862153777
3477.396311312103 -532.3318461413281
-3466.141620380864 2876.9482593212147
-3668.4105053733497 6751.8375847132
-2372.2090926122705 1973.409754205033
-2264.044595131454 -3369.6744256498323
1124.2867000344131 -7349.089592489037
-3910.1846531278456 951.4058127547443
927.4855004253639 10012.12815205762
-3403.8805071821503 -2022.935182078677
-3199.1327693918997 8759.053574349457
-689.6549927413206 3188.51718333771
2594.928495311885 7088.382095979751
1830.223364041826 -9384.879393600168
-294.6070214606305 1760.7951987206
-2669.9266105415313 -3780.7818077105767
678.2325357559228 7429.729645408843
3100.0426447014374 2759.0045381443915
1984.337506699888 -6519.735015450384
3799.199847033014 685.3722941419843
-2779.1738651973365 -1284.8421381440633
-5758.222488478469 7753.507536996213
399.7729827242967 -6884.563932284375
-7808.162424652312 -2142.1236581104754
-2753.46851039918 10734.976596386012
-1610.3878366890647 2511.5843874408924
-6841.972660818657 5568.295359059702
-2077.4285927394544 4778.932956993428
1928.3556073016684 503.2657097636088
-708.2394013654911 -4583.453155862048
-1311.6729948086518 13218.63510483501
-4016.226042771814 12732.79444153831
-7951.678718913956 805.6338763807809
4568.201784430012 4120.998814475705
4556.038752016576 3437.2707836024183
497.6113954551469 596.8167499621363
-6082.190816230434 6964.419997504609
-1169.9718479228097 -4525.907105237137
-5146.944529516123 -3149.3142689258657
3077.7095802586614 11302.997144924024
-149.75830146651106 1740.4537259079916
2589.5888760997395 10474.249893272909
1295.967298793089 3294.851334978079
2488.7049336552677 8442.442810696277
-1759.0990208341686 -1894.6233630925074
-4101.681905271671 5936.464243694517
2170.078759508312 -2810.4151975691993
3418.997591899047 4451.806379430205
-1463.1551137127638 -58.40671994939008
-5097.953344123693 2289.157553434978
4739.673784431079 -5824.421913290524
-2436.7846571423006 1634.0569055277595
-2001.856432698768 -3137.842229232625
4834.383233069067 8118.71748579568
5075.228780734122 7832.903886407786
2167.3435097338183 -6211.272384030332
-7100.641111750147 6798.324853890523
-2388.766970235366 -4331.183201516321
-2363.6762151250314 7405.706243751515
2640.247940692921 8373.385176825002
-2987.261721460327 1883.618838525644
-3562.5689364682835 -19.83109854708043
3925.1091439698585 3268.1962799271037
-1181.7200845683494 7167.466662257869
-814.1837946721771 2040.1496358246804
2564.0855347465294 -4994.991566269585
-726.2485783888447 4529.627883707952
-833.2103655528407 7064.858186868459
459.0188982121101 -9015.905013039051
-5951.22807371545 8500.919487666115
-1716.4151794552138 6743.61617986703
-5718.5914106333275 8002.762174147905
865.9216897552692 -7161.148196300129
-7956.315562113165 968.9615051081887
-963.987865844682 5206.916434150689
1340.0802001872335 -4769.376405427926
3233.8614650111012 -8432.977716163683
1544.1839307201922 -2200.5472075694497
590.7970155096763 5388.303071006813
2062.226975604362 -2533.908687761569
3714.0932895787737 5803.80113761705
-2663.0991478143396 -2323.462041231201
209.21017783397934 4230.521648548845
-2863.9088917781305 -395.54571294995935
1753.8597306075137 -9275.283705855672
-338.6030365143118 -2866.686993799137
-3892.31930004618 6522.251412229616
265.98970120387753 9132.09881695974
2533.6165585121717 5985.610213735474
-7591.79422773633 -1622.245274562424
4936.20090948417 9954.449762538597
-702.2593320204877 2148.847550125523
1208.4158555519325 5641.117265091259
-856.1449006325072 5012.878286732436
-1002.501767352175 2683.008909487554
-5971.859387405719 8229.402072244946
-909.2998123283215 -1425.6783132261726
-2557.7581930677857 46.47036463248565
4399.149023563198 10927.880605754543
-1830.1545422061768 10385.467733569429
-5748.493956934505 2958.8781566734683
4446.948516269615 3377.6308573482515
3739.099861631136 4654.440583041997
-2635.504989131114 3107.363980747863
-4526.602409006378 -3204.056946497439
2050.343794009135 242.1911057678847
2109.391222210722 -860.0529852410673
2855.9726704430004 2185.291894946701
-1956.5455361332383 -378.51512903122637
-2705.662701136638 1735.6892046270177
2399.5146286369168 520.8042149678455
-2773.4943736994333 -2070.8142137267205
1088.4773900967211 10016.417682020174
1291.0419449214394 8552.334050573812
3444.815481985332 1099.2324669891339
-2251.721448259966 1002.8713819513754
-4497.352679484507 5956.757094986707
-2018.2744363526463 -4977.279155704145
2165.398129269472 10299.870724074604
-602.4075101448456 2689.9789627576906
-1332.1700078502338 4066.0998385226576
3163.1264797128065 5446.505153683305
424.38752240304893 -6428.892299621141
-5618.390755290142 409.1952896051765
-1400.0996455933835 -424.9623825628395
3999.1189436981244 4400.730561997325
4688.689947691054 -6288.980388934865
-6379.784266304437 6672.8554111450185
-6316.160732357525 1234.4922195626598
4028.909400254244 1215.9168352617023
208.4590226169084 7922.189445927722
3324.2242751453723 1366.0665033417145
-1506.8554921727161 12111.810279213068
-2109.73649418364 11874.981820755758
1096.4289174100822 3658.7340859134183
-2924.626502210992 -1259.621786612937
-1299.2829356588345 -4874.161881217936
2390.580920874286 -1230.404217927615
4589.3270364806485 11203.120948317097
-3273.8361119347833 2477.8935829304664
2902.9685507342033 1036.0888347401153
-2780.6753262573943 4783.674114419709
2942.6904417134606 3327.2470615741704
4109.832016910399 633.9192680743167
-6625.017826109152 1740.0719419304003
-4558.237373978393 155.9445126248191
2006.5276150158102 -727.7412818632066
-1691.1020959937255 11964.53453196075
4261.996601497202 317.3895089587669
-6518.721033621878 2580.802513956586
1570.7756704777016 1632.2833211875006
885.302575097563 11882.366289885877
