12.5 1.4986490648150685 0.5424872389479747
37.5 1.552864113773471 0.3001110321466368
62.5 1.1160885732348191 0.22049232981077485
87.5 0.6737764977671699 0.16485757385667588
112.5 0.4019080286699381 0.1319702930855625
137.5 0.10356037033436752 0.10786919188714987
162.5 0.077662326751235 0.09685185995246746
187.5 -0.03658015268741853 0.08666674488695636
212.5 0.035114109348781786 0.0834947718755336
237.5 0.07969956978741677 0.08000545574944279
262.5 0.0756484020324578 0.07591897007134145
287.5 -0.06101385252103511 0.0679283298801316
312.5 0.11364268157589805 0.07069887295021209
337.5 0.08477446923705931 0.06738282235591256
362.5 -0.09584962525174072 0.05968970076906894
387.5 -0.03409820953198778 0.05951295717786552
412.5 -0.06736107168462663 0.056832519762310005
437.5 -0.03939176051197142 0.05552831097208225
462.5 0.08234371095581142 0.05722761622599754
487.5 0.02873525579064387 0.054473038227721815
