2859.4054534642232 2611.827143116343
-5852.547292974321 2905.526711755633
-1516.61506403209 -5500.355579410455
5457.889699530447 -1039.3012616080885
-7554.856527703465 -3317.5837746103266
-3883.541068363171 -1475.176441765966
-2166.881412286514 286.264460748846
-1671.1692068015084 3682.406922733206
-638.5787954650733 -7745.856153541491
-3341.223560244094 -8408.48999156118
-1108.8690879772603 12695.531397089782
6286.750654821801 3432.539269070605
-2393.407979151939 6424.983274381995
744.5184143243011 7587.286408035697
3032.972206138262 132.36565594012498
3642.2584322496173 -3629.739057117811
-5458.939358167236 3.504325048930881
4939.526396090695 -1189.4188712365797
4982.454381140522 2349.3396170753344
-2986.443967753169 -3512.9069378698246
-2816.875835492194 7554.821061234945
-1610.3244804165022 -4169.088689022031
-3306.3245374048497 4999.965090820694
1442.0740261387512 10403.349523416391
2304.420467234016 1479.2932696617581
211.90239546115313 4408.73869365499
6906.984756017982 3068.261685407238
-3652.2852700704652 -8343.567312661422
-2800.105513709319 3008.5853654328985
4812.8342156270355 -5228.984106404293
-4628.051308857343 -726.5102138370362
-4785.627579931163 -6767.886085963667
-3238.3215724807073 10818.9684772249
-3211.58668798552 -5168.616968084018
-1970.821771143851 -6138.74885288596
302.0381576134324 -2926.3950887697456
3342.5264828215854 -4746.716670759858
-1077.7250994613921 -8102.240885402951
3006.4893867129504 -2506.3827296885797
-816.1330188963794 -5657.753256526594
-5259.06474357386 -3580.9404891750264
748.6401652167308 -3494.233516234593
2038.9794335042814 -3997.0456212207514
1066.302487379261 8862.168331785155
652.4900712438199 -3846.9123696743372
-5484.830195001915 1625.1342153396768
-2781.253711214535 -1534.7788167539723
-954.4511437590586 11735.686886898893
-4070.199923198179 853.7813921504019
-4757.343440590201 3167.077230652171
1559.9462868790647 7125.3346955490015
-4726.62906540937 -460.12832394203616
-3518.4237856831546 12596.219053418832
1369.5537758426378 -3550.1328822134965
-4617.801909937323 2172.3004139402788
-3008.236812060975 -6919.949778084852
-3444.6017895218224 11011.706423005659
1100.289540333342 -4489.517325649361
-7145.434999171324 -3222.4253255960525
-1656.202214455914 -3179.997544836365
1703.258755534839 3306.688167123056
-5102.819968102799 2225.123064992224
-1482.1562239235873 2861.0786008412733
4684.469702320618 -1555.1116702723298
5544.49016043216 -689.5319787508869
-3251.276227347505 11614.286970443787
-129.84294884477836 -5183.694649589009
4247.511219535951 -2919.8638869382294
-5789.50907962742 4303.031977342355
-3022.9591665733183 -2283.1046592577136
5889.7014232814245 248.81795435179873
-4259.978731511739 2494.269962541926
-3120.831381256682 -1988.8909560775096
-87.36911793326968 7661.6841904537905
-1554.1868729495004 -6741.153453149712
-3934.450911539632 2152.684461809468
973.8328202574409 1694.5023086552671
-3351.1264655395194 12301.213633960439
183.000073591411 -4390.022347562901
-5324.4886676409105 -4517.461476666194
-5188.847713705042 -1321.2244460984543
2433.701678595774 9101.827782117198
-4643.352309908616 10583.493566434976
-4838.280604509389 2115.893218828363
5507.069059515658 3860.95481680614
1149.7764872887215 7469.283212082101
-2227.935569449491 5434.615301267868
-2342.236196954709 3097.8791556457445
-1295.6706204579325 -8403.847915819857
-265.53917044246884 6397.9738130024
-2619.612084932806 2163.5400169124528
-4078.064270380975 3792.1045278396305
3222.5285059736166 -4340.509239985308
-2900.574044302028 -1094.642207064358
-1916.8165399578406 2374.802306258631
-3915.068805043964 -6540.709903785359
-5198.652212579145 -782.0643379191275
-48.57887359597124 -4637.608862952512
-109.62674251344599 -6676.893280956273
-1844.8126649069638 12431.843892434845
-3521.133618588597 3146.2412023010556
-6117.369969437063 -4841.661329451574
-4742.0695479145015 -2998.041480816142
1002.7068190232276 5450.494138267173
4336.105585516145 -7313.466223994876
-597.9788098965616 999.2960848150495
1943.2924398737714 5012.0009675207975
4147.201833557446 -1030.3344046019756
3055.333893920737 2949.997138406255
-3319.055836750406 -2217.4212510458055
-356.00119046357565 4571.575997123616
-1769.8008266065667 11224.271989470139
-382.13839226461727 11579.863558070814
3901.7352058517167 -6230.354937883115
754.3123565329604 8934.372032644205
-1446.9900107471606 3425.437627063377
-7258.419086332688 -1863.9553571602019
-1483.2192604067022 -7074.5475998241
723.0715743704894 -5481.853337121259
2988.129805384273 9267.396161841883
3559.1452875886152 -6727.766211041816
-1874.202270222975 11549.18546186466
-2600.5999434614705 -9203.204097918468
-2268.2007735409625 -6097.173747778469
-4875.398915134012 6768.603755929106
-694.5473965917839 -4898.042738684602
-2585.8829241512885 3778.313763675876
-5792.010316390251 -2648.0946303821065
-4189.667549710883 7800.406750436584
-2963.547850994519 7070.976628562532
-1997.681554468581 7508.38472512315
-2920.8764954712838 12280.567162377587
666.4725259984853 -5140.426857468017
-3598.124352236952 -6636.732243468408
-7147.537819008496 -4661.976981380674
-6734.264318896884 -6079.63983541964
-7429.197266666109 -1910.0810297030569
4261.04479494047 -4161.593637532306
1903.4589157556998 -5061.450222387849
-1835.3891401254787 4657.91598988129
831.2083359376355 6269.615225994778
-4590.564252355813 6408.82573568957
2620.298523986003 7375.097789344604
328.18394144727034 7505.763060180278
-2656.7691961988517 -926.3440814021849
-5707.702821647868 3662.861080377458
-20.421116477700263 -3108.6609477795123
3931.1166506279756 441.02548003411994
1829.717012407322 -3442.648436125574
-3483.0615283890847 3766.2868518124474
-1499.3503322680174 -1672.0380581092616
2329.3352600218786 525.5591289261833
-689.0208635055028 2810.1206208925933
3708.5586112521105 -7046.539864764654
-3600.177169635572 -596.3720008701272
-4092.7959204191275 11179.13295822621
1652.375050190438 2601.760930050334
-4000.879766499 -3840.6525844573775
-7616.617661084502 -3553.1956954295288
-1370.1605948885776 -9600.302089070947
63.27029002711561 9935.263592109342
151.5713900921751 -6119.6960777215445
-1624.6654362633988 -3466.6950301149723
-4869.070065304259 -5165.000749560937
-2815.0174434442674 3303.697099390416
1513.5364502089292 892.3926111107764
-807.9287852688717 -6940.0746254784835
-5480.910373379043 1187.1807908057638
-770.819009329224 841.1951812602742
4565.249910218974 -358.8439046480089
-847.2268126850071 -3885.369156549026
357.6936358728612 9263.735918900356
2399.387048870628 -2661.1826020617837
5432.579439278679 -4887.1548991930285
-2184.7336553500836 -4942.9979409617945
2682.3820522630635 9753.860344785064
2657.675466503183 -4233.352783633711
-5015.946446655553 -4936.397143018356
-84.59817532777652 656.6752492399044
4514.001265639679 2983.7927331556916
3428.463182757 277.7362520349087
-1845.8710072442034 5615.554419364701
-3279.0091814216157 3706.1945423662155
-6837.104437919419 -6593.035911081308
1534.0874137502342 -4976.694191987033
-5042.413348490909 -5695.067752213738
-6060.257492778791 -2422.058499695333
-2093.690841515824 -9150.439943549587
-4489.128857491838 3034.5763821626506
329.863677632083 7912.580214898818
-1349.023518466905 -8856.422447469107
1605.160175864029 -4391.545545333683
155.10197856284861 -5168.914188049607
3703.9464918530016 4873.95621209065
3786.5475688795755 -779.0185526319686
-4669.4007688118345 3811.9528629955425
-8219.28608363419 -4540.879754937346
-4559.55296585238 7041.580313570756
2313.30613603413 -1872.1363519674278
-4552.491735004503 4096.105600529449
5024.2654064897415 573.4391425045181
-3692.9781240270813 8033.541687525414
-2636.7022930292196 1322.5609573541005
5248.712305124088 -4726.659792749644
439.58129520795467 8469.816340431562
3167.1911121648695 10512.767745895644
2652.1088351216436 8997.437180816578
2972.983595019255 2075.2732528744664
4581.326357247814 -5823.526891559663
-1947.8733914552406 -803.5469499942129
381.3185644209087 4023.4211306973116
3537.7485214227345 -3364.2391557619485
-2196.8726637798895 4286.479266779076
-590.4387285402719 11576.19050183196
3268.219082316263 690.4349540895676
-3247.900170298726 -1672.5072137168568
-4414.949332420015 -6453.439191677446
3475.6645050807483 10436.572474494722
-442.8381248181389 -4185.623114375418
-203.24771156639224 9113.656426820806
176.65523948981135 -595.2264962695735
1101.5519324446122 -5230.534285123513
-4421.519172452576 7715.441874628936
-1556.9850654668057 8796.991128143492
-3617.942589413946 -6006.066027149603
-4043.00102721931 5709.300696210676
-3243.018487209363 5885.430783815886
-1636.45087792354 2312.743540378982
-1654.8424709675862 12432.25879728851
-3487.9727114451525 1198.3809953989494
-1772.7892302122127 -4445.501823169114
1707.620412794982 -4761.645964589787
-3843.146767294663 2418.5614867429263
2363.9030869824032 10420.639770540058
3258.7553191867473 -5423.680514053043
-1194.5959761848 9837.73464631334
-1401.6940229232935 -3277.6297114966064
-3601.576324750917 4262.150227843135
-3192.158537035815 -3031.1553101706104
-1401.7974177053377 -2582.363523056859
-4704.741720120301 -5696.506991301397
5509.575766953935 1493.1820676966818
-2657.7818848219877 -3303.4741132583363
3674.977979579498 2584.9277679391903
4847.695845664605 1330.4255011018192
3361.704706062073 9448.469673108682
-4838.597930620116 -2546.1468180653605
1640.070979343341 5711.628933094739
-2699.402196840719 2639.0466873713967
3923.749580314093 -4590.8554299441785
1220.5794606016273 4094.567023777647
-5388.47399004891 -6774.294868614933
-1188.4391719489108 -6168.402985438494
-576.9537421044375 -5915.7403227876175
-2376.748296116049 -5870.332609417135
5703.673879993702 995.6770332950769
-2576.0998627364097 1731.5028094074996
-469.80901604825425 6317.361167997929
-918.5254706705872 -7596.4402301713835
-4744.105718905013 -3981.710200803402
-8138.810591937762 -4894.346831287329
-683.6952281778605 4510.368696389843
-4592.450896872347 -8100.72515154947
118.45130556176383 -5736.266586933606
173.13123613249428 3837.3387925288885
-962.2180545439434 1759.7079004356704
3456.4921633958566 1117.8316862113666
1337.6261001112384 1708.5279122994843
-3870.136735334514 -1032.8838710826965
-2243.5010706669855 11619.195965353272
-30.21330562930108 6169.014703849955
2110.9197929890584 5145.53198039764
-6256.5320219099 1429.7165526442975
-2133.9763461273847 2259.6283138548583
433.56674055022097 5592.504577297742
4237.00373070337 -4704.13017263217
2915.9016228426253 10384.57034837224
-2645.474943771482 10794.78686523895
978.1986048616775 -148.0084359565988
2302.783898722864 4500.713472033661
1578.2198900292603 -5701.613329100839
-293.5056543457087 4981.84761070231
-2159.4658573064835 6423.236468285323
692.1603783168048 7117.414130694483
3432.3531675114755 -1816.0860367502191
-5269.694598479499 -7796.986778065708
1077.7885597397244 -1973.9544856716134
3394.3114157573714 1770.0198261791531
1440.8828159781347 3739.608286505498
-589.1735873904681 3253.3608640519506
-5471.8821919578195 -7547.865537001288
3638.049755202389 1332.6491140455882
-3111.5586711149717 -761.4852685345788
-1109.0983815569994 -5261.857817128827
-1466.0268683969869 -385.9420353574716
5563.42434440558 -3343.186762517118
716.6427302548501 4864.9719930539495
653.9145278991766 10432.218225427743
-3571.468026009289 -4403.459501220693
-2951.7363248468555 -6594.961995974527
-1843.3523382690382 -4184.980221753903
3267.269256644594 2238.1338064361003
1376.8816673827114 -4667.755070113216
-2400.8385986812846 10564.810622677202
-8031.323210858773 -4284.066875389353
4319.936553789664 -1263.8496452877835
-6681.768625476209 -4867.925887444469
3347.924596338103 -5196.533461259911
-2552.9182432863595 514.8056220401231
-783.8318504559337 4992.960861922692
826.3537047788627 -2031.271620741965
-2308.128747186292 12626.514208994773
-4956.580447117319 5367.036076472266
-1559.5304779591897 -857.0291602444562
3589.538674890057 -2204.9375723127455
-3576.937795252924 -998.2240106007307
1048.1531619185168 5128.929905533105
-2388.3661564904974 -2409.1034900022078
-380.62698024806446 -75.74775762026913
-705.5801720400264 7170.993913621559
-5033.129153809259 3299.4618440069567
-2374.2265942470435 11124.097971660914
1814.3580768728139 9649.150191840043
3932.7038995803728 -5842.608702543533
-288.5158130320558 -7125.31490617072
2508.2014302146667 -3303.18901578172
2703.253824014664 9363.772901922639
-1182.2106802713902 11672.913829496763
-2197.1356494226325 1506.3341126232904
-579.0386381548558 5783.042420337579
-507.09923328753763 -3811.577360585319
-6942.093445347018 -3435.393422693716
5750.769282538495 -2602.16592071458
-7254.793329915103 -6936.107769564688
4854.967733964899 -764.3729216918814
-2867.7391748737314 -4026.425776435942
-2938.433216165518 7810.594217065234
-3255.128947944747 -1174.2634068656569
-1123.4362693867715 9445.890325685721
3310.4588804765913 3921.5731720914173
-5509.534660182536 -1611.9308097033534
1292.8260014614357 4912.72442656493
-133.6002320058408 5349.23361882555
-5140.40139409495 -6594.483976675757
4073.6472853747564 -5443.9422182149965
-196.23311875509313 -2684.649376359577
-344.16916889883805 -5858.45520621936
-4409.682649274139 -3523.6502225532386
-1698.976933015501 6848.343185430397
-1316.0078586169009 7502.8615730158035
2890.114069014903 -896.6201560191665
-6510.963224298631 -6126.219069519532
-4332.410471097833 -5475.74616603574
-2544.511775139417 2790.0050806369663
-6989.771929568928 -4813.323985712731
-2761.722389846163 -2906.8026533956527
2017.4279670701596 7052.232211340417
-6409.70670727703 1233.0031157478898
-5324.131089026608 3712.68451602981
3450.6699033386303 3225.8197802790546
-2119.008612008368 5101.446976258727
-1475.5542525496537 11661.875092080767
-3387.140304737926 -538.7610559800481
-4494.899806058723 5320.001754809464
-3886.850385451262 1175.7727641016324
901.96402301344 -4971.177053063012
-1861.3604506579634 8431.056175811496
-6528.57663433696 -2489.984847838186
-2257.225487229611 -4348.106645932948
1825.3216729965256 316.88216537929134
-2771.4947035817545 -5882.999564715668
1326.7243386389625 6839.100150980069
1191.0565074294886 5949.783984627396
5102.843825822516 -2429.6374932603712
-32.33176211401404 -6418.579818429627
1647.594134493269 -1808.9659918211921
-3478.4256318229136 -5502.234669117198
1201.6576637525727 -5599.365358329696
425.8916948008378 -5865.005824067687
-3557.8285614197825 4838.225519561477
348.99349742168147 5347.513124284408
-1873.8200466667422 -6918.564916824643
3567.1273325034367 9632.564347267784
2915.790494218585 4930.4019757293545
-4558.312337386174 6117.222010512494
3020.4216394617397 -3825.1144346760548
-4781.114021547095 1398.0195792924715
-2574.467934484072 7474.047638471715
-359.6117888070327 3572.763485967151
2171.093329286465 3427.211064366551
-92.57062948857008 10102.399595702433
586.5447148991991 10088.404425034312
-3724.212947945432 -348.3420994904812
-6639.388866879083 -2269.646628371822
537.7621003245418 -3081.473001981436
5099.06181409954 -2618.394658402508
-2839.577846593494 -2003.3426575790843
4986.312655657486 -6243.907910137054
-4090.0678399241046 5056.5330203784215
-4449.2771014051295 11418.722198854488
440.3096827247881 11212.887998109816
2612.6774761239603 1244.4712017921465
-1217.3551523501 8155.411850464008
-4573.643418170984 10854.051182587407
-3932.857629648053 -36.35847027936508
5196.306573875535 -494.0501387230813
-3736.9142720007344 -113.93363981047767
-2895.543594498823 -299.7491482325851
-3359.4769600167087 -6069.8637338341105
-928.074923382629 10253.176602641423
1837.4128598572768 -5391.279710788998
-5750.348111377975 -7363.708963754791
4654.062663002744 112.34327732158162
-1635.2922525638915 4316.370929865789
2587.228672906455 1480.1588703408497
-406.03270223787695 -6231.462388168702
3160.5127307748417 4411.935573757027
-5870.284405423659 -6481.043235181562
-567.7648489409322 4019.80807339635
-694.8061439418597 -2887.346987495282
4461.100846256307 741.7007405522274
-1260.521701716566 -3989.768909710165
-1675.596328415467 -5326.386431947063
-2634.4574197126726 -5628.663430449554
-1475.991492779715 -7941.274519489775
406.04336492363353 5802.798823257797
842.6222837590947 9496.488724442826
385.67342831275556 -454.51423079727755
-4335.947545489754 5186.072031789937
-1358.0097222012369 -4485.775992489376
-1256.8668196120059 -3742.173969115591
5097.967514908898 -1002.8763762456159
3155.8590938528673 10747.959385555912
2988.3120872130266 5223.75007278734
40.93424200385643 6840.590750985424
-5511.193761673531 -293.17441399970113
4274.860470623116 -3641.26771831367
-2910.166533960295 -8381.652031180882
5240.815559594995 819.9345791924753
-1598.0922271385873 9493.655616467799
-4035.120380241388 -212.15051044845
1377.799312843469 9769.361121035268
-673.8693981909408 -5286.1540087305475
1560.9392850295237 4193.484336555946
188.7780164980441 705.0683695491515
-7566.179798203009 -4520.357815612078
-992.5459672588404 -9251.06032463308
-3555.5278031243656 275.21786282026824
-2494.339637090819 -1814.5135862136938
-5584.525086951537 -3777.6028165155844
-5213.9462802171265 -4739.797643967632
-2284.122902925567 9204.179726545377
2666.9279165477537 -4535.308215211205
-1746.5941901259241 -6728.985078504403
-5356.868217646341 4346.647132377032
4767.934602404217 -3306.6058194563593
-4522.780766291248 2476.7416933967866
4413.865235681223 -2130.472836438318
-958.3787003625945 4299.696581908872
-16.058308327708602 -744.9323754607246
1207.7466637599327 -4150.121803473128
1932.7346641762854 -878.3216335317954
2534.297486366987 5635.81309483366
1657.1452227650918 -3028.918063860095
4787.694352618842 228.0411679887846
-932.7317863682674 -4853.322803757274
-4765.683259426729 2507.696609349425
-2733.8326536394284 -8252.553192109193
2030.4318162784089 2467.9227992622427
1278.6789853709088 -3958.419273687425
-2432.3851719340464 -182.80092466269554
-761.0588041485694 5652.543884271937
-5095.165919240652 3866.111753269286
2449.8167155561346 3900.352826764327
3100.962109821155 -6593.11678903055
78.12030282869974 -3561.4966225868666
-3157.5892019711187 200.6170953624371
103.79414855745331 8279.562911738876
313.8053035345924 -227.44845994080862
1729.967631740849 3554.264823235795
-4108.640310738406 7247.792356324844
495.61526381259483 9098.292093784332
-5426.381755407135 -7278.499201657196
-1800.608886854058 -4853.852289288958
2555.514662837682 -3016.239009181451
434.9011014312848 4675.144112160268
-1161.145529223933 -6821.299110397423
-5078.039535417622 -8049.600460021496
865.2938459014679 -4723.0109613278855
1820.9988598206326 -93.40801052005605
5989.0012357511905 -1194.3506729912178
-4087.392776106883 3035.0548892166426
-842.3698636529989 -2958.3780295036468
-3989.570066420855 -694.5678572230794
-3125.7236622480427 -2785.3468853423433
-3106.9307897293625 6536.229147408988
4039.701175422422 -208.79078288657385
-3813.1196492564213 6164.915132563236
-578.6878472662474 -4292.663071837125
-1871.9616904909685 9990.214568123538
-5691.9611690219845 2480.1269854273833
1057.6210418866576 10347.283347287828
2864.510823587482 -3176.424873162275
4065.6484213858375 -5019.94553170084
-1071.703210138677 -9872.444298763969
2239.478233991003 4186.912096815748
-225.01624382218864 11034.62974770242
-3602.732271080919 6735.389309704906
-395.29227870851884 -4775.503835730811
-4045.769916699101 1645.292625996814
-2670.0868720593726 11487.260751104839
-3591.5394855139934 12026.600899343775
-6084.401378525304 1136.1223056203044
-2328.1094118577867 61.70699545667189
-1614.8732404121442 -8085.502181671196
-4744.013828631571 1127.8281828574743
5180.718539253422 2174.6170560469864
-5680.61276786783 -6653.106565689768
-3424.679720858582 3444.2451590985684
-1576.326786389266 -7588.266830878285
-2643.2261717754436 7904.319138117834
707.5008395730358 3990.2697427008234
5438.478775150484 -4630.261895699922
6281.8057985120895 -2525.313043629221
-591.9041662336555 -2484.5986805283496
1876.4334909044014 -2402.275148031109
-3131.9653802110606 4575.681881245017
4041.142792007024 4894.655717209817
-504.232391759977 393.84734769436665
-1262.582296277117 -5858.126036541671
-4076.8651242063897 -5755.643806211609
-653.5349415220481 -158.71964477889455
176.9295046789934 9053.39714376485
-468.59041498974597 7045.6502567775715
-2601.243310454045 -5857.182286400646
-2225.0721502131255 9678.544976083973
-2545.019740546421 9558.808156676136
-5936.927505126973 -773.8055806274133
-8293.453901996825 -5407.083947372543
3249.8426624780404 4152.565545180232
-3288.8784509572606 -2799.22879454898
5146.612852737962 -2136.745321234676
5908.60680357849 -3229.8130774326696
5730.2874857161405 3990.300416706846
2734.8811960866096 10810.924698059995
1545.3405516497717 4501.379396419362
5654.711542169997 -4051.0775767128976
-3132.44698025226 11063.902639289341
-1788.7690195767677 -2037.8107752985704
3277.5009007379394 -6183.465364016037
-3344.209563232141 -5741.776780505234
-2260.2802732712385 3912.0212034657734
-3139.6346650329806 3854.122829229534
-4248.995780562684 3664.3095106124533
-3610.162221867395 10627.153701583544
-5013.895521357791 5672.976981095522
-606.6759226096743 -4047.885862821494
-2717.5493753308288 -4600.566129673314
3260.9621893147037 8648.28155704388
4695.274746803736 -223.0237875224314
505.34268388807396 48.85230096016554
4406.323075835835 -4401.341557194946
-4841.052761532715 -3839.0840274410807
3366.519705639963 -5670.992072932825
1799.8078238837943 -5861.001975488706
-1793.3145361656605 8160.653497300624
-3337.210132612931 7678.495324806042
-3852.6759439206794 2934.162612097085
-3482.061540804687 -4572.186668519405
6267.005808187428 -566.2917378794846
-4232.474247577713 -3758.7787524307773
1957.0439427502358 -4378.265451546219
2353.7533053153597 2011.1113578032814
-1195.6756836610123 12992.937371838761
2358.6845352542255 6825.841883573168
2984.3312444221683 678.2031362142346
-232.434868155566 497.7876228020698
751.7816192846574 6787.773092578636
-1138.8980147327109 -4575.346124802547
-489.2984152741657 9087.758162818036
2406.804478959923 4942.266260521553
1109.260718051072 6957.10440889653
1138.2810261245459 11158.1286965088
5512.002937464645 -4444.544858402033
-1303.4539332863133 -6646.6771237924095
2339.600337889723 7445.382280089792
-4522.011716044181 -3632.46786292551
4535.330913135241 -6497.952548013993
-1862.2801466753626 6295.171818657752
3942.5521756816815 10548.512098118532
5176.192432792084 -5081.53748708918
2944.7782829810244 -4789.7649459465765
-2877.652871391507 12738.460939869945
-7860.370663513907 -3969.3644634305597
-2423.5947946179854 -713.6574788820687
-2161.131497831274 12951.325227375324
3909.6825544493754 -2849.799090662457
-2698.9884133891364 8956.896611943906
1439.4124135584684 7555.076274200034
-298.02091510553333 -6560.047228282851
-3104.8211299020522 5186.143386391204
-1717.7095334399055 -6193.2206264462375
4879.733905914466 -462.89993920298605
-5205.840159862958 -7375.183150661149
-1881.5776984777556 5203.027378146263
126.58465264005441 5374.768674250196
-7738.89156229706 -4376.86354333152
-4323.584249578936 5653.962057849464
-4107.736101282669 11811.149521438521
4975.921918975119 -3131.0987209140153
-4250.893536035168 1969.272316624963
-4012.3041127204015 -6125.052163893315
4645.623116799744 -1015.3710191044571
-1021.1674321078634 4736.605412176363
1019.5227001182488 5864.450316359556
4778.79909619809 950.351077095479
313.107923122265 -3607.146852649508
4794.347966842142 -5825.8473673239205
3645.375472169143 10267.201468612564
3687.2906033822255 1033.5642789712258
1075.6262139211553 4770.950126237259
-635.322405882871 -6610.106938127745
4962.374944528171 1932.386819168168
2240.0464859674394 9709.884154756053
3889.214721036623 -2454.2717408477165
3856.5776307220676 3863.1106815107905
4324.514480237097 2534.759923776977
-1628.1926695599366 11546.89165073556
-741.2698788683215 7006.061965636789
-20.50078286498959 10862.67242654518
-5798.865818734636 -691.0500165582719
-1832.6824065221535 -5122.17151263113
-7330.383648799914 -4523.324525873473
2585.201281814041 4381.063151965657
2553.787886949755 -4029.076613004577
-3409.1888688754884 10252.085436595138
-3696.249106526589 6381.56324535414
-7761.352529618634 -6316.0324411462
-6830.391450068939 -1816.049659472847
698.645166028195 4429.1035698240785
-524.2374449758673 7639.251748866697
-1587.3650701738538 4653.649471178893
-1764.4786697740071 5821.510298585675
-170.4172970692679 -262.0515275872403
1543.1747481872371 -2913.872816333606
-3919.7691092945824 -4349.366247191266
401.5550878234562 6303.586544551399
-788.1226994420146 -9074.909911672448
3325.158080046222 9771.911806921436
-1515.859502233408 8171.948987812204
-1372.2229985683277 8312.010479081986
982.0738648588886 -415.9795373578464
-2173.753701911799 7987.3110638867975
1020.3716857201598 3572.6973381494954
-6178.873874425183 -2466.67852175817
-1433.9909900362895 5531.750897859763
1678.9007759857932 57.26453721347816
-556.1877234687544 8704.923653293774
1280.5422636796138 8070.978182442719
122.17664143470725 -5498.98646654979
5163.816351314383 -3084.367537564007
-3594.403172008994 -2468.416017291148
-2125.6307458584747 -6964.093341505234
293.5497274033198 308.4926349814981
-2280.97171366138 -7198.623750697987
-1671.1595387068812 6641.250909208059
429.9019619426151 -5389.99087579367
-1013.7495062816822 -5933.24191219091
-8071.423375238304 -5210.250743096008
-446.0286261608804 10617.890478991001
3896.3817134967367 2104.2852861867736
-618.6326006401488 5346.646745982742
-3374.5836922493972 -3490.8442361126135
-3271.5064049360144 3444.553707523106
-892.1971829013555 11484.58583007834
4280.36041469407 -506.5938182383204
-2203.9008182171387 3219.09306869615
-896.7431093887046 8921.757704452955
3778.0670101199566 -6581.6755080650955
-1723.294405826334 -2187.4292955636774
-3018.041093021015 8386.889979620482
5628.3896142800695 1246.8988622595177
-1981.1477139730205 8725.334243751437
-135.7988895166016 -4053.1533060760316
5004.757687531056 -2889.702689642051
-721.5935906497125 10079.596099470566
1515.0400940053348 3368.4194283123607
2537.861160464749 9555.498526080488
-4520.683616072847 1573.453650837251
3498.0571498894346 2813.8531577837243
-3714.382822550718 5118.469748504931
3804.615754923061 892.0860768910784
4875.1540996282165 -4499.541006680763
5084.235265724109 -3719.947347849018
5091.012897314435 -4613.115092205087
-5242.7178494633945 4076.8875342487854
-2191.2277337296937 -702.9427654396032
-4616.637238827559 -5886.875657988493
-1629.7019680451808 -4988.949282641605
5371.7068114448675 1788.1444263201086
-176.69986790757926 4097.1737064602885
-2668.603428626773 11289.619936342846
-845.6393219315682 2256.679733633783
-3684.990916455029 2902.0756767720404
-2517.6561194894816 9140.151431450064
-136.42821164637678 1267.1988384384535
1110.6193155950727 3944.665118911608
-4587.520453034398 -3836.783977012336
-417.7241311940921 10160.049222023239
2267.4244588469155 7129.456308000205
-4889.8368226012935 6158.922496423468
-182.8499695713313 -3821.1908591411757
-4202.639217941165 10653.30105899028
-7752.342829940103 -3611.864496693702
1160.5450078653193 9731.11668222671
4961.781759367624 13.893449280394975
5738.324245284607 -3858.1569950271382
5491.180479244112 -3949.601278026774
-2502.7658625056065 -3700.729723701779
-6680.535035006574 -6632.040111610784
-2177.3648693875693 -4668.350206673879
284.1333355585308 -6579.098977872551
-7063.223387045074 -5822.210377157918
-3673.493524826289 -4507.773019415477
2058.5133005407247 4166.907612094461
-8005.801913995652 -5371.24473128706
5371.088336035306 1003.1238222002252
-5310.968333567818 -2859.3295539154738
5582.406393428752 888.7972322249293
1156.5527923986429 6774.626579611946
539.2855584771394 9343.840126180885
2687.3733152445084 3648.2180281829396
-4889.270436786208 -5781.992123234931
-940.3284542210417 1477.9009963249778
5378.512467448055 -4243.037573814223
-4629.265343209548 -2142.466802117373
-4647.119059869789 -6508.392161431972
-5831.5660612111005 1152.1977914535694
-3115.053038351157 12286.87738693098
-922.8760490460636 -6349.695482106789
-1859.0586134671753 -2752.2902380473092
2762.1904456098077 3131.484178033884
-4345.227518480957 5416.938298587953
-4677.072013257729 -246.1436042750855
-1976.11858141423 -6617.153382453763
4086.3107934931522 442.0491953766144
414.1818200881642 -6102.352391311686
3458.7117199882905 8830.790118040895
1525.4764122079384 5907.346863402176
-3784.8337498838573 3391.058883570628
-1232.638330426442 -4905.387096796048
-797.5489150398906 -4262.308354806216
4430.605807617388 -966.2602829180721
3212.0510929063134 2853.3245054201175
-2821.7719610362747 -2307.3887159934748
-5480.347840320928 4239.007038300318
-3073.5946254329174 12610.94480676333
1596.294092815565 679.8927478883661
-3557.491623891717 -3517.012123710025
3966.03274987736 4021.474951232989
-924.6669127608146 -6541.109285996881
-311.8865280220267 6111.192705580728
-3245.9566099564054 -6433.279006748171
845.7395680999979 3959.8847581625605
-2345.1886901214525 -3728.47170260251
-5628.745290806397 -7390.171553320953
1886.377685261486 -3137.592540878378
4316.848266861542 -290.8070624377882
-3491.081148339171 -182.63061349226848
-617.6130732230941 11013.43560624788
-6597.569830653426 -2914.005311774622
650.8228531121533 -643.1171491785094
4151.485699650694 -5911.082963499727
-1191.4141614717023 -8859.781232423547
3013.1740558636993 3966.0270749187025
-2949.780067362492 4631.310269097659
-570.5598407744558 10209.898174780223
-4524.049262150414 7452.841642834728
-782.2980732875225 355.5872125412734
4092.553511662361 10771.858592490518
-2269.1246725504056 8136.8862439043705
-3306.180532295627 -1477.7094124233383
5878.882824506272 -3388.7318179112954
-439.8217783003882 -6412.707098310639
-7163.963976639889 -6656.154359774895
4978.267775631553 -3776.616781629349
-3557.5342084047425 2809.644288796525
-544.7508402380109 11244.36663607072
-1734.5741804311995 9818.674525078064
5014.018203021543 -3945.294550661215
1725.0766409220396 7191.536598944778
2629.4041534054227 3408.024047119855
-245.53695265658686 -595.4248835079583
-4395.171679428426 6892.889959702804
-3605.635698984786 8424.99677384203
-388.02767057313315 11001.339093881277
640.9671841084419 -364.0024681102809
5035.7628772843855 -4334.539602311633
-391.7195669968866 1104.7918655435815
3752.8333093207693 3435.107067891549
-4022.450286885361 7522.240027613534
4975.201032127791 1222.7333786944434
-483.08841365233496 4728.821907372993
4037.7127930212255 2437.933492813756
55.86281993571278 -6914.388548053819
-7698.038044044374 -5575.160217741138
16.553609693657364 10479.405204311635
6104.285102320547 -3135.1557508948845
5008.023401901814 -2285.090373006256
5109.75632631379 -1394.2860932091694
-4038.602329284097 -978.7640536394847
4849.092632535163 -4760.316936652682
2548.8843131329672 4606.894339815688
567.345973743168 -883.2274698526268
-3098.4341505345706 11738.277026400114
237.71803366664645 10971.701018719104
4792.9582209548435 2331.305715249046
5074.966290521049 1200.3953414023629
-4045.48565839193 -6688.643870885289
-1833.356089765086 10769.744955987871
-1712.0122854677334 -2710.249994429983
-3642.3814370481373 835.0065619889598
5287.844694456633 1700.0800646930104
-2975.9641973308335 -5647.536629657705
-337.32437053375725 -3673.0794970877887
-3797.5911959685627 5980.234041904541
-3860.945860088356 10999.783164212695
4322.37710643085 -3423.0021016090855
-5141.784109455342 4382.189785724171
-1308.2053717465467 9021.909340214437
4390.308023352299 -1866.6122576175917
2376.8626813368132 -2118.4020688681526
2772.051333171248 10216.810943946617
-1537.0918412868052 5284.397521613445
3189.604275979359 9845.102332234703
-2986.0685445645177 -5945.394611039229
-6885.476402771674 -5782.796643879551
1517.745949009141 5605.5576378882815
-673.8536642824245 -9068.457804085147
-2724.9322825755544 8528.529895169102
1892.7514984847548 6487.699359912695
-2551.227574850514 -605.847861848632
-2425.9584570400175 11572.79255153096
-3788.8650421468906 4554.768859556697
-3371.1119929386577 4510.55485046754
-1282.8481210869495 -5676.234636573931
-1146.9693157421223 -8470.927706349075
3918.618676047448 -60.952600343629
-3490.739102113841 78.56797402920795
-7024.222603976634 -3625.830340650248
-1723.8445071991562 -3864.730804109737
3261.4952213072033 -6394.438751081624
-3413.739664392307 10718.91871962675
-3076.5148030562564 -3121.758601973633
833.6601228649523 6892.856613156355
4709.833146261655 -2951.2519882606816
-556.9618910268364 -5499.0035172140215
-2987.1895373277653 -7215.267415997232
-3174.594107824838 6267.555856783176
-488.30081232516665 9437.617481657531
3455.3220613395624 3812.852935344331
-2932.7717257254762 -2750.2447399898683
-4890.987157759091 10796.824783545115
1498.3755000223614 5038.981666421269
-7790.361416914397 -4886.114485698087
55.89969230544826 9128.029948877556
-4111.0246743180105 -430.03623920494306
3855.797140227172 4384.435098354039
-3906.186714032406 2618.6539392817194
-3857.9491467592757 250.48419177963854
79.29058949244423 10712.533206166552
-5106.897529404359 -4644.560637855762
-8528.99832003495 -5051.472918346476
3937.1628855600925 10077.4083172805
981.9251805926554 6808.885268852578
-2393.4987196426805 1565.5247505053728
-3153.7340208373234 -3577.9345230434055
17.843712584314204 7973.6474688283715
-857.0245152147277 2026.554394129427
1013.831308039982 9472.18497706324
703.6860807029672 5471.072747689023
-996.3745731211062 5341.622407886185
-1.326745735634312 7287.836496608829
2423.8064491897585 5455.128698015363
-4938.958217737279 -2670.4316683394677
-2476.1965694143482 -7568.675721407324
-3094.3741125925917 4926.895359861134
-4814.573409220951 10517.637663798163
-901.9759946663617 334.75849813325516
-952.1016869057677 9948.808832387054
-3309.4338572005913 5625.209378759486
-4502.605265371541 -2570.2464776319894
1048.2988514474391 6281.286228445445
408.08028897609296 -3293.048127504619
-6436.19553435616 -5790.467631276724
3557.2204966164436 4771.246268785637
-2396.840519788835 -3289.1396383942547
-748.0380528683386 11326.573621809182
-2149.218396258318 8226.66535835784
-877.8054044737097 -9568.816461139995
5163.066368232284 -5911.55319959232
-7126.588305265891 -6950.842284405211
-3727.195595980098 -953.7137714306074
-1979.1831020240927 7322.983714644343
-3459.437786096556 3996.523246631633
4718.006040484165 -1245.531149572648
2083.561502145473 -301.44621828694466
1945.0288645417927 -726.8036881739216
-434.52086201792326 7773.206080460829
-7954.023170062034 -4609.8600450741105
-338.6178292376112 3892.326927204892
-1014.3140810681227 -6883.275163838961
2040.980544940695 10466.232679699404
-131.55584561530017 -7039.575894928552
1882.1291785315711 -488.53695615682454
-3458.1657499255457 4334.656816485541
-711.0927458270243 9725.889756991297
4254.076305298084 -1770.4714320019657
-7431.075832095692 -6550.173357807138
782.6085155549936 4166.999930856516
-1975.901640149909 12791.273565279407
-4146.134878094456 -6181.006662447787
2199.24769628261 5940.81747650257
3819.533089715148 10667.163933657219
1818.8421717819617 6959.480133825575
-3253.8495343203276 7499.2187405265895
1049.561772346282 7838.25935978511
4606.678111330383 -1914.7120616546968
-5549.686517168642 4560.895582272962
1238.1205952941855 4484.940557963594
1321.5084357914259 5229.823379287904
-2051.9213209355707 12980.495680675594
-7799.192033970974 -5439.58212954879
1076.4551870859068 7211.27537889992
2698.4664221148205 4404.227743246
-4367.545981165861 11537.084859050769
-3070.7753946712915 -6030.181444450914
5665.0843452784975 -4305.73886735916
1656.5300963370564 -3542.5286232215617
4365.424821109782 -808.3581421439789
-5104.203282022574 -4419.06335951919
-4155.400929761392 -6508.924603492856
-3364.1271089817806 -267.3278752535796
-5337.630049299865 -6918.327341415346
-3856.773879923032 -6077.166591997842
-4539.142842342416 -6386.469239665446
-6785.864507592282 -2314.5979159750113
-1937.9004137172758 12292.846732901156
-2519.494351161649 12729.607015812031
-1674.4848585331065 -7180.05753164513
-2566.1693597231474 8585.46383496788
-4750.913189252762 2832.0253731196176
4713.404340536057 -1945.1351930824044
-2002.1066392537448 -631.2902952077252
1840.9512014877002 6774.848891415718
-5705.59426502414 -2760.1548220949626
4163.779221447567 -6838.278553545195
-4333.48223955861 -873.1171674336147
-1712.693798721257 5130.065548390589
-2323.5752534720123 -5172.716031260278
2171.087130141157 9531.547177804867
-2493.851356035493 8455.441008431964
2683.6962320368098 9965.667837245399
-4469.160395739355 1436.923283477302
1090.1641350108805 108.11756178819428
-761.6397321568497 -6482.745244638032
1060.0282056523058 9627.315169045156
2861.0619164443897 3412.741474827246
2970.4276393749956 -5006.218984561893
-2868.9515509757953 804.6285218947756
-3201.402331178443 5586.2024587922615
5862.814043476508 -1133.549766394425
507.04533180827735 5113.564939444562
3720.131097023277 3733.9628495321735
-472.9112135386565 6896.805822668663
-4092.536967438796 -4134.367716582912
1482.5202096399573 -5193.186243220811
3888.5549736509583 -6892.460206070012
-1454.8310251552489 -5928.013945150332
4106.12757925619 3738.8025615737915
-1100.3266643815625 -5857.913801490439
-447.25868323540135 5747.745990896414
-3813.4436291108545 -5205.748478086192
1566.4847082002088 5440.287797273445
2173.0787100056 -727.6347921035951
-3577.106867453482 1336.8701050128197
-5588.648132820125 2547.4507441985616
-4546.580050254806 1987.0906892551402
4006.5583896617004 -588.9021185111111
1874.2871230838002 7294.297702632889
-7689.228509488458 -6441.767151222191
-626.2676385173381 10879.294139391548
4961.453175196115 2635.243965235613
-4463.021747228233 -654.6629264377615
4718.490556578688 -7278.572509604716
-5106.783952837823 -2890.066058803937
5237.012949414621 -2785.265591322877
4894.15960427015 -2998.5418831097586
-2444.463267931353 887.8451093840499
-5844.069803528625 -1604.6297982835308
-521.9213224814965 6122.704553622629
-3969.815860685594 11737.510445857282
-2065.7038522126873 -6492.293221826087
-3658.0258298120634 3296.758873246364
3310.791203167419 10337.991454129133
4329.9595106282095 -2554.960776392838
3682.949118753161 -5242.561353570339
2603.7812329334615 10264.573660792777
740.320076118327 10789.897093386411
-1566.6346785047056 5430.002589348299
-3209.505284106603 11342.10276463876
-35.931327255765005 4328.696354999721
-3390.4224013416524 5329.5436448765895
-3153.2120359828036 -217.09068733884374
-3743.834220877381 -3866.5830161597514
-6782.405736344576 -2147.688618033118
-4277.584523973039 5784.249899404412
-3253.841528460934 -2439.5520615664946
-3756.9085520769454 3174.7001809008266
-1624.175379880869 -5646.835188268813
-3377.107077868468 -4422.8920806239275
-3202.367375418656 -6031.739220487617
-4406.326466981882 3855.158256373064
473.51595484474876 4342.8078167466765
3129.35820138902 9283.460883962856
1935.8935199362 5338.693203016972
-2916.365448049213 -5776.660334072394
-6369.169889033209 -6144.365261160762
-3775.0024364785418 -4164.898873666651
4301.394313730835 -95.83498881500569
247.55619751461722 1218.0980222099904
-2156.8956407737383 8921.890942193286
186.44972787727 8844.23894329523
-989.8319586822132 5674.631588593907
-21.449120937212008 5961.888884259582
4654.910078923249 -6550.476545484282
-3053.387903973679 -5147.644240926438
3318.8961401674173 4506.30765977284
-4234.976281332935 7295.27450526832
-4718.104151933973 10382.207063137517
-1250.9269880314198 -8244.185900152737
-7512.958231950368 -4724.127221056864
-2475.526138975703 7959.730267021672
-783.8002453508021 5295.27041343206
-51.15477218023593 4726.549408382424
-2139.1623278489014 9087.744998883409
1740.094651688875 4423.348236682574
1394.4944156814706 5575.487261954311
4482.182528712633 550.9289965706328
1271.2552131208759 -3735.018191151943
-1329.1750209029756 -8101.744910009703
212.46686071918083 9461.635534275723
5240.510032582375 -1337.1415643396995
1637.3112915151319 6665.002127124275
3651.276632999687 10025.311318077238
1153.5419009836291 1659.5436759056424
200.98194358005892 6851.026533868572
-2053.585578714728 -3842.890970710738
1519.8582452139806 4676.345538790673
-1221.2041303782999 8843.81524850368
3812.4349702563413 -2764.755404030366
-2698.9258617170053 770.7727631032703
500.80919311918296 10713.964221192737
-2065.0257520874156 -2601.885947252095
-1081.7252295686649 -4937.3799877250385
1876.6456649580075 9934.224387335536
-2531.364998190586 -4424.144875714337
3175.1057363332907 3859.9459330538903
-3713.9766394051844 1510.0998010258647
-2671.2630280783806 11776.207416331621
-2113.144371274085 -6380.187304312618
-6305.651415595257 -2344.9330713567856
2006.4537641902762 -611.2041995058885
3974.2229268252017 -3508.812106428733
4657.680537301673 -4845.229011725151
1413.7715088559369 -2905.072356779846
2334.0361504318575 -2471.933557843853
-2328.425034439987 -6279.006392709874
-1497.024788968233 -3396.5255296083747
1751.9509206685816 10473.339039251641
3893.3207742538593 2669.342386823881
-2630.560356148575 8771.978565681979
2499.990355594931 9711.38167435191
-3534.794926365942 3620.091843561034
4182.054850150282 -2631.9862686422302
-3882.12020488489 10648.934013390819
-3446.575143320943 -3103.5416039369475
-4006.9230197120223 5919.269433285601
3061.1016629182864 5075.283259201431
626.3399777050847 10666.238708138668
2625.584649776842 3781.6652641214287
201.19458956579683 7608.301727795331
2150.0012378307274 10451.978447360383
-7285.451436497937 -1631.6035559517634
-4008.5130484818083 3259.8471776548254
-107.68720661168392 7128.11660471492
-2351.476305547006 4137.330854158739
-1645.8843559290885 -4580.382019848221
-5430.50526771644 -950.543869017479
-1805.82674148898 -4720.482293117182
74.21561505182626 1232.3154676168167
4346.460719362407 -3926.1985088391975
3725.077574958343 2124.8882777733697
-729.7031476253732 -8903.350571091845
3868.9260582885945 -939.4640247853342
1423.5140715468208 -3087.421361475894
335.60891412497796 -705.8014835815575
-2550.372211872935 -56.11459597786818
3841.875677747771 -3134.4084458955203
-65.57183631412376 6675.200565002717
305.3812754301119 1085.3015227534659
-1255.278148921935 4986.253289627806
-2142.4325826506006 8684.257130434136
705.0275767065933 10236.6358524125
-2784.195918953599 -4158.353530933167
-534.0206233401661 5215.701373444287
-2074.9995608669683 -6666.324845701723
1097.7240134477897 -484.0114460779444
-3446.994560799628 -2644.657604210519
-516.3005584910509 4906.7860534119745
-7533.850189188645 -6436.070773526805
-3920.4486185913784 10821.084989038412
-1846.2994006785063 -7564.329883588203
-4509.725095918235 7856.9644680553365
302.5095518187033 10227.140188293997
-182.12932151120944 3922.502242727929
-357.0416043335213 228.1939887071137
-2991.517630981919 6740.207513385423
-2780.4562528471083 -2669.0644589537005
-7285.417962408023 -6299.699064882225
-4039.676195955535 -5322.835393129326
3930.1300347330784 831.7118315361818
-1529.5423841110467 -2676.2148705305485
-669.2231376595156 10286.365069597168
1773.61427526138 5032.491915609919
4929.8467567768175 775.3658552464393
1099.4259621705073 1808.3081389499503
-917.2856530367743 11292.430321302621
-2423.573934885941 3445.4472091874272
-493.69914675640894 3077.4545503428785
3827.855236819672 4844.583549117041
-2159.4740956580636 -5759.688069929134
-4141.726640361477 -5156.0666281091935
-4915.1494517947085 -8164.4132376497
-2369.7037491388533 3322.6406070849143
-2868.1654514547777 -6154.12040548754
1497.193623035975 9670.843548123114
-4254.83010432372 -5628.278704623817
-6101.0623164852295 -6428.149832139072
4911.637357847028 428.97393495527115
2725.8370774837845 4806.387249793197
-2371.185773446548 -2103.2656074635192
-4946.662878962523 6508.203973908276
4872.688915353286 1770.0596350500332
-4577.958877915354 6645.769819304609
909.4231586141057 6420.671394816657
4635.388111403855 2699.9057424298603
-141.94072480772806 -6864.336144079112
3672.442181306552 858.0263532346413
2728.706968684119 2567.742747569724
-6508.9840913716835 -2028.6502198225407
-1735.2611096976661 8559.774245788078
-2174.023321964836 11159.863814130422
-2676.632684525363 2398.281363842199
-257.1243820963898 1149.4465786300475
-5211.819600637772 -4518.65931304458
-2243.0949803539406 3475.7356612996064
3940.913155086921 609.0362715548943
-1927.2167037611455 -3104.4733268042337
2811.51807580152 -2981.519222547423
1773.5063765098187 6471.194363003755
4603.695408208997 2452.7601838610226
-830.2354719036347 13.161982839843581
-5323.217359630995 -793.5759386316782
-289.68423988630724 7499.34685302595
598.0481415460299 6328.223123134498
1688.3633192146924 -385.2982428148782
1662.5785825018932 -5424.987673365807
-3344.552309404228 -1078.2311225587232
-2621.023400080558 9357.471128628456
-2499.5952429149243 -6392.318423899721
4156.103138171163 -1332.4743220947107
-166.04281793279196 8136.603470471583
-4213.146924446697 6921.745745614901
-7805.779414654837 -4730.872841510352
1373.969670591599 -5467.247135664535
1860.7354741901481 10804.233682303464
-4128.385401848916 -5556.83508430271
-4035.168979945553 12012.598676340067
-2528.487887343638 11570.482955733543
1671.1163739604956 4564.363281037468
1368.6856861717138 5960.065613254711
-4320.801474610099 -4025.865611356741
433.34385824922 -819.4969801000323
-1419.0939076407578 4344.545488472052
5087.0272511137955 -1249.2499232522857
-3328.8600046694555 -872.2404036172269
3319.1651959691785 -5999.74088181916
-1546.944848187029 9980.79352604652
-2695.868362901138 8326.546821234077
-6799.8735239974485 -6964.394097705341
-1350.3365015910479 9929.567337030221
5867.579377237775 3843.0340918100364
-2989.8815624029576 -4829.961243293924
-8000.125944255062 -5534.782260037636
4334.916084677297 -4631.880547262556
-205.76500592550107 5595.159548715412
4302.371840134502 -6074.284126602568
313.80469399274875 6884.551796261106
1297.5958343572208 10841.43607190097
-2284.8120819804058 -7669.797263493115
-2871.7216178101376 -2563.129946823473
3490.176863350085 9474.111492365271
-2999.1212826578885 7313.940581060044
216.49623621196605 5632.100526664583
4857.529799060433 -1527.7765549772685
-4649.585425309384 11050.47829571241
3516.2534636209625 4016.887227116006
-5276.074308367702 3155.5423475617913
-4085.1806782907383 662.0187382101336
-2567.394262809871 -2005.8661454942624
