12.5 0.7064748335429705 0.30097662210057885
37.5 0.928652378418382 0.17970891021881755
62.5 0.6944730227967502 0.13313441042846583
87.5 0.21335623043879937 0.09568626738228729
112.5 0.05877182869328873 0.07937130906410858
137.5 -0.023723823779675524 0.06946355368709167
162.5 0.11151405642546044 0.06762341066437239
187.5 0.058570993614731476 0.061862186622084085
212.5 0.04807195684945911 0.057447422850797084
237.5 0.00384176197836969 0.053132296435611286
262.5 0.06780051337076753 0.05196210947336489
287.5 -0.02850738070643105 0.04748265523002391
312.5 0.005755609801263328 0.04660090352138318
337.5 -0.0035742190534520657 0.04428872950689988
362.5 0.021203950595224147 0.04336069068465863
387.5 0.005125516496721244 0.041761186655849054
412.5 -0.001730764408850588 0.04021997756691623
437.5 -0.004106999727613192 0.03929075660792568
462.5 0.021147428916339972 0.038679618484238336
487.5 -0.0006872356479874497 0.037117521953096554
