4752.792742466668 -5501.53282193398
2712.9978164366785 -2974.1605131738465
3335.204116354978 -2696.6389208791493
3392.418747456536 -3001.7662967215197
2909.078777074352 -3364.283078837046
2717.393941617616 -3356.783806382809
1444.1675481016568 -3324.2332738640685
1671.6961009826557 -4672.052275160354
1572.224354063315 -4850.741927697056
1324.5983609259297 -4631.612468130228
5531.134784581987 -4202.263056984684
5689.934409126458 -3904.7629620583316
5372.802653565726 -3704.0733388651583
5471.610878909668 -3951.5905249045118
5035.8413920277 -4775.019628133342
5256.3638817524825 -4724.598542747167
4817.70711332164 -4160.144224069872
4916.909751300244 -4158.617619902464
4969.10738586256 -3955.983953970097
5060.577859990106 -3438.101250390713
5062.987676889326 -3735.591165411748
1247.1846443808731 -3689.793884532958
5512.277709672264 -3608.7510034308107
5593.800161534442 -3373.00966366761
783.9103028767794 -4786.088475133757
3406.2755070444287 -1921.2474369406368
1434.406195912184 -1844.6681296786626
-141.30433089800843 1253.1234963469635
-124.58735049343103 2083.051259726026
277.00512201015886 657.3156008475806
2784.865867072046 -6751.534290560573
-286.2618268297216 4447.604717063625
4234.863626381124 -541.4707321245552
3871.019689605094 -6650.496380534961
3544.3417827704875 -5356.066487177722
3520.8021114785906 -5119.226595061311
491.99155116760846 -1928.4465864313643
3262.150636707773 -5443.62983525724
3669.080256955492 -4918.056145688353
797.0640403148117 -1423.8925982506237
3191.2449947968803 1138.2718682883344
3335.49466471368 885.5828017485372
3815.7437326502463 -3578.1221874224916
-1072.6706319947896 145.82738720003914
4477.384588780947 -4472.592920383217
3498.4970552724985 3190.2892723710825
4161.730759974401 -4203.202695890089
68.95672035455817 -46.52723098693125
4357.300325354404 -4537.060799010668
3064.1579657269426 1771.2515173318636
4359.362253464537 -4116.462465817791
4263.444517378176 -3964.915363650814
4355.866486530403 -977.6921502352513
4320.248194865841 -740.9692762703979
-318.51968560975314 824.4107611330614
4022.1064665533972 -3458.162761011781
3129.7225597046754 3012.8040155455947
3240.399139478879 -5715.472105880545
4054.09984807026 -3897.9749232931176
1135.8868177636766 -3082.871720963985
4233.966117085263 862.143144794172
1121.2820129566883 -2449.2425978841825
-755.3123992211013 517.7301958710634
3666.036506803381 -4415.455258257086
3838.281249678755 -4571.729465141168
1258.3608661715487 -1593.543576385144
1675.6430819795573 4095.3989184459447
3565.7752266969446 -7097.260523292538
3034.4116040017384 -6569.10998561528
3187.271785932198 -6200.661986221681
3454.744012701242 828.9315257326826
3920.0151293965123 -3837.360676763663
1203.1321600580734 -1702.1224854373409
1293.3025431096212 -1249.272014851586
1087.5794188532686 -666.600782907486
-983.8938323623019 1019.4276743619297
3849.829157808299 -4237.674528080461
3930.667350811222 -3993.583953559109
1149.152599743343 -2086.532654556944
4361.090043173475 -3587.735700518151
1080.6524437809992 -2234.0722272424186
1033.143420943191 -2605.0291294887943
208.9713691863193 -2856.562641547038
-85.78736186209815 -2927.2099343246473
-977.7729965665225 394.927569169736
-247.6404766362498 2114.5078597250867
3776.9018074969954 -6286.565621900453
1310.9525557041584 5015.601803361619
3522.8918310042627 -6655.882987587635
3698.9322185639217 -6241.439820426297
4294.30538983506 -3854.444339285391
4177.646763666943 -3763.8869664504755
3173.0979382607507 3916.699447550985
4003.6004098929616 -5410.903005614262
3909.5196862503035 -5889.204867714923
4081.5195129941794 -4831.033107894958
4131.375343502165 -4289.474592955677
-766.8878427871456 2130.1353476046766
-1071.4735846148765 72.47225786838425
-190.1344144359554 4530.586156007087
3186.169278007717 1900.674322896045
3910.6915714602765 1015.3008663413628
602.0839442360478 438.4245541234476
-907.3916681222037 -31.777585336877273
2044.9179713963765 2781.9108069534104
1896.8659618932602 3019.0691250745836
4681.13077372751 -1362.1915736874898
4508.542619853831 -1123.944045052482
4168.798648955779 -3093.5946972135175
859.5517573907748 -266.40793122210846
-523.5270305824774 4158.880888642335
4889.047425825098 -1901.9452707909234
523.5667938317065 6216.538716222702
-604.5227620970652 3890.2234039614927
-801.0683984061718 3826.7874077690067
5126.921654243409 -2616.1288946748423
4056.2304560332486 -1481.8559909510398
2847.65061687855 2009.349754728784
2925.940523084905 1992.3854421080703
-706.7174680297372 2950.2670304760186
4840.717666968045 -2204.7219927281863
4998.826891507013 -2375.0879567902853
3994.358677911028 572.5025633704204
401.8766259941293 -1066.2604676706346
4942.951509741339 -2410.8483605595047
3996.315397493909 47.20229676759772
3906.746794068152 -339.1168278601973
3993.3043849336614 1014.3423779576874
4005.9359747467443 1085.0654990271712
-394.8824604685418 3877.440084858683
4885.690347336182 -2097.707546909964
1840.2810833556587 3467.81987448212
4697.842161766257 -2108.5888189776338
584.4043770122369 -47.23919406670001
3807.5041678690177 -969.0450532101015
3208.5258963542587 2641.9886183072103
4009.339778983559 -859.0075205070806
-296.94203865865774 -1058.2102402113658
4198.705297145288 -1462.393699345026
-112.4608653039754 2237.9955991122392
4176.405456787158 -3050.073193471868
302.3006783006632 5398.349572726854
4256.809751077446 -2631.6620496948726
4374.947914851883 -2229.6152907060896
4201.437253282767 -2007.0194141114603
2667.315015923668 4419.324059299547
-52.397056425210636 6364.968541185393
60.370021805077506 3262.377795407418
510.6842651052317 -2701.0867788192186
414.77868377326723 5257.874807732213
288.6065768868478 5229.698862693461
-868.5448568614062 8.326913958570884
261.43512987468034 5752.511082198492
239.82089418854963 5989.965080984984
83.28072681197216 5533.004458199438
5.987527748660804 5391.054663135669
3145.2507830351806 2964.8134014774027
1666.7339742742845 4836.067877790086
1412.1514451776684 4021.2380823636563
842.5662676904245 3532.8999549616897
-961.5184628859148 443.1273848797994
587.7057926902318 -2502.2677449384
413.57041968167243 -2447.6606556435627
738.3490104264881 3803.287039812178
-773.140358234008 2058.5976747148893
-765.2702568894617 2168.0610462580225
625.9001490056172 -2069.153080893585
3679.9865561425268 643.6525897799681
-1101.8170691287703 648.7998205751369
3874.785282437846 2652.790345214517
2497.73251910395 5368.45350451074
3742.0732906662347 1921.5202333901127
-79.58231301581762 -1356.8080349881411
3609.7575819672447 1191.5525349708605
3397.0302807865924 1728.2937713965134
598.9767756799006 -1793.8364882063602
1469.697394235375 4091.3036430225598
1225.307122025589 4128.630223223463
3978.934069745848 2003.4896345758116
626.4227191023728 3664.2483383875046
3631.842128375916 1613.6563422571721
3387.4890175798314 4159.002410177966
635.6847216034304 -1136.0258590671117
3346.750083347853 2616.197590910839
3712.3691715078717 2082.6460059527353
-329.95532305618707 -538.3754978456476
3221.659842106379 3964.1739029986356
458.91667683989755 -1599.7891259897856
1125.2602476950635 5467.029359699545
-527.3640764955549 2786.365652444216
-478.3256987128614 3294.254483198901
3725.270684196891 2400.9863994302764
-328.7101592933181 2498.5709126751703
3366.8518877507895 4362.010277817378
-646.0899948069159 1797.2986716169025
385.11420241759464 3758.785935920326
521.6351968083786 3905.976781436263
3568.7822593890482 2745.5305325563563
-20.25091762990886 -1597.4571597518375
2453.22350458246 5031.643264809625
-217.0876356026468 4855.685152620623
3386.4490963447633 3147.2674115484965
48.56023928949566 -73.94068880208626
2093.121764044647 4680.220935680525
3145.5175875344735 2414.7726836712145
3225.671764055833 3649.5873209125266
2334.9138814468633 4988.896360700947
2195.0714645588077 4932.633767502735
3040.309873562352 2571.095980299236
3028.530201180803 3805.386008418281
2931.122907086642 3686.909949394187
672.3195602593917 -1991.4841849241345
607.4904154042247 -2197.2273782694506
710.2609800091168 -1970.3081180746676
3206.2650685749218 2238.126696949611
43.027764107354166 -1276.151305300754
789.0953038064767 -325.4594570817342
2235.685187169001 3386.748774307925
119.82159082092848 4704.668377922296
-113.10152198982598 -1397.53434190188
1950.2890830517847 3955.536932139448
170.0753632921872 4559.590361633394
185.22196593140993 -1552.1832555147184
-144.21696770238668 3029.1472939313035
18.74574284229232 4433.3332960384
-112.71191808782025 4298.387439528415
655.8903224174331 -1124.608550067322
2617.8425797394793 2937.008834976364
-332.8011688047411 -1089.0335913677873
784.3825771016295 -1054.7133080564904
-959.3313652658087 478.5067043972889
2841.6552394557607 2403.7719060022546
-35.81566264494163 3670.0575548075763
175.531307434412 3850.3561512646825
1170.6056253148188 5027.03752014624
616.6547361527013 419.9674960689604
2814.8742221480334 2702.942680683989
2661.4797132943377 3050.59375632351
2149.7933093807987 3723.7092762478865
1380.6462647977548 4693.1653713987325
249.59902921509382 -1548.997435274989
2744.2325985693797 4251.28866792761
2358.224579495709 4409.959007199143
2050.796854788965 3982.1364713920198
-232.47748069417892 3752.9615977951407
310.8479327445636 -1665.9679915855106
2694.1756322317387 3284.042096020125
2717.2195521229028 3470.999663400352
2425.3426271563553 3868.879618340765
2196.6877211521914 4070.7947520519815
1285.8581359889024 4396.0109888995
710.3443852303958 -1671.883858555003
2372.551803093526 3248.4299878496277
1679.7553874320952 4438.800703745793
452.5556778686424 4426.744420529948
2330.4037294993936 3511.9994664493443
2554.3413930171905 3635.2693759642807
1842.5788503709746 4128.700293437471
1875.376471179354 4244.547275623892
104.80046128223098 4220.555081935165
887.1739336870259 -334.079624177987
-189.8462615354646 1334.4286436194063
-217.01519305044076 1268.1551867973344
900.4934237035864 4658.1427140984415
-1016.304505886819 435.344719533727
653.7940373418741 4629.358339023461
480.8950229139228 4619.125116983831
-872.8797668491015 480.560498483467
37.92456131899733 -84.01065210271899
-657.0598634521176 1361.4596611908748
-340.0530812804042 1089.014836765246
-205.38276281115705 -813.744503581785
-547.2592852865387 2275.589706543902
-512.6640902999627 966.6304536061094
158.67084575808568 324.11912308988246
670.5983258290016 -1271.1085921180122
110.8175604341746 426.35972425504775
677.7509649295994 -1355.3547429018445
701.8078393797047 -1389.1751728479328
-834.7548801578531 1182.813616596559
-678.3881028058291 2021.303346272106
-567.4398095620628 2195.748657210676
-821.6929957327956 1735.076383719677
367.8112757883328 -278.2137589358399
125.25062032145271 -53.93682479148026
174.7449751885519 -166.30808334458936
-404.0632374682356 375.997763638396
-409.7680135153062 437.83068502373294
264.26776729483197 38.75043980046752
70.547015717572 29.790495803330508
-736.3453915441067 957.1238676475224
-96.43547853739192 293.2726074960939
-582.4985282512654 299.1147809068765
-752.1255013609637 824.111922679406
821.2996409918757 -575.7203994208986
10.644798200014037 -866.5919131690711
-52.25724383177002 44.182157378059124
808.6066405284455 -790.5321923796382
-17.342746940371466 -59.64612499059297
-35.317390638983 -31.94659639029304
59.267165009911125 503.77292568567947
598.8974452234552 -783.3072333477978
-220.07649965384846 630.8815171669387
185.05646798739895 -600.5630207141231
5.465130065059889 -529.0249174191327
-491.16043812658415 -112.9037687167146
-430.54806575711416 -21.931854690486013
736.6416798040187 -316.27458477358056
-219.78067228529795 -521.4370281988769
-668.8393484208086 427.8270055635189
-19.801535054650618 517.1670441797593
-736.5878693064443 485.559584363421
-583.9300020206475 99.4914485169078
823.2707655461143 -292.00049826261034
-336.12822821680845 -395.0315959560085
-504.75018866417446 83.78284671272988
-485.9209784623717 130.21731616806625
-726.1097854936324 295.23215648371263
788.533823471407 -89.96419529400838
-40.23884027193833 622.6214856891559
-526.3389734578163 -171.4267001653819
-696.8920196489742 175.1753207013695
757.4571048686032 30.440630610778896
450.287390644895 377.7479136242105
609.520075290643 68.27423908937403
329.8304512497394 502.35244874951314
555.0998701572813 173.65939139667677
559.7878582890701 223.3974963186876
-8.624362156160672 702.9582446159394
264.6356627033818 580.0928598253375
170.42940353288336 626.960861386832
1128.2844883998935 -5697.996948592318
-92.98077894126834 -6957.554479820598
-675.4278096857404 -6694.621735122998
-3606.34078181586 -5431.342800344144
805.2625144392721 -4360.6172094343965
-4068.100645439583 -4240.601584596832
458.3905241988061 -3277.2537931261963
-3624.224740117466 -4277.446186001683
-3773.012679598514 -4383.408394331911
-2588.5169122200477 -3663.1209956462517
-1247.8267978346626 -4643.156250327768
-3594.5418141851633 -5105.004191017219
-2938.248585613649 -3376.4371770097614
-3167.9037591122933 -3373.255552927004
-2722.505924943128 -3314.1014166657037
-2766.425928340222 -3128.1599951716694
-2183.6743019668597 -4026.799884606128
-2468.8065423963467 -3858.556278410217
-291.2597557395284 -7177.0586893806685
-3191.769036703907 -4601.217994104839
-3684.240486332788 -4693.549334576086
-1801.6798112099505 -7121.946408518859
-1893.3298409146275 -7040.035557214916
-3580.925153850305 -4734.647713610382
-588.4228611156984 -6376.6697476299105
-3336.639821588239 -4896.527133138251
-3391.0739066777846 -4791.698645880445
-482.99086754751386 -3626.5602929828906
-1537.9841979723578 -4584.669538627715
-1773.1020706136133 -4426.93171221599
-2878.635715167705 -4616.037829516988
369.9693526380033 -5158.622395743087
-2593.551892702303 -5927.6270107451055
-1771.470306462348 -5194.140925038437
-1938.2293745770735 -5042.338137353895
-2380.895795934176 -4302.16642758729
393.51615748359563 -4743.8212798805325
504.0794486624534 -4959.48566387922
549.3536431288749 -4761.849454385531
131.8609607437195 -3431.4000258193896
229.41647498370924 -4946.628095183786
-2311.278021696675 -4860.641388901652
-2332.5474902847436 -4577.994979705809
-2726.044215072597 -4553.0210163291495
64.17004393124621 -3244.902506160902
97.49967581312005 -3328.5636870762964
600.2880416665765 -5443.44901033523
-2591.6965839627765 -4245.381085197631
-2370.9463784302543 -4430.8036933067615
258.5824511483548 -6069.248165338728
-334.75768155420155 -4892.088236248396
547.9830196981608 -4981.243265912746
-302.68514824197837 -4170.771863373885
-2063.270080637852 -6957.912195902056
-101.23838643299813 -3902.109066883308
-987.6316718134482 -6027.679002240993
-150.93548728377246 -3683.830412093374
-263.33443933309553 -3652.1129839404766
-1602.8148066672102 -5434.153535608845
-1216.4701590538084 -5573.753696857823
-1406.0769043176022 -5577.459976318387
-3183.9110204287003 -5767.097338951405
-1065.1297109910497 -4550.395877302286
-1654.309852095704 -6059.768695283479
-2420.454281730301 -5496.485969787713
-1100.8492853541975 -6871.753242911986
-3208.3028526156213 -5494.315014750012
377.42101070122465 -5810.343922908877
-487.1155619036348 -4125.103348956563
-766.6676141453612 -4298.099639551473
-2313.5614281323556 -5958.84061937249
-2515.325219857059 -5710.115636816254
-2839.5512289129842 -5808.755481084333
-2976.6510498061884 -5676.764425099298
-900.203681466133 -6411.092414934284
-2085.1428081554063 -6859.165912463195
-1351.481081021031 -6331.922439634958
-1289.7801844307694 -6150.9464740169615
-958.6832546926108 -5354.999517648229
-1659.79041289122 -6242.920069734485
-922.3928350408628 -5623.203076106479
-474.7733738945251 -5160.901082443768
-751.5452121237724 -4801.400913612037
-1730.8238426870664 -6331.817053822908
-1957.1307356409618 -6516.031456362088
-754.5787530034535 -6395.766391250137
-1070.3435387514085 -6004.997425556808
-431.4005847592892 -4899.333208030458
-453.2271243095673 -4732.7336985964375
-1068.3834112941224 -4623.8692163115065
-1229.765692753597 -6552.749219200141
-2324.147745564073 -6769.1047739842525
-2177.633228350572 -6270.771475390903
-37.555581543054714 -5004.52880375186
-639.1372037971036 -5842.710001884779
-803.240394746144 -4982.514531806996
-964.4511115721086 -4796.1550603749365
-1504.0113441243197 -6522.365980081126
-1643.4855634936787 -6565.604238816048
-415.23753353092576 -5613.221029959418
-605.8461328172734 -5487.789816077545
-285.2978690179059 -6730.541112136445
-414.498120964561 -6509.623149506002
6.849993300075968 -6207.03864088953
-155.4621009614837 -6222.801493087525
57.0524126674807 -5187.720453832627
88.13123697334895 -5950.696472366002
95.06250719617428 -5412.480943795612
-68.96076405728103 -5756.694712014524
-78.89193609435623 -5479.471624870916
797.8265517745024 -2959.5400151460753
5143.241593749213 -1487.0712898340853
5145.397140048083 -1221.2143050260318
2979.1758601748265 -1133.4273648025885
-1215.4951275042936 -9284.148787003362
-1365.1067872438318 -8665.050850923473
-1552.5317195156154 -8465.907975980352
-1657.272947822462 -8299.72050767856
1467.8874293258361 -72.818985756028
1484.2782547488787 -429.4147252625923
1533.6717120065382 -279.5201222858152
1419.3527816289454 -225.0872569672869
1540.5162048906811 39.47399524066823
3471.7610248648134 -87.12422728268544
3383.224719260901 195.75019565371537
2202.865156234032 247.94996284741774
-876.6215194198682 -7699.943180932235
5117.541607954229 -176.95353729234589
4769.077856469239 -269.1040638624456
4798.811958005521 30.48315996533458
4579.733980158748 -705.6938361044686
1122.6075388222125 -3624.778039247785
1097.360280271751 -4200.1213118180385
1088.9585695878197 -3997.5517309135753
1088.8540260822997 -3876.605553273695
221.008751389227 -4352.007444580447
454.2373761227603 -4060.3395941862655
668.9000209699874 -3606.4108138436786
573.286626439514 -3860.8258547561445
-986.1439047880236 -8753.995089667731
-1010.891954657006 -8549.766537801483
-1274.0676334229763 -8439.69729542539
-875.419829294649 -9150.134947968605
-855.6673479729764 -8724.787881308437
-820.3054861353731 -8665.053315466384
-1577.4693941650432 -7039.159761425927
-1583.4897127380582 -6975.638385270562
4842.674253205337 582.8354444187449
4554.277386462279 505.1618016614817
-109.65327534329575 -4543.715103373514
5448.948504920624 1633.1998491752802
5348.252498324929 1441.6327639375813
5260.5287999751445 2015.2757848454828
5131.369766819426 2194.053650239984
4811.0787446334825 1129.9082787875868
5610.592267691799 3607.6951966035385
2388.880193610774 1907.2008050523657
2354.1388571243046 1972.2492153809098
2217.0053795232548 2172.4300152616725
2090.116640921425 2331.8489348210237
-3535.4311917161913 -8076.949177658581
-4927.300173588211 -7931.608820060465
1366.8705797715377 2037.4239369660752
1349.002982437288 1616.5737854658707
1154.4666911083893 1657.7240257952622
-3170.82435070131 -6778.108464637408
4170.381044538076 4614.888367029855
4173.166352026034 4757.918863748186
-511.7575098489178 -3000.992110742208
-901.2692048264786 -2809.665456751807
-1314.9727757794374 -2691.791818405365
-1173.3695076010385 -2745.827720388215
-1099.6705174125375 -2820.434468074486
-749.5061491535396 -2989.4615681096748
-869.548879648993 -2967.6030014328535
1738.2512362970854 2524.5245802864824
1676.686582970634 2597.444941341849
-3918.3869749541723 -6354.094954104216
-4688.100826161983 -6153.36503051572
-3859.002092217862 -6447.1014853368615
-3623.2117779641635 -6369.173900953755
-4240.370374068823 -6355.625209731755
-4497.126172765766 -6293.1886256005155
1270.6652414522362 2819.9970967724316
-3927.279585671752 -5858.257698665888
-3500.47637773415 -5937.222923510394
-3701.2066255252967 -5825.602591491942
-4163.631194711586 -5867.8342134725735
-4263.0792964221555 -5550.845037653262
-4055.4551094034587 -5806.449370532283
-4151.902309105599 -5698.677250585992
-7225.45833797781 -6672.614349836766
-7131.779209624256 -6830.08373260205
2264.913951299528 2382.2348308142205
-509.24296026596915 -2453.4463582689327
-579.6443567286644 -2549.323433071871
-6455.850357046964 -6201.463594495715
723.5946476408795 3170.3678414448987
1128.6200820461825 3368.083690686704
957.9987925137867 3223.9874323620365
517.3268666634452 3193.780233025059
-2954.3219611638224 -3887.754476517461
-6045.710154370072 -6157.176505015269
597.3376010129062 1802.7606596941794
371.94302091289643 1693.552455793704
863.6672315993687 1709.16037236647
371.18647482195604 1938.922579131395
474.15906872877554 1719.5158994714438
1605.4184860788898 803.6367894919496
1459.3610146911417 1241.5867825047496
1056.2103632617666 1096.1927886842054
1048.9226022289015 1308.2706869686926
943.0511126036905 1448.2959699006585
1229.139655847862 694.3499299959566
1164.1912075845426 956.3041078583444
-2459.6870582470897 -3126.6662647945745
-5513.589289590633 -6244.5688402938595
-5353.203762038955 -6280.620973691998
-6940.329974632973 -5777.330404233708
-7724.012099462589 -6134.818446710292
-7795.057716124601 -6077.6466935636
-3198.4801186807404 -2951.06847279382
-4954.638355457671 -5511.91997374908
3101.5373480642597 7260.063259547977
2802.364333489937 7252.7997862595275
2560.3723788565026 7284.015111548953
-1514.5198226468012 -1578.6492332588616
-2010.3996434448604 -2130.410633368651
-1905.1641658836268 -3587.208208767248
-1788.7542440625496 -2916.959138864088
-1502.575019444083 -2259.4140286225943
-1225.117678770488 -3662.932095695347
-1306.1256671897872 -3907.277063530516
-1479.854109861497 -3595.7703375280657
-1585.3843215654263 -2438.13014828268
-1682.1934006353056 -3461.946549780114
-1588.5295932986257 -3193.798793954634
-1781.3134956796057 -2635.108162994704
-1989.5409961713506 -2567.3525324617685
-2126.043114317126 -2309.0186920917563
-4471.8801364957735 -5277.249657026892
2821.713353306847 8859.45885636416
-4755.272577044432 -2056.3426143392785
352.9338629677694 2387.738124702161
205.73100950520907 2326.257115171757
-4264.924017952207 -3050.1489072110076
-4443.3563992875825 -2979.2626342922304
-1852.3445345060798 -1961.400019634438
-8319.231259316977 -4394.180788827663
-8585.50913629696 -4716.46609014515
-8052.6976818408075 -5085.243358114123
-8180.864722320025 -4847.565645877194
-3379.0772335167444 -2051.702915598296
-3150.951104865503 -2389.9382879643904
-2803.4068112828945 -2646.6027184932555
-3002.817441607808 -1826.3233118466067
-3065.2357404506133 -2179.67968797022
-3362.3533184928356 -2011.5518948989422
-3203.766660210075 -1869.2200814954172
-3311.0960409831923 -1667.3930231447744
-4746.668565116079 -3115.1277266756165
-4812.665689053928 -2817.871865789058
-7863.701016507478 -4047.527917805332
-7715.441803152904 -4105.922056310259
-7794.950947026631 -4005.0091554502137
1758.618705817079 5648.505994772832
-1470.5102893623923 -1364.5124892614629
-1786.8476212333308 -1214.5703204546844
-5844.661314930518 -2411.773335264849
-7277.953342080571 -4301.4332034494055
-2794.2053951648577 -1082.0900574172185
-2969.404920046416 -1005.2752984265578
-2566.926541589808 -1728.9900935390294
-2433.9092407169683 -1646.569938719444
-2723.3604351616136 -1157.9534091725209
-2642.6895370353714 -1413.8571410082827
-2785.0770657629428 -1585.5476330010047
-3144.7757633170627 -331.15213471483196
-3702.3314657056803 50.016664524362874
-3329.652999697807 -245.89002212092262
-3466.190990095668 -11.590875805571345
4367.130303783366 9923.041060519365
4339.425060936634 9871.579364647727
4369.455591766922 10163.62705380703
3889.194799544776 10537.331659774629
4146.299987482557 10432.241962030825
4435.012069446218 10395.233420997032
4337.393262670002 10517.289546787679
1211.5070325272648 6695.429092215045
1178.210649102986 6822.360362823333
1025.8078262907013 6911.288092266376
1122.5297632628165 6851.171512062722
878.7678972457311 6823.740820115758
-4980.039334955862 -2405.2595605299502
-1524.1711864930735 -980.9677369232993
-1955.4344472482792 -684.3129745115169
-1617.22935968966 -864.5234601361047
-3730.8306895223272 -697.1932135362629
-3486.156618292589 -834.919813350661
-3243.7015627274636 -948.5919870918658
-3348.9375578142444 -1001.1088682326488
946.5696171174716 8197.905246641249
-2565.1495581155173 -444.0923948348616
-2395.3217787911176 -352.00030014245897
-2492.9633440345106 -706.7736839916239
-2495.0209406413173 -593.9629815528106
3655.91011114151 10376.88043897338
2624.725225665617 10152.138160557117
2229.1247373953447 10305.631715744685
2964.5407031772534 9628.581261458501
3507.6197083965535 10278.506754471699
2805.2042907338187 9488.747064154937
2440.2438077128854 9464.99138200458
3087.4533555561347 9880.287388838842
3839.960711308752 9448.250443287967
3340.2274166554475 9652.640303589416
3258.552856289228 9773.784129523385
3396.4577581527624 10155.418643765806
3781.7624292776895 9502.374916168046
3573.15095814092 9607.4668461578
2470.1467991215463 10300.486363484815
2704.664201125461 10195.253370805429
3076.1846627126406 10168.902189509985
-5302.570467179856 -668.1922816421529
-5205.2162018902145 -778.6897618145599
346.7738617618067 6910.5865907618045
662.4741073064843 8695.581375785017
1116.5890892000978 8733.317366221
596.6208641802336 9200.505709008243
1530.7386736683645 9610.662314425299
883.8211468533444 8942.008752259093
1037.1701468245226 9279.62384057568
1243.6350289838983 9308.333419360133
-4074.0193391637495 -598.1420837166961
1081.652708996877 6342.727384101253
-2031.3407817176362 -233.88460695271837
-3220.8934516005593 204.87082619445687
3418.291505710074 10562.864906288669
1363.0481794275922 10231.049774131865
1619.4985535659 10277.85247803237
1140.9007023340746 10432.981753637821
1176.8362071051235 10447.767084537478
893.5370910410027 10442.414959544785
1212.4945443966524 10169.441415482153
1339.2937009081702 10342.615773276055
116.04864318292826 7635.054034560688
-2177.1504295830327 182.5581371630519
-2825.9065029876797 1013.9651646566648
-2533.3050259817446 1014.5220157214255
-2488.2416721099135 69.10362156170262
-2764.414313891652 955.233694038713
-2703.2179766982754 886.8390683443656
-2334.351721926212 265.57084743083556
-2717.215914816046 1375.4914370463105
-2649.951811490755 1462.834812402434
-2463.6627841249906 1676.941755723362
-2543.242396792528 1808.8736095879017
-2403.2337363635884 479.9732555651322
-2503.6823298919912 657.0526420555648
-3453.0148381643844 1371.9838486925776
-4421.932220677708 1235.1632395668726
-5750.968573828017 2755.1362421104354
-5638.239436298945 2758.145080849431
381.99980599627827 10641.515983681806
-1325.1223833564477 1280.2907490639686
-1265.5596985015725 1546.3012914499823
-1331.3583595830623 1268.8695968339694
-1237.6654854133578 1312.301605594502
-1082.6619006602762 1772.0032290806398
-1120.3714140718555 1683.692813003191
-393.9153281487088 6797.915285597775
-4978.697061804319 2166.442355086008
-4986.1946617558815 2300.1290813150777
-5128.453577530503 2452.5370808360876
-593.4352215919682 5357.701884808943
-520.6106080420034 5361.6739478931495
625.356656090456 9899.523599014192
-352.2402875644671 6352.8734236367545
-1345.9536865323144 5165.980592634251
-1025.3124212131936 4887.43007855683
-925.3448925120554 5217.979782207099
-1641.4569984141533 6422.749304560977
-1652.2515038420652 6082.868535079389
-1653.1187848828804 5725.407235761956
-1758.9766084921582 5828.2337420219155
-438.64815920186356 11502.888676559274
-5574.81928946237 4213.551249301512
-5706.988746300684 4242.302947817985
-2083.819967079378 1978.0299931067877
-1981.6405021258217 2421.4099139519235
-2094.8990481308933 3173.188028658311
-2133.3460968735103 2292.7717672542317
-2291.190830803775 3209.500014835899
-2353.6767501416657 2897.880214247411
-2581.999116542436 2251.0808181254088
-2698.828564909295 2534.7972367055313
-2626.1502228648183 2777.299402573892
-628.379676905845 4533.430868827834
-752.0643553467942 4549.338677914997
-1165.57830334497 4372.081171285184
-1488.9272870440984 6782.197655130067
-2147.1863232051196 7556.046256254523
-2190.1677732493376 7450.960832259758
-2746.1879635259193 7579.0552023914925
418.2628794929697 9595.48933117833
-2331.004304206474 7701.4447880837815
407.70485267984776 9816.086809415885
-3051.3058470747274 6320.936823783113
141.00829500766775 10028.311524272462
-1504.043955287901 8035.3403604168525
203.7413887799388 9835.156027699273
-111.62919455232321 9974.800027048263
-2126.763684112601 7795.1081365047385
-1878.8303665198546 8160.7399105216755
-680.2054676227967 9870.029072710717
-1484.2117340862399 8196.86784021787
-2646.0570883283153 8335.446188102647
341.54394666471967 8919.773428097873
-485.8477372389319 9654.509757521068
-510.17895770856387 10023.484709811079
-597.5074203179795 8711.823482821968
-3046.338097995537 5977.48625845632
-1809.6063077206954 7258.375031639185
-2423.991150920863 7425.238335102419
-2741.3812466464174 7003.8768015752885
-2933.243437851521 6582.759704950272
-227.65557813171787 8800.787554063325
-416.6509760033036 8799.135203395188
-1226.0982776508276 8645.202590387882
-1283.490589683258 8653.648180282666
-1511.7232201797092 8311.717031141801
-1486.014964107243 8398.195173839278
-2621.3215400822605 7659.798895493691
147.9133325504134 9005.890148417242
-70.94045277337108 8992.679476375022
-1034.5932088546972 9830.585137801989
-1805.2075348264102 7667.49225163571
-1893.5103792191098 7765.311873902475
-1864.2403540091914 8291.118749951542
-2445.501397997107 7933.1727923804065
-2479.3290316210514 8023.7596888907365
-516.3408861196469 9177.844941094529
-1982.1890757924643 7963.2738022532885
-1875.0451425301944 8061.8860804380465
-358.9396117161282 9058.485523034404
-954.9530375700194 8794.334219598395
-674.8958717622143 8967.59394075907
-457.7799413868916 9265.419749000832
-720.7540149424032 9122.381596427285
-972.4202822148332 8989.251845732753
-914.4105841906259 9354.449904416477
-826.781482528879 9194.143034553776
-5056.366211264862 3484.1569823527802
-4079.9200544516398 4920.482472250633
-3935.2308476328517 5006.57414347446
-3103.6356166713895 3368.652402310468
-4468.574766560089 2176.686258575079
-3932.263914034973 1124.6711232260056
-4230.716797587859 2295.702953432508
-3988.914480567763 99.95638655554018
-3918.0439636850306 651.7811690613845
-3627.616677774829 2404.0331104041575
-3702.3995584384274 4935.86100371694
-3671.049871737296 1127.8527646764362
-4261.761935169993 2531.812738300667
-4393.291456303322 2780.8070657516364
-3529.2305671292056 4910.812791695383
-5042.8442775198755 4067.1179155002765
-4719.239225467938 4387.38354609661
-3883.946471458463 2208.8390761872774
-4088.3847797412727 3186.7894496143904
-4721.319629050667 3868.032335083416
-4424.352214595609 4186.920410659941
-4547.40980030447 4329.516186556614
-3407.342061343224 3110.4692673024138
-3384.7354056543522 4732.2824599680025
-3966.8113951121527 1451.5308475424833
-3896.682487514296 2753.685065800583
-3963.1646538314676 2998.623732533105
-4581.834589523851 3917.3296997371
-4729.684280608914 4061.197761837608
-3381.20018238923 2853.119314969728
-3510.2055946441715 2775.3043186241275
-3953.774607503586 1818.3189612128444
-3921.203906447322 1520.9988098040924
-3166.8170138274727 3289.3864834920932
-2938.663136384371 5181.6641277505605
-3213.700066679222 3464.888595120738
-3318.608244310176 3862.729699642693
-4160.647998078026 3876.2928331003227
-2989.016041372857 4922.0652911197485
-3576.6787330301604 4166.158183471759
-3185.350286513255 5159.333631939892
-4004.7859128013533 3619.5500673987763
-3890.4290791192693 3931.7434714294372
-3175.897800231218 4754.830955347945
-3309.536039558319 4724.365558880455
-3070.9386809898842 4488.507428608048
-3244.8964167744784 4334.24172544936
-1847.0155618280212 11609.54288501275
-2047.0589263338554 11617.79459022057
-1732.0947224052602 9880.890366005717
-1610.2459740841487 10028.565784143522
-1728.4595507616823 10117.577534247259
-2498.102887528623 11346.001532114966
-3068.4057162004806 11602.073279793556
-1550.534090727217 2300.824277765701
-1421.051583641495 2192.123086916636
-2301.0111527367203 8430.624351933435
-2445.892495029222 8569.901919886632
-2498.1791296483902 8782.365435288353
-2473.615408960308 9053.348083141545
-4854.395185985226 5381.2041057904935
-4514.639244735416 6581.444760391928
-4641.885781869583 6398.278474418416
-3738.708665287278 11741.400827374277
-3863.596911486707 11262.451496392732
-3777.8580251462454 11839.791012884803
-4463.959083629027 10784.27751505921
-4572.307325085326 10665.44251097091
-4506.27588508674 10593.682935854458
-4183.736286244148 11340.17152528614
-3929.2122752966507 11469.681832962622
-3929.473933880511 11696.55445725761
-4437.998382977992 10774.303165899782
-4256.024157824127 11057.04355777903
-4380.458466299316 10857.296887018281
-2116.765242375966 4442.924619754017
-2310.3599493783986 4243.563503890593
-2481.779539723486 3841.575763343301
-2323.3131894679364 3755.1740315619254
-2822.3191525687057 3493.978973002532
-2020.0092033507128 9851.79392582998
-3230.0297691040196 10992.179620831106
-3125.6837609892027 10844.458229225073
-3273.787297277575 10440.875617057156
-3182.9882878778617 10646.790084515003
-1596.804352252231 3430.4448048729373
-1599.3174140543358 3049.58186547058
-1617.635427439305 3126.150843965986
-4479.615023538989 5460.922906414846
-4228.9073962556995 7778.2264941193525
-4290.059048812758 7581.714087646431
-3511.5797538098 12166.551082143798
