-5290.205655270944 7353.276989527221
-5447.4884906815305 7510.073482454506
-4641.580436736067 6994.951264415509
-4972.445084060654 7238.539170675389
-4805.496535622702 7306.548338743335
-6583.822537275493 8485.160030167586
-6136.216018448209 8276.461027830372
-5636.889123330767 8218.850508344998
-5346.332920755686 8000.211561160973
-6244.224109944921 9173.01352631275
-6319.651525471808 9139.118730481567
-6504.747430167352 8785.668374594763
-6483.041481408574 8877.003269960373
-3760.434980960027 13444.702314745686
-3392.1955195375053 13472.368472890386
-3143.2235702376997 13442.199621927752
-7424.51805182476 6096.481872559679
-7361.242090243241 4998.989941658702
-6618.804203383327 5183.024647455976
-6875.219409950981 4950.858900432464
-7769.521450696204 5740.035992809393
-7239.45542173286 5163.759816256351
-6906.940044807176 5273.460249792967
-7780.4056366362065 5938.35823880313
-7713.472950210807 5624.540703907015
-7495.29132791148 5233.774439814877
-6658.0322641858 5006.512228498828
-6500.475962292014 4846.985497268533
-7733.688816114445 5381.2759095785605
-7513.245635699766 5285.923523089425
-5898.405295897465 6198.283907441775
-6135.233458471589 6204.609922411382
-4396.579719845188 5695.48819510499
-4577.884319985545 5831.096048094741
-4874.7220614299695 5726.597721525242
-5744.955991537088 5728.322131622325
-5325.411586578467 5830.451562491458
-5590.835070469588 6147.948425083762
-5982.172587346064 5603.003645402211
-6145.378010911593 5428.790831401083
-4699.561320137546 12747.917860498537
-1497.371641204823 14524.240210327975
-1425.5734723404198 14711.71990315256
-5756.65632313227 9139.309179094136
-4390.745989590998 13164.142240947931
-4658.412712005668 13041.663965992298
-4501.917196795989 13269.96647627316
-4444.877587433118 13361.643380091333
-5901.983363799718 3288.43204460103
-5968.583207019108 3191.39391221623
-6049.028903994345 2187.7649724594453
-5866.4402671505595 2721.048094763255
-6149.199571842037 2706.67263256499
-6244.137541803341 2468.901680491115
-513.8802683299278 6484.390891207641
-2674.266256008861 9113.062766770005
-3059.252169302733 8043.544196881968
-4118.091766808265 7629.040799475327
-3075.2582354403066 6507.274203424076
-2931.299636736976 7531.727338997293
-4181.424525059954 7331.909071780762
-3846.4672714488797 7266.355375332267
-4139.279991777763 6460.43468678378
-3065.7260850511284 7706.024100355054
-2964.950693179018 7460.991245465501
-3848.753325453473 6675.414756483708
-3500.226119393339 6613.086391500913
-3979.7800750267716 9516.741212193603
-267.5658439281667 9081.081905819867
-136.53999303707394 8933.150194803518
-4407.252126169152 2305.955350287061
-5340.071097238325 2970.7206158116924
-4718.478357277731 3067.372344454911
-4957.665863785975 2958.250946255948
-2541.8927411094814 6156.602770197534
-3021.1699875318095 12284.446646382463
-2322.449446107239 11052.61645591966
-2854.731242809571 11289.950611351444
-2317.069391909991 11008.409216218814
-2608.065367425607 11338.262323969468
-2701.3297869747853 11791.000975822906
-2636.517206687333 11747.068395134269
-8124.154222923365 1203.3521995017306
-8379.174313441228 1121.6999890718987
-4743.57716556646 4281.484072061096
-6478.3809883983095 4196.566815991109
-3541.642407098342 4815.487959910321
-3832.1552792171838 4580.677179427914
-6046.623272311907 4164.915844357472
-5667.566211398353 3944.7253594270674
-5361.684062664183 4029.139463999379
-5070.702756485909 4103.109948200489
-4233.686020800418 4317.964657108817
-4831.13529472307 4337.971288626791
-4504.158727112061 4281.3413665299
-1929.2262845313342 13098.948283685737
-2276.3431006615424 13428.129007557416
-1898.3151467229786 13370.544835222547
-5609.426210481803 2116.3298024711894
-5811.848597449693 1717.966135351417
-583.3540503845755 12314.939842322683
-512.1813706974009 12174.855706273345
-224.623705625747 11857.607949797157
-905.62242173006 13200.396302455378
-801.0771531707612 13063.595903156567
-4309.72336932773 3022.8235239918226
-7717.952969123601 923.5589446227505
-7593.809301813053 994.6848189394265
-7751.869255844709 1046.3119575775456
-7209.519506284208 897.9149761827333
-7459.336161644108 693.5731904727927
-6904.070537758653 999.5222460592646
-6985.914234765538 611.600811241203
-6968.100128421136 626.7408237869437
-6753.952718717845 1265.4919201152843
-6383.958995923777 1536.115047940597
-6487.071280912525 828.7445455375034
902.940471661212 7525.7070030898
1043.4045983410451 7235.004227773277
542.0622142045165 12799.698152805217
523.0865170583678 12559.576629158735
-6054.132792334595 640.7529302628551
385.71452078419094 7629.044149423408
379.23259727927575 7417.517951787142
260.14487590444924 7713.874253423005
86.05530921216739 7934.591587198542
584.8939496789707 8523.82963526846
474.84019536188134 8539.11566310195
643.5701677938084 8294.277504458794
-7306.642025934582 -1500.6857259033577
-7318.051350847532 -1709.4256844805325
-7240.751441820557 -2301.935108706438
-7330.020206988027 -2443.9925665793035
-7340.279082847028 -1978.908670767492
876.0954583789414 10696.190425605013
986.643830683562 10528.560368189732
-5594.567535979287 -1070.6771690335224
-5700.160734361668 -344.95128482862464
-5584.17681021044 -1147.1410984157587
-5533.614497506242 -1410.9790178424223
-5585.722974490158 -824.1894025396819
-5978.419533678094 -406.32113031038824
-5975.201425194059 -467.6167862258261
-5732.540558992591 -630.8751656613804
-5173.577596191222 -2729.239714364359
-5089.338817641741 -2060.291055803411
-5570.588217931765 -1868.5591132007253
-5378.682097787267 -1938.866617403159
1166.2838232277818 7628.938745126537
-4217.424664066221 -4047.7365081753514
-3942.2166715885805 -4091.873302217206
-4114.680603885476 -4045.137419993772
-3774.0596985512952 -3831.7488701326906
-3741.76349269434 -3998.418101485391
-4761.43792465161 -2803.2575575691294
2419.2373577971425 5343.593193471435
2367.5514057344103 5570.07499897302
2436.363036278713 5248.714018731751
2483.336490780022 5152.077141888249
2530.9142711522863 5328.84489019296
2735.354859529769 4889.721542730094
2646.294906306501 5005.501649338586
2745.5939009735 4880.642569888772
2588.512370237779 5001.960922479573
2505.390072169532 6915.717702920746
2639.0600178183217 6672.772616824004
2165.333628289977 6794.213669195923
2688.4199842700136 6419.280336383165
2796.061317092064 7469.062351519865
2463.9689018484437 6387.088192754967
2735.815690126279 5848.482760991679
2571.171451799993 6082.693410900763
2776.7422907728005 7210.091015808991
2672.037556049222 6962.742264291132
2151.9800880833445 6635.172948690898
2232.2486308439106 6329.463878303816
2380.1693508123053 6503.853185859749
2601.3939271165978 5857.454516446631
2422.6470807564942 6004.677836920345
2451.7478298660058 5819.020137021593
-3694.8202321556314 -2349.524210736449
-3767.9621715059843 -2590.8215527985717
5412.97173198291 7679.827577943317
5012.028490987151 7771.608671545804
5186.720045830491 7486.548546777187
5037.105600740447 7966.031338434831
4908.4629376647 7881.352329502823
5214.6839218959985 7835.034965950225
4598.471660385133 10411.855990364384
4464.144529002887 11161.6914131176
4805.293552670255 9000.5449719071
4723.275458029909 8633.256407173247
4740.670589737943 8613.458137031703
5111.8090820346715 8741.75434425581
4938.091095494511 8829.658290824489
-3663.4799804745558 -3060.324081703155
-3351.9895413091735 -2825.73285885232
-2928.614599905193 -2805.4921682603094
-4464.081660246844 -5738.306914549845
5166.078531674469 6876.576086991025
5218.8427211051585 6603.006745879546
2312.2909626555847 1870.832301382499
3398.184809466535 6033.919825465276
3450.6848824393674 6019.2413826579395
-2320.018339834989 -5644.169210622833
3427.348184630958 4658.952887946636
3379.7268282353034 4521.924458154672
5414.379871332934 6888.737168095289
-2102.7051215562064 -6139.5013785425135
-1511.871991039839 -6729.981210005092
-1770.237189126367 -6476.308657963238
-2962.6914163001707 -3820.410510912809
-2765.49602236049 -3635.6710726478586
-2878.640129948518 -3790.5719508224993
377.1588816273216 -9295.542517040943
572.4487007740256 -9158.269673273815
299.7070986449764 -8673.976388041698
4471.080170936 514.707649818184
5389.75088079726 1896.571873527716
5388.714351660996 1469.8188478532056
5674.986645360822 1682.7020829923454
5357.491603157495 1544.9501186361986
5398.379928342089 1634.5584878751956
5970.666816281263 2005.369292052157
1903.0776906462822 -6411.780991391419
2048.6681871527553 -6398.414941411293
2215.4915649820737 -6509.567863994066
1687.2300982551894 -4915.679940220057
1682.082191593937 -4772.173771462032
612.737123163096 -4349.772056819576
1534.413960968236 -4479.505400779385
214.91445597300194 -3956.2363276803367
1218.053659845515 -4518.8729692323805
976.4273160598374 -4436.138575085232
484.2321054778612 -4249.990716555583
758.2263022005592 -4220.761773505847
3215.225364205332 -913.9128305585897
1377.748194974417 -3893.47973008961
2043.2449129601853 -7924.446017370752
897.8767025977905 595.0600630204857
-1500.2199596575492 7063.577231226757
-1711.5095617994998 7031.99078790949
3816.963401627292 -6459.729873228904
2549.0947672164707 2586.0283673307317
-4568.561521865418 903.4895694384489
2835.0704144267465 1541.2120637509706
-2630.248776306823 3059.186668922507
4.364740355590514 -3459.259557113025
-682.2153692260306 -3495.152651239655
851.8107740613843 -6768.945583482202
-1651.0677056621043 6752.403841247492
-4785.105012189531 822.5253267988377
-1893.2509242878093 -2117.1194750448403
-431.43183100131387 782.8000255564723
-3897.2178343070295 3359.344653883919
-4669.428878181476 -165.01523664482846
-5098.141452314346 412.2092089602119
-1496.2953254786128 -4604.3593256934655
2265.608475918299 -7197.786718738137
-568.3872780095425 3758.9526576397534
-964.7085118893356 -3636.3108401095706
3024.577350613713 420.24917711279886
2418.6845922893235 3585.011083361941
-2663.470073383288 -497.75635802942134
-3459.88738789324 -1764.3646738030752
772.1191678470018 1234.5515173452945
-4965.97077215893 -379.4825472477834
2243.764293942566 3035.6578389563915
-4772.962621345672 32.47428567785107
1301.2432077306717 562.6035253359244
-3697.2125788034464 -109.62718811503424
848.0657149317528 -6933.283407242764
-3782.4408316995336 -1777.0030630780552
-206.30970606826838 -5796.190935795062
1243.36129240487 -2131.2629903987854
-4997.5229185001235 -180.4758172589967
-3994.5471558371105 -1076.9186619688776
-4051.8495234178095 -1380.7795601521914
-1213.204533382942 -6637.202733387894
4049.3717179049545 -5761.0218980941645
-4946.453852939881 204.5685125533765
-4312.683947582424 -712.3104002435389
-2138.15803478793 -4533.553252980448
-636.1803118498574 -4506.799530481452
-4845.372736563326 467.53201996028594
-4441.021730683715 514.748606841329
-4049.6694257987724 -374.2293320287342
-2224.50667496936 -4498.914172804425
1821.7473345706157 4217.252404170747
-4047.7239137929682 213.696807367416
-3975.0602560479383 -21.256252198729488
-323.5246067753083 4353.559700576129
-2633.3361717734138 -4404.467399454415
-839.434547976691 -6891.081678869437
-900.2148492801113 -6558.386800774676
580.6877329493963 1571.8304782081304
1022.9217422733013 -6107.393500452027
-2092.6786177500967 -5066.950006829319
-2431.9229532511545 -4398.143157273539
-2380.6791942707473 -4617.674498193151
40.26741887968165 1657.2913319162674
257.5774807666912 1855.114539199734
-1882.8557287612095 -3380.484813741302
-1433.660493356693 -6298.385854923349
1173.9163739261855 4642.74578459412
-2079.0253753360566 -4762.217718479388
-995.2914776225499 -6191.903883361337
709.1523599824695 5272.880720524548
-367.9876052561373 -3482.760744126985
-2022.8647895858082 -5239.306970271636
-744.6697377699128 -2278.8532446805143
-1292.1366311191262 -5953.70849898672
1286.213321009538 -7648.737324526274
-477.5499898307678 -2995.8509768637023
-622.1452742332092 -2624.506588805276
-1677.961562906883 -5481.348088467973
-1446.0708089525228 -5625.101581949173
-1568.0362187940282 2303.971602261552
4665.458643470225 -5740.407608642831
1369.3346672804773 -7119.837029911404
3354.270427370586 -5014.406405320055
4449.444208101466 -5876.700992124348
1803.0019616792774 -8141.808652156027
2129.9145092509775 -8183.702355987387
1258.0050750611404 520.7601971167496
4413.5616746676615 -5619.536361110721
2095.5872353181676 -7863.730429731183
2091.405323981361 -7504.2577578541905
877.5388341688086 -6710.382223426861
1071.5983074056467 -6637.233535141836
1414.5638886041265 -6808.92194862857
4427.513084459152 -5842.983714792182
4381.776886678748 -5894.960572214217
689.3696754398743 -7652.170508366857
938.8545367584692 -7817.9470064847565
1154.7842932297697 -8063.139153921679
1404.7122509123556 -8009.96082447879
1582.6137090087016 -7077.8349326362395
1820.3556620375418 -7245.37821878298
609.075016145288 3416.963389771285
282.3792522816769 -3339.4629422894295
550.6578459990988 -3666.0566434904235
-780.6680868858259 1401.954730068993
3726.63041672082 -6579.223088415794
3907.684611650719 -6206.547578041885
3864.0662173940473 1043.1580188658652
3524.996449103079 -6272.758728430982
1398.5532715652305 1580.9905872479492
-2929.5040599315257 163.06479342924422
478.3556107419309 3082.079189983796
677.6484093423595 3037.151128500215
2606.0132761282907 -7054.352753224652
-1685.3700639219308 6684.877616187811
3529.9939819399424 -6484.55166474478
3703.955361272525 -6317.938817188252
3843.8626143383262 -6094.250793301166
3991.991170652235 -6206.568166989559
2528.6701835622243 -6945.770590417184
2649.7841899051555 -7280.10054899641
2882.6939263494787 -6565.378339192409
3228.827881306013 -6530.13213284626
1081.319068247357 3349.8840177160187
1253.070111968342 -3592.131047030333
1565.1016786268285 -5607.45437251615
1566.7474204190796 -3746.6861446604344
1744.2433970310246 -3654.5795318172914
-1517.8754335276838 6501.518168925469
-3764.6518913991904 3142.9697438267253
-3823.8214556158946 3061.803596999487
407.0253935464077 -3059.2629515729777
3002.7811705094878 -2142.1281775401
33.090036795306176 -2285.355386369483
-3585.13278866283 1430.843957289194
3615.0580544365525 324.37680748851477
-2734.1636961513786 3637.6476135638427
-3561.5629552632895 1293.246122000053
2576.7035280624377 2238.201368906696
866.575188226749 4197.706928414772
-874.1070196703853 3954.634188019341
-1025.137409248626 -3845.3147171631476
-885.9335017550562 -4172.890477743891
570.1821961953954 -1798.3633223122379
-542.0458916604034 5263.427652055827
3095.1479625970633 -5457.246860442869
-2977.190540890166 4642.437224319768
-890.6924597561549 4699.0068272059425
189.40231399793726 5537.723237231231
-1688.1842111819958 -3460.633051333232
-3108.072593894737 4980.135354157158
-2088.187800494456 5062.203708741885
-678.2186028385181 1047.7593144908067
-3026.911055458417 4994.34918529711
-2827.925111748787 4872.717341008011
-56.496123183819854 5911.13812999927
51.938021586392615 5294.805326243567
301.6153076331426 5091.312488710472
-2113.2857693141245 4928.074476049055
-533.3620856179738 5428.234376619228
1427.8275809303207 2287.0097762711976
216.9901560328622 -6458.89942340282
337.8499842401872 -6633.051342147216
-1186.5760602743887 5526.405352878393
-1168.0736402581556 6145.744545322208
-88.13861342749277 5645.861054674282
1997.9046848715159 3329.4718809190185
-2374.4821082108174 4718.546173827628
-2558.563568516579 4836.756080328188
-1529.5020451097134 4518.62852855495
-1411.82539899445 4941.216926590379
-1945.5660960230625 6082.033345390231
-1516.1003491611114 5943.664508711306
-807.7227519157682 5465.4793577929395
1035.1005560540007 -3286.5154246914644
-1168.788743723761 5134.9662281151695
-1211.677712475136 5374.251760813951
-425.53533735982 6020.469080712712
-3484.709975984207 -962.7363800631405
-1495.3850975671758 3945.035344275272
-1553.4289486911628 4311.856768812565
-726.1926968392213 5773.774932646764
-441.72408232850927 5862.140696963124
2229.1552798293596 3138.6078543587814
-1221.805240161918 3916.053345470653
-995.0811591575127 3800.5099185216586
-1906.3258588735355 4525.469935939916
-1780.2294585913503 4285.02486337751
348.46119126381035 -5560.017878890223
1084.8793327477183 2078.274549820546
-2711.973774052732 3179.9442524751576
-972.0710792206004 3351.4246297928667
897.9295651550958 1047.7345728035825
900.9084592512706 890.2519562626732
-1292.918739614163 2298.9884625319655
-346.34217435530286 -2159.3134523621093
3168.7479367086603 1912.450006174292
969.6613004899816 5104.389227946399
1206.049381058486 5372.5260506192035
826.5816080821298 -5408.777481549312
-1670.4513514757593 2018.421698738335
2928.3597603471535 2187.356978751838
3200.0900481774192 1660.1312781803156
3259.628504641622 1523.7413764021326
3115.6391650890314 1912.106027684575
-396.3723409202064 3429.297357296884
2614.4923074230305 -5230.954735185943
3108.1085391840184 2272.396603728907
-309.4521837789847 -2633.0015366984617
2555.7928365251155 3041.330973691689
-1827.6821967327328 -4710.1001315047115
52.61438840912834 -5181.744639109413
668.3257796592641 -6249.546066053122
2930.4076220044285 3119.376835684058
2897.883296962655 2626.9962122955544
376.9949785143381 3615.4729083112557
209.4672213114286 -6012.857699268553
-1134.809615709356 -771.1442266493674
43.968255068912065 -5549.575669832298
1120.9968494739667 -5542.566694185711
1216.446346295161 -5699.352985959379
-192.07656520804764 -5041.276639066904
2179.640655046356 -5801.399283378458
2728.835769260529 -5539.049542901217
2317.810487821894 -6021.766847974488
315.7843645526681 2892.315182579336
-706.586340709955 -5090.483274105301
-405.70123663193544 -5126.768090083114
-423.00710816719874 2695.8914048704996
1238.8865730960147 -1651.5962512509961
1181.8101636911733 -6264.960985684327
1408.9845859068855 -5786.468106497248
409.09624938235396 4521.470838756841
735.9058382781319 4521.801346740811
1362.2891296473542 -6090.641581544921
1533.2823147944969 -6130.087096117516
1526.343494931139 -5791.461406981116
1763.3979526428827 -5771.569560858083
-506.6924824773602 3141.009628726615
-331.0713609195336 3075.858167444261
-133.17069482190294 2633.1392030038623
758.3330062590973 4913.45866817389
713.5127611274885 4776.444962682829
-3466.5919879889416 4133.12495150122
326.4792982870837 2679.637353266767
214.9113945216677 4324.945637353217
-3461.678505465364 3346.8698646968555
2430.288948372405 744.1510908613345
-64.6940178803745 4055.0670589889455
566.8896462334632 4188.699784776377
300.57523295153413 3912.4659485771394
1410.7752782638547 5031.249331697008
-2201.260028195118 3406.2215581433857
-1540.9169102879926 -2539.563511518106
-1328.1320127321496 -2897.615377888608
-1213.3768428690187 -3186.466227718845
-1080.4713659854133 -3469.835199625001
-1890.2985770792554 3011.0214827761106
117.86634650815958 2558.00059159402
180.050909856478 2446.8151877129326
-130.2926235627035 2895.041494394538
50.02615099749484 2801.1124551107364
-414.22999415724775 4611.519436956736
1480.5920597335487 4745.0715704169315
-3116.0185455314017 3823.7222987566115
-1822.198671421092 -2638.085466209531
84.46978463919157 4552.043380823565
-68.13176112329293 4751.895125400168
-2889.760426846689 3600.8065678690245
-2580.7946304554666 3575.9499440810205
2422.105791236205 -172.6437931221422
813.5262763829263 4067.6543873593164
805.0053050192013 4161.886983602929
1506.0866359612535 4530.677220078058
-2658.2115308136686 1331.5217253083233
1104.6983136160432 3864.0324379225995
3008.908556015378 152.30625962402593
1538.5869268500203 4063.851674612265
1248.3795660665762 3743.085928298426
1993.9038608402416 2131.3101883298677
3464.996958494287 -12.287473446567665
-2713.68520301049 -462.5466223551714
3360.666091160558 491.07715122952544
-780.5391642426194 1885.8875708229705
2667.0323797574774 374.6486389122989
2503.519864428661 281.39984620100216
1880.331372847444 -1780.4755468692313
-3653.4848109244545 2014.3089038429719
-14.943747692334911 2022.6646145089476
2831.046933603085 1015.6551389941247
-2491.1267875688695 -869.3316879154072
2839.261548394618 1096.635790190689
-3899.1075036209845 1313.6263471236298
3039.4240853206234 1019.319998469344
3247.519853162857 1087.703024641502
1255.585354707911 240.618736898964
-785.5861670944968 2422.375889946708
1951.262963457566 1820.4343851874696
-725.1447616565883 2308.9445669948955
-2485.013956382149 -3292.2375310722773
-3056.3320950040484 2925.641433343849
1924.5572812914902 -2839.6342524733427
2750.090420916156 -666.801540412586
-1529.5421322210618 392.1231975577884
2645.693918815451 -2217.6229577402355
-1980.0411443705018 -1018.456161727891
-1978.8079459523353 -1144.5260253527204
-1845.0139640902046 -1192.5906117117186
-1992.100249354067 -1327.262422125071
731.6398603409461 -3161.982635293311
-1585.6321939554982 -4814.34595555783
-2628.813179812261 -1279.2183244794765
-1124.1963900156463 -5134.327961303707
803.8337374083817 765.052157098903
-1145.787250549439 -4487.038478877543
-1015.6078965052233 -4729.527438430388
-4069.119607802164 999.1340392613555
-671.8513901498578 2945.149872376025
-449.2529822486988 859.6511477376064
-2246.5958270297083 -3103.4897615385744
3466.315359294128 -1758.0374844648
2994.286028504078 -1548.280540572487
-1574.2453083295334 -2130.0705434305523
-1235.8291920546778 -1773.222988590729
-1700.2324473916274 -1803.9179311048038
-1578.6089833676454 -2016.1228348568068
-683.2967331745524 -791.9949541014295
-3612.069304128921 550.9544175396027
-3885.7785903287195 853.9721145786848
-3320.5754288746693 2228.1383023184826
-3338.93610453606 2517.8034845192096
-1113.2080155993426 266.8173412781442
1542.0029290763773 3091.138150663964
-273.6019083447185 2096.665386945212
2326.8522396549793 -2460.8612135972244
2167.905700695429 -2270.6332144958833
-942.562423810236 47.507093071938804
-754.5618474603381 -359.9618795267345
3305.2925677460803 -1417.195536174479
-818.1020728961661 -612.0173769236663
-469.9080228588214 -460.56754145484916
-711.2067007261231 411.4531689172997
2113.320171338821 109.46771200933384
3354.3930433510573 -1399.1070753113288
3443.364150840679 -1182.2121117671015
-2161.0972803793866 238.0650975778284
-320.26726265212955 -692.1319236583918
-1614.3000001989515 -4085.357963060538
1976.718970453431 2763.223176305543
2094.503160088756 2529.4085113792257
-2292.461753119771 -2329.6704893859296
-2085.347054388297 -2687.4272924454767
-2182.0560167194435 -311.33472734919843
-2042.9937398640318 -690.1032732467063
1014.5764633186436 -2937.923443068163
-2642.318890658538 -2203.925079895657
-2437.6111855386075 -2024.4738132952723
-1892.3173393395834 -3113.397603901094
-1809.6933710019057 -3498.749028599117
-2216.6519187384033 253.3059996993175
469.7911504627209 710.0276145432059
-3582.369708171305 766.9301228250574
1816.1576426096176 1236.3579260569638
-747.1101936879312 -1890.1848571512458
1700.0652756039108 2507.332532880901
1824.5226237608483 2942.2306691101094
865.6122439617975 -2076.4685833271305
1946.0582078592874 1231.4741617380746
968.1407125308199 3230.900886368208
1122.2913279945894 3003.6075147924907
1435.356266904035 1164.6580278674
769.0817958187392 2891.022762338671
1056.2147629267097 2747.502805184506
-1177.7364342689084 581.7102048382565
1995.7026125002478 1515.701537269278
2084.851560733962 1027.963150358104
2246.7336200785485 1075.667026329478
1317.5941776272546 2470.6388492102233
1570.9662147728095 1559.5491326572242
1622.0467709742502 1359.8070162234194
-716.3732564526825 877.7555201251007
1808.033537690381 2168.80426478579
1847.4993730139797 1770.559849768024
1500.5228575041433 1838.5102730455035
1402.276579042507 2066.1020088674204
1419.2401487550335 2083.182526636157
-2218.94872786692 471.1510578329672
-3538.8038119327457 1740.6828671698015
-2992.3627321059203 1573.885677626188
-3086.01768316274 1188.3745758601863
-910.3714366077689 2947.394866295673
-1209.5134386044165 2757.019294606102
-3239.5347768549773 689.9273312651072
-1744.35998468973 1110.065173000585
-389.0473766488937 -41.66715008281601
1526.3526802017084 903.4467129556721
1772.699951740021 716.7482980375416
-2953.8226387315317 592.7385668427872
-1602.359017481383 925.167684711776
1174.6190748983715 39.180077744239405
-825.3156328922864 -105.9160693953935
-3055.3474930586553 -679.7736698111336
-3199.608070434693 -887.3680032340501
-1748.8744303241892 604.4203318131933
-1579.349340914368 337.89593405376525
-1577.1746111179584 -145.6835004806677
-762.4172106592631 2198.502647689102
-2600.8102147232316 583.715570500183
-2856.621393867235 187.63688655751494
-2792.576937236071 -309.85337931532143
3027.4063600895647 -1046.9352565934753
-2755.2524177685873 -1582.5583934804467
-1554.2172417882641 -647.6783202556094
-825.6563533340702 -1436.936899392243
-2918.9747132925017 -1371.4133094685433
-2855.6209942104724 -923.9543941859173
-1163.2967656769217 -1151.6174669192733
-943.8984812499558 -1260.0045470508787
-932.7782135446784 -1210.572233434457
-1119.22333369326 2369.2690295283114
-1336.4074138147798 -916.6555566200446
2085.9887864153934 517.8468399538474
2510.761035857645 -247.78780057398734
-1404.1884747724914 -1533.5383298524885
-1210.9112438911109 1834.1850698392357
-1343.590294969629 2173.6435741014398
-1084.4048881682547 2242.0762715958563
1777.449875386279 -852.7245259927813
2385.280612450803 -952.0663598868796
-1439.4860578147054 -1242.5958411361744
-1380.6060336268047 -1306.737567614338
-1624.305044330366 2675.0093338339366
630.4011081086161 523.5279708618853
2363.1708622771202 -481.8627949086477
2215.6390665939416 -644.987637906471
-2220.5401680134096 1408.1495629044873
1991.5178585583285 -384.5720322861274
-1870.27260621327 1964.0252886991868
-2439.6933852789966 1660.1341231331537
972.9919770662318 -388.82690034041775
-530.6037555133058 -1700.9301410772866
-256.88783074521325 -1826.2513775636623
2681.8139581334053 -965.300942353794
643.2335248836303 126.67294315634732
575.9659834581455 -28.647100713507953
-328.2846885299876 1179.1265396677031
1653.055969351258 -490.4047852246238
-1515.5106364488304 1542.4724353131528
1045.2072162770905 -201.56979646500068
1394.8670558227989 -2853.3819802995304
2891.0609973930327 -1561.869662238449
18.054314530956827 -196.31153330634103
2145.741308101442 -1230.9861897390792
2309.7131541498366 -1841.561376197518
2466.6530198528876 -1453.6257141046447
-1454.6135994605982 1436.3305537818349
-532.3063681471093 -18.48855895193234
1749.2460690128626 128.5519204180867
1720.4734516327346 -196.28004934390063
-132.53923752468933 -59.18373542702737
1482.589411295722 -570.6078157887669
1344.1747326460038 -843.0665333905571
1814.5792124207092 -2088.5027622326265
717.9616129982618 -320.2455769064771
316.39076073734066 -1534.4633205529362
-1205.1813116216088 1256.789381618957
-432.0847998779041 282.9604437918162
-317.40788870224844 -962.0890419944456
1421.3314563081426 -2193.892803459366
256.1972568904687 814.2696713621432
-135.14787968400293 -1107.8633944137657
952.2875069872194 -1564.1208330161762
1348.9893856981614 -1424.5931980893236
1411.8112085220944 -1157.3009420947324
1161.2346292355846 -2118.9824847523987
-136.4270128758179 -190.62726553415095
378.9443739089499 359.719361134229
-185.21757953032886 -1064.2482139814056
101.33048528956272 -1289.222486193026
1864.610299850434 -1102.207362487606
1084.3397812908756 -2393.1138497644415
-967.3261189348469 1182.1500826569388
-719.0474977735288 1418.5263288299425
-208.1112721824164 1334.8045820871012
35.13583265412383 1104.3596250648952
775.6089467987241 -788.6291176489605
1655.9160977373904 -1239.0521193208901
-67.55635679446466 -274.4493972267287
-102.95730931151871 210.7786121078607
102.93287636836725 312.68416185963554
1488.0239905309932 -814.0647988815725
1507.640596138089 -924.6719987852595
223.69664153692574 -1987.6294540026604
549.7172656379607 -2234.669666140287
564.9905042577655 -1338.370112505778
880.0177940001909 -1326.2108883435926
-40.66281430482126 -402.12812195162945
-36.72062595119206 112.86489466898733
162.88209621798435 -121.4682964572258
420.2328632314308 -338.79199852242965
-439.8486335615768 678.2031144618796
128.69459188780704 248.43620485701013
228.85022967349076 122.94514771426039
70.47326401387346 -622.926888104587
-187.89181730006777 760.7953310641943
-70.13291556679118 535.0268239256611
189.51244754229396 -590.9786147495147
339.90662006572074 -735.2686127229299
2375.582170856122 -6411.254685435126
4076.0307001315973 -1651.4851024333864
3349.7567075316456 -5869.8106461031875
3883.701961575269 -2117.2000006801745
4597.683107190166 -6751.613901545713
4325.366214548632 -6560.601989305691
4380.616906389329 -2019.7381423672261
4746.725266708238 -2290.426657154645
4294.798113787613 -2256.3690984143846
4367.567546966664 -2390.9636096736854
3163.1021623056795 -7302.848496554105
3641.4035628129823 -7164.761276321741
3398.669159343395 -7199.397567897946
4248.2706832375425 -7155.389339080176
3407.9004022165345 -5628.237932323978
3453.548728865895 -5482.662694385909
