col0 col1
1787.4316708486786 -3070.0106817364344
-277.4532865230158 2488.767292955357
-275.2738871884799 2442.5286342510844
2530.447637700469 -2722.9851357494804
2008.8727267865374 -1613.8528031192138
-1924.4718079352472 -1487.9978521914534
-1832.2512341506872 -1485.2343440498194
2524.337082176444 -2876.1029322801464
-1798.9669169251729 -1469.6137738179646
-543.0025867184856 -1869.4536857140488
-737.31927324667 -459.8868436182204
-460.9835341015667 429.41691395857333
-114.31471229030983 165.0171449082051
-1885.993755045485 -1530.7143312272271
1784.0008847152021 -2972.0154320619245
2074.431788346514 -3561.6502640123053
1839.1219020549804 -3006.9217767319215
-1705.3544504968272 -2342.37546257743
-36.70955970322754 1377.9740998862655
-2348.3836511180457 -79.82802521095533
-1239.1419790891978 233.0678577101664
1529.6271633362796 -4295.139900238263
831.1282946015295 -1557.1398107298594
2468.2625245531653 -2846.7089746573897
350.38132238772874 -359.66701250930754
1333.0140232827657 -1454.97220395056
1701.1687464868587 -3480.22234616916
1963.3867800444687 -2936.783545114667
2460.2058436121883 -2804.9085903383766
-528.916053815598 272.62442698350833
2278.383217100963 -2942.576118680026
-880.6469164319383 1184.5340351937832
95.72191364741936 -1860.0621644188482
2356.5389766240205 -2873.81991024332
1944.2108731041922 -1634.0691168552894
1823.9611287075247 -2917.8084126106783
1198.0819796380454 -4119.845611637074
489.79418506472314 -172.70487554430863
1404.7758399312393 -1482.0679795118756
-938.1280477162181 -530.4880870110152
-1966.3422172076405 -1553.2289709590643
-171.61732310359986 246.1626569264235
1875.9362126094213 -2911.9856593024165
2376.2250563221 -3084.0488891770424
1170.1249983861123 -1453.7600815221267
-72.99922550624319 1374.4499538986602
15.163529887043152 -29.120472554674574
2426.3937689332447 -2911.940449370917
475.72719485270886 99.22281145715696
-838.0286527458281 -129.01513066022352
-1323.2132885059457 1601.4232749938599
1891.027203963681 -1794.0790672297069
2118.4909043436137 -3542.6598266395677
1352.9395419551513 -1516.5230165177647
106.57006029860274 -60.501787571381115
2411.9436838726756 -2965.992148321956
70.17867640025152 -1654.2757697309826
2443.833044307972 -3459.1829065779107
-589.3954022174703 -1813.5697847944837
-2250.811771242457 -1371.042914166006
2609.700174441539 -2677.349795217303
2110.4324939010603 -3500.8590695334083
2304.6934361932526 -3497.4741910984894
2566.3875641570976 -3045.4475321458726
-1561.0598577020487 -2156.478335355225
1948.5526353508367 -3110.879882702793
2717.997055226724 -2552.2445115472183
112.15976672501864 1.2032421141027536
-1089.9124621252163 623.8229850317742
-280.8974389550224 321.4859511565405
-1286.6225543760363 312.0706728802361
-715.288417622102 -1951.9976570324181
-753.6178857628487 476.094444682609
2291.438235107973 -3397.3357428965533
-260.8386388082109 231.3040378657353
-2008.6846025407451 -119.61161577908744
-863.2900727885086 -1187.4992694947523
712.3287194129011 -535.8733739401838
-1689.8798350670306 102.58106021098514
1989.3240240793573 -3022.5274113716323
1748.231906854427 -3473.3280476219143
2294.346044561776 -3586.743295302069
1892.4653732750705 -1285.277011512293
287.07268702714856 -254.329663797735
1981.7612185345592 -1888.2380784335214
493.76525014111405 -385.226085084925
-1652.6015144923535 -300.2590841345544
-1708.4321278051768 83.74666646292988
2466.6252625323327 -3504.197865119474
-1923.6466198453895 -2248.9913712338525
-1587.2952156773713 194.61008941179333
-217.965674898132 -315.7666796432746
-538.480487917584 629.3759230916345
-1042.5708562063833 573.4525022927693
-1333.5505897853423 276.5448884555154
-1498.489301777657 295.3653736260102
-1560.5710759845583 -1859.1240449950567
-2049.884387712567 -122.06460852186936
-2835.719172323551 -1746.8395583874533
-1535.3178454591844 200.4323358612788
-123.13170060768172 -1652.1475690716127
-2243.8159953169356 -1595.6647502297328
-1001.774575406971 455.86505692850244
188.33287062061703 -1737.255352352663
-1346.0990041165767 233.51912426537376
-1600.8113321164199 352.00953774519957
-899.315156499904 370.58890545655544
-2493.694521584405 140.64511409988944
-1123.286994557296 -186.9139435014305
2068.2806421636155 -3508.824778796683
-1348.611768031787 -664.0359911611417
-1620.8584707430439 236.25439581490699
-1532.1904362547075 365.64177379798554
-1811.673814432936 -276.99795965126043
-361.3886155496336 327.604448301035
-266.23341419847327 -1683.8540912091419
1848.1770344391473 -3249.154007284787
-1630.0726715261073 -1495.0175826383047
688.6052330270167 -702.3101399784982
-24.09123545070703 -1639.4310155803876
1009.0234494266357 -4181.5693935785
-1813.51639445344 713.0337139600275
-2389.3864834865194 1302.0134701560635
-2714.0692330507654 -1544.5616630375262
-111.8831620875635 1091.1920059999275
2390.432247164479 -3178.6746205361055
-2027.1865158126332 -1551.3964701231112
-1806.483935654826 -335.3341711595028
1053.081201916749 -4162.578662511921
-1703.1047622804722 -3.2215535422435253
2119.25534207782 -3302.5697707130043
1023.0357181787494 -4041.6161916008937
-1145.8261824755111 212.71083880836025
1420.8844110659024 -1565.6677271078645
1901.3573334016019 -1498.871692701902
-1643.6299277227668 75.3303451711783
-1496.1653148374103 220.49315176150387
1893.0487295055116 -1605.7467973364944
-68.74388360252077 74.99013720528515
-1970.3058120278722 -545.573433567222
424.86768367860753 -341.59393494443003
-2271.5176208040734 -1549.578768024475
2062.6592294653187 -3953.7896674552335
2154.5448129675738 -3098.6133989759414
-34.11604445655177 1451.7735576328114
422.68154181911297 -295.3537992218533
716.840943488679 -656.9861866886359
-534.5162678266777 416.85620385632916
-2562.2416599280596 -1491.8771279075977
-47.32712236794238 110.36085219174238
-2702.904410783116 -1421.1484437638737
-819.0603806729222 -196.07753010445015
280.79159300373317 -172.8737874317885
-1501.35137390892 -1929.2469635971222
2095.5096542205006 -3263.067207642589
-322.5011157376585 198.99259917866263
1487.8253818138508 -1208.444862029451
2172.515815631949 -3554.4454442748465
1234.9020340559014 -1256.2364155511343
-1407.6225474655917 172.5753626317378
2119.6387706677747 -3182.5250023530657
1940.2537634122002 -3217.7570863291203
278.85488404366595 1669.5184914115475
-902.292009157041 -29.189909436857917
-249.69892579660905 -1853.352795921952
2197.311563559897 -3411.1242658665938
-1723.3306707899678 527.4678423237093
-93.02074956210502 -1389.8574013177576
-890.309249628696 334.30183082763534
2145.3368963743355 -3416.9471126203966
1980.6409805047667 -3249.4492253023272
2113.2040286184333 -3072.4336380790032
-821.6881307584298 347.9340190233896
107.98384608899049 -1759.7698819534069
-1913.4598787373445 -128.94426791873366
-666.1334888118048 -1373.5194264870288
2553.6258254037753 -2647.9558813607646
-2051.8586971535037 896.597801287349
-1471.5937982467954 9.198318356880899
2238.7955264997127 -3465.937259763367
-1900.335982202399 -406.38661122266615
480.66325613917064 -313.72302334319517
-2027.4539631163543 -2289.2700107632822
1986.2209070828906 -3187.742086868019
-1394.156391098144 1250.7938638828903
-2416.9131266069626 495.7212823556987
2073.288391541058 -3332.5848121278163
2473.684033547517 -3345.5665395639553
2226.3976879162406 -3537.5978561426655
1676.5204827600246 -3062.9764275884695
-1922.7961860449727 788.3569324255739
-2476.677712598098 680.3711214553847
127.91120111434975 -1821.3210968410217
-418.5490750568735 2027.5929910360753
-953.7148184441605 -149.5411976960367
-193.51713605414034 -1705.4376862852862
182.11166795995783 -2067.6815287500353
1526.4410892549006 -1279.793376962395
2061.229051589942 -3078.2564157968854
-1682.533208560692 409.880141738821
-290.4256750671043 2325.705575025765
2336.640932495284 -3607.410789619365
-673.2287910256811 -119.20330977070982
-1844.0768987706367 742.5821572346308
-1799.7815580307306 -502.687992591814
-282.11762149841564 167.30125021121103
-1770.5924664765816 -451.851620612545
2141.25133217031 -2792.5321536242454
2386.7081400835823 -3612.612626589746
-885.8725694917194 -581.9305412954361
215.5745646828561 -78.56092461947895
135.91363791780964 -244.23564254515665
320.86650975928535 -2149.434771909055
1067.5265047604314 -4108.525928414551
-2076.55287822702 930.586897090571
2514.2703562125266 -3022.637279417667
1794.627640791087 -3529.2125546220327
619.1516940803882 -544.1486449692986
1503.9832607984335 -290.98490052654057
2356.8228856813457 -2931.0858543806744
-1093.1809288531172 487.24633268370707
-532.4588804007927 193.31165674650362
2220.680551376559 -2186.3360218899566
-1089.2421502754858 1098.4702083073557
-1704.696579926402 -483.3881452406776
-2755.3039257268606 -1341.0725547394272
-2198.5558558461266 -421.4150021311975
1399.4882015996016 -394.037966384188
2197.146288104658 -2587.350485097334
-1125.5314900554756 1094.9459898812447
2137.1919265727583 -2963.2586187194497
2089.032213630947 -2947.0320982187245
-1883.505327062281 779.7855575909755
-1412.7107110806662 1437.8944142124444
545.3425602548765 -499.4450278570557
893.5779060875825 -4053.4175624457057
-1571.2267000461586 -890.0514514260864
-59.33508633133688 158.7436378725272
-2007.034451558249 -257.2612687585065
-1197.1552376424856 1093.4096357468725
2211.2479984470824 -2859.285650436322
171.2477186498172 -246.22343626627014
-802.6775662258616 -336.9411477388066
1715.0996530446716 -2928.382508971028
2178.8795339644153 -2663.4511798413414
-2478.663968289831 -125.77235529832903
1764.5985601800453 -2819.0523518114915
-2040.4009203176531 -1657.2013669468822
1850.7550481279868 -1585.0795506167317
-2133.893405826181 -401.1988256391171
1841.6482316693912 -3905.575785135655
-2227.508627083083 -117.63795266279557
-2349.969610448674 -559.9958753393678
-122.42700026964916 -1795.311366040019
-1947.5793576815936 27.229438416590416
1838.6397891183824 -3304.2774495422577
2091.042031812214 -2758.6973075459464
-2070.9613565983836 992.2915267062625
110.94161188297304 -152.98190038806158
-804.3084787768222 -405.23019854064034
2055.7086327532993 -2756.709669410898
-891.3410778700038 -466.3295139939256
-677.6249608552758 385.1512025333393
1926.5313092605877 -2825.7762432584086
-1057.2335980346743 -453.02135493602344
-1573.7195190836858 -580.605880972781
2168.2078347950405 -2489.511091851153
1780.3738535570583 -3817.8434848515126
2465.014732523616 -2983.290083180001
2722.132131228034 -2793.403422575191
2010.166368992946 -2872.6233749423736
864.4420803127082 -540.455175853511
1672.2734117426571 -3588.326793726409
787.630766913865 -483.6558219510906
1278.5057650651354 -739.471602076499
-733.2349599323354 -1496.1707789478132
-841.1338572133227 -500.1639277118276
-418.1209690481662 2353.562542636857
-1753.0634152079615 385.22361968432796
434.6837439634431 -1550.7403405001207
-1265.5775154584348 -184.47500895341648
1827.4812054545012 -3427.692001357652
305.3359637661792 27.706324328969103
938.5022321655242 -4206.227877211481
-98.36789579016062 521.9237166567918
1845.362303883067 -3471.6355952212753
1181.0654030831245 -4247.7026159496745
-2300.982057263408 1282.727881819578
2087.896717619033 -2717.968343686471
-2467.395523186464 -826.119713276984
-1837.477036106583 -1220.9558053277106
2331.397370538897 -3343.1284857315254
-389.08092967067773 2021.1644597684267
-1984.5044204422352 -450.94953373080665
-246.89521761638852 -217.92919430928563
1960.9104272569002 -2038.14029287975
-611.0067543391169 2681.661048592118
1810.9391699675582 -3847.3929560482507
1784.8121638436498 -1141.6638167786475
204.25740979388254 -173.33891920533893
-1624.6231315731259 -2199.815902686897
-1421.2765983509662 358.6069181169887
-1116.985049794202 -474.30887937540865
1132.018300540083 -2086.1320991074062
-596.4445233986114 235.87226253505057
-1461.9604483311655 1271.3058479608378
-1326.3526066763186 1436.216442210464
-1630.2113227937775 -465.31483108748233
-1670.0635569045828 -2138.4193641499614
-1400.4307174808705 1126.313756055256
-1980.0471098678447 -1161.2518475719532
-135.17928742768748 15.117905755521559
1899.9119825359046 -3392.009284738317
-522.7525686062785 2485.0757657209447
2185.453535758306 -2802.174936818939
-2288.547508701258 -1677.432916526964
-1260.3207044946805 1581.9827388686633
883.0115871436109 -727.5590425242317
-959.4817919771012 435.1979996314687
-832.0619493912294 464.6051504009759
1935.9601801131837 -3537.1628679428813
-1057.3914949106238 -218.45038234620347
1907.3891173893821 -1729.0036229633283
-661.5320336457858 507.48936952384605
-2764.1256612559123 -744.2262292319261
-600.677028861881 299.72002665808276
-2584.2478399695665 -205.70627486265002
-1452.5458328413079 1149.1235715743035
-552.6685869030708 1753.6700710135758
2935.911224555768 -1970.5387252277758
1530.0383503838991 -3791.834406496772
-1665.537046445529 -2259.5352760442083
-1430.1717401946498 -840.7372252670087
77.38983147978193 -1524.27963509993
61.92563244919874 1270.6505995908
2382.7037941580243 -3400.0842645424545
-2324.1641316073274 -1618.1794571608768
-476.1302342297976 518.5272430006643
-429.73420165244295 256.70812026556473
-1030.5763662759002 936.941678818842
-1541.5680383566971 -129.98754894611145
1736.713032679547 -4305.993595026736
-1084.9506374167659 -200.99749638141316
2292.3347346009186 -2390.740753244297
-1752.8198315641223 1151.70447215615
-650.6169870662721 482.22661872041243
-1070.936870403775 350.82447725035365
-973.6375787468576 -87.99097805467878
325.1358441975067 2260.0644857289767
1559.506485862056 -3798.2629264729985
-2094.8845630859805 -1353.5751259557342
-467.8255133813686 -993.4708747656331
992.8314486560696 -711.4736311958624
2263.3265303765747 -2676.1530304940375
-2521.0271374261292 -694.2914149579395
-1659.7438238832985 -1048.07375514223
2399.010773020487 -3718.2636646945534
-2054.5883242479476 -767.4439554173952
943.933570200989 -4115.886332557827
-174.91222363419527 1139.264334213615
1924.8680455161023 -2688.1237692871036
-204.3525727598358 116.01423752116976
-230.680627763785 81.71493056558757
-2116.133064284489 -622.4485853094571
-111.42255548875646 2446.8269739010793
2085.139069050537 -2557.195521917605
-412.86893478189387 -1794.875341746236
-2086.525022923787 -657.5096517717609
-2101.1191507224835 -682.9279278618067
1642.5685461110786 -3141.375772453794
-1273.0917585863083 -51.26649130506871
-1176.773678107019 -83.71927124857712
2704.1494362485196 -2926.77008615441
22.55216149463406 -339.63408701642163
-164.10704220458894 112.95500153021278
443.24633682399696 1559.2909415144666
458.5427287861943 0.004379387759129091
42.148145427131595 1509.5016164206174
-2168.4926550504 664.6235926618712
1957.056233211346 -2649.3824654933724
-528.9253723363735 478.5609742757593
-2163.0398485979727 754.9604973855152
-199.84338519928227 -5.097917248673792
-699.1883552215374 584.3490054432336
1824.1030184627987 -1150.235188904131
2299.40312953944 -2232.1114947018727
-808.6727158213365 -1519.7567073005966
1984.5016355806679 -3433.3442531779237
-1036.7165153539381 989.7647912167286
-350.4335939315677 -315.4705668260878
-1570.9960347651966 -535.4367907163142
-2099.6050490419225 826.9281183879812
2094.0206646684533 -1769.7176257526926
396.99829206592807 1586.5412505645509
1941.3960664737785 -3446.8223075993496
2696.904827968387 -2850.824454231952
-352.40170524255836 909.1250582101703
589.390869540735 -274.51772479277145
-1573.2228837198586 -77.31875928301628
923.2396929255253 -524.6799712714765
1780.918068637363 -2548.033212845481
-2292.4498109377046 -80.58929579619421
-18.157692765973643 1190.874079403166
2340.7922841410777 -3259.371993592909
-1053.752304950405 450.04288793828664
337.2257390310026 -2084.3587399658495
170.03314442724846 2482.673716462728
1018.4072542053897 -1329.136136673375
-1836.3255502941533 -654.8871300296727
2316.0929985500898 -3225.38180295777
-1231.03996380531 -426.5459682289706
-98.33756470896041 -95.88644342119541
-54.17463923720242 1130.086408881871
2277.4595301548625 -2358.8936952191293
1137.5700744079074 -1818.4843236167485
734.6692605344755 -1496.0542776020122
1129.1171862883043 -689.7209949494274
221.56700025038396 103.18471504890526
2271.3463114864517 -2512.010923261242
5.595460115114456 327.63181700514565
216.91552605494505 -2161.0800889112274
1990.7012492780275 -3692.11472462148
-1950.9155902767423 -698.533922040178
-1613.9944657777955 -1372.6762172521592
1965.511441316999 -1776.0055232952518
1985.2971813592064 -1808.9238274861614
1344.6469682361007 -416.39666424046027
-44.6104637956441 361.46594784323815
-148.85429977394585 1230.8265997605733
1753.9105272817942 -231.0989565261467
878.2592418088556 -961.0588270652033
-1249.1140997552523 469.77982191248657
-509.1062931258246 -172.16815514037438
-284.3807641503754 -581.5778549828491
2103.4062070918712 -2481.094909244811
2272.802202445497 -3004.283020870997
1126.8521747718885 -1232.6651400636354
2438.7698265347303 -1839.2048599717662
-1742.0688035510802 -2260.000926657918
-1673.884844160404 -1365.331415808483
1822.1128536429117 -4313.182893072905
1796.6905129308743 -4136.024984607118
-1920.8873231112173 -819.4927036122633
1795.775859142044 -1578.806144085582
-1870.4253020346214 -704.6522308379812
-65.36121818836521 1212.6124247019525
592.6908105931593 -1756.8219494922967
-2011.7048428161447 -1108.5824290013202
-673.0732998062166 -353.77375979135655
2322.09945633107 -3838.7749438860938
2214.1933486309545 -3254.6358392792386
-1737.7265514859948 -2146.5401555839217
-2719.642764276295 -811.1342877146328
596.4882224259276 -321.8292503080821
2205.560674322165 -3687.5030346727135
1579.816217517442 -1560.296171086245
-2485.1422557111678 808.066536061546
-1350.514538509672 -1676.1321924583247
1989.0024808058115 -1964.182997315701
-2278.7167588438247 528.4979117716582
360.15992349269186 1491.610360978339
-950.347382320212 576.21538913161
2049.4941939856803 -3676.338494721476
1706.6529032690303 -3595.8267340579355
-22.481274997370654 -158.1978627312851
-2731.1210887780853 -671.3406084389931
1713.280455734235 -3351.2953196382628
-2427.3382836228693 -1389.7373218618939
-911.919746912447 -673.4951516346673
4.512565370168569 144.81515091076966
861.7953813520311 621.3640194396072
1075.0922550631387 -677.9353547340735
1612.9368362493303 -1310.1033871054178
1919.2717020907412 -3339.028631969299
-1834.1372221702536 -701.1277409283979
2485.3709540071386 -3130.740841756829
-1363.0514601533675 1312.6530998037088
-378.04654887097684 731.6666297938729
1906.6639087703754 -1379.9008846226195
-830.2803392774605 298.32479719762085
473.2539864494185 614.5986266921714
306.69152256531703 1800.735541002671
-2351.229189937005 -1303.37343175164
-1466.444112245792 568.6744037677149
1785.716276789514 -3904.8149438668543
-1206.0192014906486 895.1292211268062
-462.1561773325257 -1549.586728122297
828.7768679736054 -4045.0015110315826
-1102.5645915750822 -8.381675539704053
389.34267274084425 -2107.1689485601523
-102.4544119866293 351.2031028110668
-960.8624850206033 927.4538673093306
2164.075204314592 -2248.3526892400723
73.79344781815324 1044.96589542605
2133.512029122647 -2218.80367386916
1652.9813467691483 -1873.7181896651884
1612.4342104101456 -3786.9275913630267
1824.288436610693 234.06179410865445
2088.1181367653585 -3747.6887682176152
2278.994730505443 -3263.0519620457944
1050.7474535787526 505.7785192282032
-1069.2781733226475 7.238441220529769
-1130.8468715100319 1799.7151006535962
658.2882704173688 -318.1498388884845
-1081.7675967205398 -1654.6742241598463
2282.8086143745586 -3830.2035883606572
-1675.2050601840967 -695.7562827602591
-1313.1807629346251 -282.777927475203
1852.3730668437138 -3696.260619670008
-1629.0102487407523 -1312.1964679721036
-1817.975028316915 10.396810106124473
-1590.8142942462034 -1297.6473798228094
-1047.3537933955881 1781.5009315352575
-969.2466508596387 -386.4098298637742
-1320.955497158348 -298.2430634303571
652.6992688496987 -379.8550210769671
941.8282430314428 -917.7224949150102
132.89328098025487 -2234.2769186876594
692.9194686515525 28.9602892904459
-2171.4872298805462 -1737.2922679169424
1881.761536290514 -2701.6016176775006
-1581.9758670491929 -1099.3614041331475
-1802.039821832119 -1840.7695727355795
-2419.8123139745844 -1522.9483812529172
-2460.5095179694795 -226.97963030613712
-1468.8521681309421 -151.5710589951077
-2464.1647615812735 -483.600352770903
-2063.2956727201326 -1789.4964865011227
-935.0984676611599 -1749.5948059952407
-2234.653326914331 -865.4520830860307
1898.6870866035968 -2751.0571651186965
-1417.6500285128407 -591.7711311575856
173.13807853348032 -2237.335992614113
1733.6087693778045 -2703.6042517618394
407.1362370956241 2350.8635867984867
390.2229100714617 2400.316480667292
1688.9881817996527 -1812.9283192671205
279.4107206734537 113.44760964154479
-2090.3155456517225 -885.4988515080389
335.1467239288985 -859.7390236757496
-1625.6961296125535 -586.4282911816973
-1054.9267694437592 -321.9553229095056
-1272.9921383651224 -1876.0967353093633
1629.024821764524 -3573.171644857131
-324.5649364935194 628.4730639262608
285.0119422800895 -30.784386214081465
-1267.2710487892657 776.9221572628439
2131.291255230582 -1966.6215326919212
1241.3269134826803 -1366.3256636686056
-1433.8529666867682 1757.1287863299533
233.06346638563744 -448.48196177210576
-1499.0948071766625 -591.1650037751814
-1794.9705277080839 937.804014091227
1822.9670843864258 -2717.377516484185
-2354.855080408039 -764.8645966025684
-402.19183813400423 651.1279234048629
-2385.218418497849 -1175.830161074631
-2450.6644818233754 -435.0618414446521
2053.267939706144 -4037.54694015114
-2307.163673547877 -283.31393804908254
1089.3111740181848 -3953.107085361982
-897.0096072913343 707.589730401923
943.6687028086482 -1495.8846679918472
-1244.753661337678 583.2366456799257
-2389.5980100572187 -1083.3483042815924
2052.5994960934113 -2126.7872437565456
-1415.6428002358691 -197.50120326546877
2082.349368174026 -2190.481246635358
-2352.45966296212 -250.55091813524433
-1084.7333124981064 771.423623967512
2153.3778548258483 -1868.4725299779086
-1851.1638363244801 583.9569044570836
-2169.4003313073295 -1165.7072854114554
-2465.175743662854 -1873.4375942376332
2060.2324105214357 -2082.689163270312
97.17706614418407 -350.1932485164477
-1807.0748729049567 191.07181526247658
-2645.439151986753 -735.7955153192778
189.91373714937492 155.85316007941927
849.8180744137107 -153.99792051812494
2228.496870554555 -3761.1514009665257
322.35033408028 -2052.511631558915
-2365.351543322437 -825.4992012433603
-1576.2069925650896 -271.16147281484746
1679.1377057515888 -1604.844941594452
1593.3303366400846 -4280.434845476624
-184.14068095349919 -208.73760323169768
-1228.534148883127 1500.6832065932854
1903.537214921061 -3724.5833582729924
-1447.3972449229918 -528.0776884212726
-1584.1650747581828 -1053.1206018415548
-1878.3132242772488 -897.4251605175127
954.2767329028088 -4026.6163084476884
-2286.0894750446664 633.073533719342
60.98815799436503 235.46214979304875
-1062.8579144042137 -102.84981001940389
1243.6813259842586 -234.19953692426026
1705.7477084412121 -3218.082819989893
962.7067168791949 -973.7607982139715
-2186.0426358836476 -1173.5175384717666
-2736.592754850515 -555.7389032145899
-2249.2470690906466 -890.8704424292213
-2534.477789432075 52.295217140244745
-527.2689957426813 -1277.9641177830595
418.96790979642105 1713.3177997483513
-454.9328210459676 2670.494840498243
2050.1282927667303 -2023.280914583092
-859.1627755332648 -1428.6565656598889
-1407.451018814415 -267.93309275668037
-2330.8317333478476 -861.6317798567029
1810.0980679954494 328.68389414823366
900.5895626436585 -1715.3029756080698
994.7538648672527 -3880.9956533006657
1612.8769226385746 -1899.2917511315625
163.17194902229738 207.45015751987364
-269.95834636076825 -115.65107494099777
1546.203828918003 -1106.7721767939645
899.0697598581289 -193.34428465110105
1088.3759615663164 -1189.9490672791615
-324.7065299823157 863.0404813165492
-649.3533010273653 -2189.4772207028836
-20.467104481827562 1677.6121297920756
1847.6657348637007 -2751.3675749136755
2373.496384637521 -2334.0810859491507
-2322.2183007648614 -1813.097620114663
142.14969209158616 -2121.888176138592
-2384.028066129143 391.300496967706
1029.6579168935546 -616.5401425020489
-1487.9213841863857 -467.75364205644615
-2323.62468910066 1093.1737249994767
1573.586068306696 -1890.7203816834246
-993.6986600362202 2.1914322959330046
594.8419459576374 -184.18043829035946
2114.508329277342 -1945.7991026494512
-683.5061754012794 1616.3208548777836
-1624.8376816725488 654.7118876679709
-217.75014437279336 1068.5238656062045
-1640.6596163889747 -937.8289562751094
2188.3834103463396 -2402.3860050288004
826.1708121829867 -2145.2597722919154
1680.282554213119 -832.8403626770761
-1082.3044308206834 -745.0130628853123
-1847.3376664946531 -1808.0061480291295
-887.8984831103776 -770.2618849793874
2289.9328357999016 -2699.1184432832924
-1247.285132150565 -314.31439526400743
2123.971288397937 -2273.9263609800955
573.4369398839813 -1632.4932290232916
814.7284623367902 614.4705500255714
1943.1343947362632 -4379.626714234504
-1829.7468070276143 619.3275594538084
-2708.554691271782 -1070.9712825776755
-2339.5930684437258 1560.0098630714083
480.53822490430673 2392.054823887769
379.94763776571665 1664.626120116821
736.1087035789717 -987.2524505736535
362.8111355903941 -1700.952874290523
1478.40584325474 -4060.8703001251915
2222.249680717521 -1706.1645813869554
2127.4259042565627 -4345.464981480091
-1536.732745644607 -720.2438850760136
2050.979831377423 -1194.0083793297376
-141.74131057300997 -1259.100459971062
-179.68604357899645 905.769226386165
-819.0997344508097 2069.210642774791
763.6473057481512 -798.7663500985162
2770.0467279397094 -2958.306886627333
215.6436927466296 -1903.3845291938885
-1603.9703844583062 804.610527602706
-708.3005418726153 31.457738855273906
1356.9208444650633 -4291.786151997412
-1569.851932551156 -970.4369995378343
44.735067288777046 -2066.314582498526
-747.2990579788026 -223.1732060180777
2071.8545032080547 -2251.1161919680694
-2296.7464926565463 1012.944961859625
1126.8819366021341 180.2678738572368
-2501.0116942504214 -372.5948734498489
-1897.3973569317568 -1007.6699743806599
1544.9196895152822 -437.20492710105304
1817.2352157381258 -3928.8520484722817
2073.8342292848142 -4419.579869134387
-229.34696295784408 -2000.8026767869142
-2289.5245171935085 1554.8077200480197
1710.8866165341276 -2275.337657541618
559.0210024241882 -891.4164086999928
2152.7045150152394 -1931.2500599848424
1179.7233640652976 -1810.51893250315
1964.831042476282 -4401.521067033182
-1217.0696664468624 1772.7615406977698
330.46537352846406 2379.030288903224
-2474.5769416805506 -1162.0568210007905
-834.2596688406037 1540.5203574509692
2180.0960781737513 -1714.1299041278137
-2563.653619965179 -1205.5489894522966
2542.108662185023 -2302.21932250586
-2692.3029718097523 -1183.2042732864772
2144.679590234772 -2095.391059904381
1704.7607548001258 -4196.055965650385
2050.0863830229655 -4380.076847390851
-301.8890411805244 -5.718075774368326
-465.4580708533999 -67.28203448805232
2892.756554249702 -2573.207379781159
1659.025694851002 -1102.7824621282439
390.4280809055165 -1129.2168866313352
-641.5890680170077 34.0657131971235
2054.3993006638757 -2293.071522601603
-1823.7269973367777 -1023.741308763659
-948.0024686817856 89.46957446244282
-1055.559505855503 -796.6107437645002
-736.6860627945351 2280.0480485071607
1356.6318805495105 -4234.519117036787
-1045.3033338081502 -1885.724672692723
-2402.849657070457 -1778.3465179843256
2438.0225835448546 -1284.1628641582747
-2248.0507469669883 1499.9969215385981
1893.5319854103586 -4077.0655005482845
264.66077818638234 528.5343642583715
1930.052631980231 -3924.861339123912
1695.057347008317 -2249.0028678646913
-80.62941844975857 1742.2202785032605
1535.7751033030643 -372.2855877913174
-600.7556993188027 -495.39885116540523
-702.5850361239424 270.4678238020853
224.6878357854243 1504.0026497458377
2435.3465079224165 -1741.21122712052
-1501.52993959982 -1694.6715093447117
-401.03003597975425 -1608.6847330368626
-2547.422965861544 -110.77244537211291
373.4081446847928 -2258.1436629199998
2148.4392686937686 -1661.4606991702665
-456.05037288871836 16.471706033272273
-1552.5348481255535 719.0245297895182
192.3232471490774 -1949.7807531586636
2150.577239039724 -2296.89169918528
2567.0904429342563 -1392.4048792161047
1839.6438221148221 -2120.37340703224
-1517.8926259022514 1066.1322470594403
-560.8214494211747 -29.31712218274997
2664.3863274333594 -1625.2850178122508
1638.7799996378558 -1779.0937065042187
2185.7306799699577 -4037.8418838346183
2013.114665214734 -3857.1754478848347
-752.7983209955565 -1108.6360047428157
2137.714476771189 -4050.2486771733174
2170.9966142712615 -4034.6276257699506
2666.1551872394625 -1585.6280855916912
1643.3788093089847 -3696.431398951027
2074.101641998284 -3887.6410485114134
2155.8312658349 -3945.51328681045
-1512.0917801340934 -1343.4228642944388
105.04066558765793 1490.0610897355505
1545.3238319012164 -1730.1040657792903
1153.9926684594923 -1164.220654238586
-1227.9891325740025 1386.1562534802895
-720.6944638819764 -246.13825847371385
325.1785943029192 -1830.0329271083888
145.83998217653752 -1276.073635699864
1733.7367060829818 -3321.4354790154935
-1324.0136158046284 -1876.407105261472
2013.781123784116 -3794.396436659818
2021.8577976115946 -2657.798633556269
-48.43100098650447 1780.9593545136104
2791.6673867834675 -2568.3158152696965
1676.7250985962005 -706.2154394009716
-2031.1124591217774 663.2558573009209
-728.9626961833768 -1765.9617064373515
541.3463079953985 1772.4267550390375
-602.9760902439656 -37.28221647032847
97.98507863568233 -2318.1880657973843
-1748.319128351543 1648.3976728542075
2092.4582141369965 -1248.82018247864
-2384.744129160743 -2262.8100447682596
-535.5867148736605 28.10230739248761
1362.5215668377316 -460.3388616212426
-1983.3295204478575 115.11404616893199
523.5410559923896 -1861.8652562601994
-600.6654675756764 93.78298995034183
288.756985774647 -803.8557911756986
1606.4492993543988 -1789.2019131762963
2035.0078203987346 -4113.64906347673
1665.6381928774238 -1653.3836188092546
1619.6677638551312 -1683.3979029995437
68.2333981219673 -2254.4936602011658
2507.904064410021 -2529.2939832121183
1864.6234679783163 -2211.6287870327305
1641.1735895814413 -2265.8500419648963
-1179.2716678545155 637.5964618008086
-180.09401511820346 1403.5332893242269
-1207.4568111598642 -231.4765706894336
1619.761328737915 -2301.2217328549855
1769.2926298467382 -2379.6054573576484
1343.144396822228 -1720.320673333139
-1203.42875672184 968.9293499327449
1569.9955118430184 -3737.6267207156716
-83.86585148049942 -247.7739574990282
2778.8149589063114 -1347.0665353849804
-775.4618074611869 1350.36100399267
-2809.11229680077 -974.669205016213
-2100.5487512385007 2468.8894974599666
160.57424767909072 339.5861237536939
-1947.6055191513049 -973.8353536112432
273.908260366271 -1979.0194784150717
2076.6303647638065 -1222.4856992167918
-94.88584597380145 -605.7553217155045
-2311.5013688342997 -2192.9820761778346
-2316.2702417213613 -2220.543746253935
-893.0229256665068 83.19608544533537
292.035153328367 -1874.2862469742352
-1121.1759580570038 -822.3392091736981
2506.2454181025437 -1390.5722310629387
1561.825979053093 -1693.6612230319863
1640.5638068497408 -3329.7116648783667
2002.4465950990161 -4272.437370460349
-11.670953131729862 -566.7047773844316
469.02814312020195 472.5104250697764
1923.311411340362 -2373.1621062823315
1064.5441758186087 -1533.694678038904
2143.201662084725 -4165.853706095092
-1190.4608343089562 1955.730062193931
279.7983018516386 851.295061420841
-2011.4818304013618 1070.8424014153895
-1082.1491062522227 1257.0941304441612
-56.603696168403815 2057.321572291291
-526.7431081417578 1873.8632395486109
2012.4135973066207 -4303.21368337771
346.2026987820221 -913.6345320155906
-849.913615507429 96.67331987899252
2123.756709086375 -4396.148134154539
1598.2542086229698 -1718.7693131905783
-726.7285824631924 2249.2737935023247
-43.66961640773761 984.7846417793958
-1298.236531655723 686.4304840349566
1607.9145669294137 338.46820449381073
-2542.271996997143 -964.2361285124475
405.1389905632079 -926.491594624266
2294.9690259288427 -3907.2215977339833
1982.360192017949 -1207.6408909316751
1846.1814242107862 -4026.6931061129835
601.5725060053169 -763.4094284319882
-1813.0611372470012 -1992.8161124777102
286.07480609588714 769.840186797226
181.1644448342433 1370.48728876331
-850.7695951251895 1298.1447038475771
106.41179707154815 380.0037816978883
2193.5957395102796 -1665.5912615696823
-2607.4086211891386 -486.67383621089994
-869.8355145407648 158.22335175744362
-1539.7924828168464 -1297.3370827675683
-1602.2944626314006 -1157.8532931296556
1065.778916424632 -1585.447661436262
1968.6089127153443 -2405.925439619854
-106.00599411204439 1713.433810092672
-2405.0639530256176 887.8441489959246
778.5651568340325 -1242.4917249536456
-526.6077650154789 1845.231700597528
-2365.3225531121907 -1031.4400186876915
-581.8364381163693 55.352982197605634
-2166.110610569168 -2030.2056999496579
430.53347600769945 -1103.6435362479003
-465.30871160573776 2581.231924986137
277.65567531989865 -2340.2223271387925
1371.3766159132138 -262.0565079868012
-1514.4790751943888 -856.6678334659456
2140.397550307056 -4388.337558978188
-722.6643119000865 1390.3267576009841
60.489086857773955 -473.75896795700623
966.4067388842229 -1129.018839682793
-1278.7339126871846 -908.0960987449603
402.4516310170461 -2178.6735188615357
-2571.4589014127428 -1015.0729711683206
-2418.531224058529 221.49494190466615
-18.299990420720956 -2018.2409538783588
-1432.2663528565033 -411.2500586484307
2939.7875546105383 -2360.3716331154656
-1414.8920771835917 -1753.6145466849844
1547.4344536601245 -2159.5946582930114
452.342898750674 -1949.300492051968
348.75291381809984 2455.1264591709883
-608.2025180415517 1050.7345367712203
100.8733351287399 -505.45048066067176
1923.1368823472694 -2138.587562949593
-630.4075068043128 -1255.4642552771666
-891.8309469862454 -969.6181151171322
1726.0617901764638 -3748.791222226194
2915.145170186836 -1737.192518064319
1279.50011716275 -1145.837114478175
1252.5959242782756 -859.6681827713069
230.68771372756547 656.074119046609
-537.3960677413469 1429.9957824928815
828.5186772715568 -1425.0012581193444
-388.00064864327527 556.5056378860459
1440.7385855456712 -1009.3995053185512
-583.768980692131 1897.744345822529
399.85786188562986 1397.1441358192926
1757.1115129508908 -4070.186768680301
-853.0461276006043 -1275.5400486014619
-756.2214700236053 -1010.6423883317665
1555.449276799063 -3379.7886020431024
-311.98305523894624 -1359.25157058456
1167.8899816500616 -995.6402978066343
1674.763840715506 312.4440991238118
-2525.1494442873213 -453.13521539721876
-2346.531804097112 754.9467941324282
923.2785208912533 -3911.1663935730007
-414.40229273261076 -478.8481707536603
2720.4356003320104 -2449.809265325189
-1855.883398032951 -2063.5599812743585
637.2436411276619 384.33026286693814
1994.1139937091789 -1404.6986812925832
1579.1422359023566 -1623.073566084279
1087.144301644363 -2139.267180025531
79.9184450210058 -1038.597016225355
-2546.4238898093236 -517.138984495217
-943.0466720817718 -1530.4855897777152
186.27539924230996 -512.6402965011519
405.8145192728812 -863.7145300351904
-661.0438725379469 -608.0957393264957
352.17506198059306 -1732.9550106488166
482.34203143406114 -1864.3184187613265
-424.1636503322239 1142.155379369725
-2586.669043984444 -514.0798266676661
-2411.8547605755903 -946.9236909133424
-1755.2206807987168 -1982.5525146819273
1889.774053748701 -4305.061685386698
-397.5565138768035 1531.058786691849
1693.7142733111116 -2374.5587126457217
807.6522928007762 43.973925607797966
-2447.8607152666036 199.2912133084458
-555.1814336110986 -585.4266076460408
2524.7969975531028 -1371.7376838500584
-1804.9626456855362 -2240.5601069271956
56.55097490633949 -673.1139693611839
-2176.38125178284 265.91630711873785
-1866.5768018105002 524.3948399028454
-817.1795973679142 226.82200743219394
-1216.1205319116414 -870.2717025634295
76.83626582765197 2268.468296419787
1508.3262760012897 234.34472238342792
1820.34661059593 -171.22688063036506
-1399.746033297998 983.154317351035
-1258.4141864709927 -849.6044541068084
317.8281498017659 -1931.3966585630383
405.77783576268564 -1658.842515788632
1913.206268643351 -2313.7536358483103
152.98929565210707 -528.2604823335257
-628.5014328647653 2227.8453589202945
2879.252134167021 -1620.6747597041285
1586.5109092980024 -108.77436715952129
412.4757319134498 -619.1903572279468
629.9030036334415 -1541.844157710233
436.9611320574548 1022.9441966649699
2072.96817856995 -4247.778960390874
1035.004779764441 -909.4471160765839
81.64484451518955 -587.0617953622268
153.8787682643976 712.8729596042238
-966.0853669027204 -1634.1473048321552
843.8034846984085 76.13029516365127
848.3232920867698 -250.91868225683697
-940.5027174179583 -2045.8767872176031
1646.7260079690807 -2793.338257804374
-532.8119596786738 -544.5433262080024
-852.6244854502037 -1361.438072862884
-1636.7156634251942 -1739.545709131171
801.6484503314838 68.16528755029417
-781.8969568284709 -776.2251119707906
20.454200528509798 707.6573657787327
-566.9807560783264 -1183.4948785956108
1651.6139534097933 -586.3293425609735
859.869982734263 -1214.4653011834207
1881.19470053321 -2587.069933795862
-2805.1141263144577 -1982.332190210229
142.96197841312 944.0706019900531
-2282.555044708396 918.322627923174
1363.6302155216783 -689.3968273025603
1493.3733991158902 -3915.405094706064
2851.206443013646 -2901.646799299433
409.9077312141874 -1900.0003658377884
-1151.549317718841 -2028.4385756853294
509.3082850283778 -1561.2994190490933
-797.4155112777523 605.7774459182555
1183.8553995478705 -3436.0144110579113
956.165410698311 -1040.978633579716
1225.2667822700905 -281.665995243112
174.89591377425427 422.26787223936026
62.13848520193902 -611.4084615513385
-2614.766699378076 -2178.307730729192
-2298.9351846766067 1882.9236105783527
-457.51098746108295 -492.3255394034932
746.9558309873748 -188.76235651882232
1107.0448836086937 -993.8076321424502
1453.243053431103 -1761.5000994477825
504.2317751695936 293.21859181486695
-1513.793733075792 824.9811421925299
1942.7012168663077 -4293.726225664343
-500.5562069715545 701.1883131953465
1667.9355887713352 -3701.788498908002
764.3069257731091 -1737.0562929567197
497.3260400299907 -1718.8567427257556
1615.6024395369227 -647.1181951644207
-613.6546031869956 754.4629586835752
988.6361608108963 -1059.5029935302878
-261.0719842324985 -1536.2495970879613
1474.6564421996593 -1726.12865274883
-1213.5277137123949 1234.2709927726912
-436.8431755888571 -1108.9173867284521
1276.554190572374 -132.68315997749687
471.7618211610705 311.74278078017215
303.4713888185944 -601.1312570276659
-1788.112402026049 -1082.9943276338881
1039.06454464058 -532.7861725274267
268.6241188026483 316.0148377066905
327.83557908633105 245.8937129035468
1623.2624497542715 -2015.9654132454395
324.0524351930896 -1600.971150586709
1431.2973544456709 -1888.2818569397132
-240.4138816580904 -945.8343029112953
1667.3238882375385 -1996.97548345566
1578.6366622247126 -713.4192762503451
608.0684736154597 -1491.317693754932
1348.5715454064798 -4192.717944070754
-269.44791854400427 593.5675688518945
1680.486172825153 -1479.2902618097328
-379.51614461678156 16.936827894114945
-296.52970529551766 -504.562299946148
-1.1932776188594574 2377.0170288856166
-1299.0643966041055 1681.9611907156482
471.2730624193006 -603.4150906791322
-2261.010368964346 1748.8013922391535
-1964.113628439419 402.6626111672353
-7.236319778222145 547.8064145870092
-1884.1501493102353 -1107.806725047455
-316.0360645286599 -528.908966178969
1540.8337760568702 -1814.9305851737554
227.6913312082396 462.23407918425295
-2740.028013942472 -2048.014479220829
-95.85870786327233 -405.32898114566876
-1169.4620562794937 1253.26000193703
2781.880717218506 -2772.115268077739
806.984951145985 -224.73943548139798
-272.8612245164026 691.5590416396417
767.7649307273008 -2040.9919888907377
-2423.164055937944 -1041.7033886272704
-1964.9300523119157 368.51829812586885
1495.9082179950483 368.6230111683888
1273.8052642288937 439.95681515668804
-2.7008282902476863 2280.0990627769984
-4.880492427253125 2326.3377801690954
1296.6263487232138 -428.80248643425205
-696.2766494669185 2660.2200176471624
1597.7441429841188 -3400.4560968174465
2166.407460663745 -1322.1563673137464
1075.5286003149363 -969.7710880726369
1928.7885622694328 337.11374554581124
2042.5466181972802 -4246.862852270401
16.11632486009938 -2231.6834204898323
2405.830633871429 -1322.9033481797808
256.89311071352824 1748.6747306020195
1797.2118229727043 -4044.6123129306093
1050.9349869471241 -552.5369406414972
1678.8537042305802 483.16397021946506
-1515.030506334476 1494.5380832836336
-310.98558892803 -558.6127525864
-513.4015225217596 -903.4427397956212
305.8814620996469 1972.5243373195465
846.2055337486673 -2029.5019360582073
-2378.1106106859334 -2018.2798776409516
1500.6523167651185 -2223.7542784626607
224.59003088804275 -1527.789618862407
-418.33918427951795 -678.203438934827
139.99760462083339 2191.765102170414
1174.0303023108886 -2049.5338747253
-2.894560338071864 -1958.6772502195563
-229.75103719374567 1528.7741213587099
2819.792996857481 -2700.3002820841457
1655.7894948043015 -1445.3006251276436
-627.565087639689 1821.492507729116
-115.76392748918306 -549.7171007749397
551.0253210206251 1592.9827745944795
815.947418492023 -1262.087539876586
-2212.9879552556827 1761.206825721916
-1308.0344661539934 -1136.2406440841091
-930.3046821266844 1515.7095335659883
-864.4108606721937 1484.1734647713615
1337.8722612922088 -2045.2334734939639
2243.6238427344006 -4233.524144970888
1136.2872578555236 469.95663582818264
-2589.867396929904 -1857.6766561020168
495.92118195060107 -1432.53013912517
370.9714630463664 -2360.5793350467056
1353.8104560412191 -1894.2595609313469
1138.5557413455858 -2018.9134275033316
744.8777037732884 652.5902404034877
342.14463868949514 946.3817461702168
2868.448218390097 -2419.1740517305943
-2788.7628834936686 -1122.1185298059345
1008.3150742061812 -2270.8008984682724
1034.1350744120616 -3712.2543143030002
338.36261719177537 2159.932197640694
-908.41752777404 -2184.4454864242502
389.07653590135277 775.9721766983137
803.5684692288528 -126.74727186119043
1586.5518800138714 -2728.7275581342224
1539.67149675884 -2970.1981825366665
-2004.2327348860226 583.0267573253026
907.2405460655802 -1470.7765912163784
-2237.780284016286 382.2778745526363
1421.4732339573482 -679.1337793612319
-540.0293468359704 -674.538110558154
1036.4510978114606 -1607.6517569315083
-570.8222048620834 1237.0736537098705
2704.996588241319 -2303.4311901184537
2315.845719830475 -1783.7867414209074
-678.7050952761356 2261.678990818943
-862.9112225326128 1375.1586608148018
949.4848120187916 -1079.5640679678518
561.2057458985554 -1938.7267059393348
182.2891141516742 2171.0983231836476
-1733.3835661498085 -2033.0795427605788
1618.7433502974636 -687.8462094880053
1332.4869191817206 -3725.8566472012362
-577.4478199604 -1450.070401888936
-30.41871116975021 -2147.16648694464
960.0057649613487 -1224.8693016080165
-795.2439075421958 1177.3440141978715
-573.9596578820873 1071.8664073204266
716.7659734338972 -1246.1713269895215
-1663.5931454872982 960.6274181322748
1281.6099446118758 -3754.800556747018
688.1659784635924 -1617.4787610100143
-1051.5890899320807 1433.4802988252154
1167.1361054163776 -28.727754056424534
-643.0630410072498 -1475.7991358654576
879.0962769749855 -1132.8535116876074
473.1165557387299 1261.0341487674912
-1472.5191920215452 -1409.259728778686
-2259.142000092454 -2067.114732718948
982.148645050217 -125.66205688298136
-2118.274972884602 424.85239667960684
330.28722469149045 348.32613825504836
1371.8704042642516 -3557.115801179121
-2486.545064900174 -2114.7531182299535
-827.9851684656733 1459.0659232311816
1664.8171994533827 -68.65300733277749
-648.0357556800489 1585.7013049504442
-848.4495302148081 1429.2078446738808
315.96575109406615 265.64434801732847
1779.1376666422295 32.25662207972522
-2243.53706019075 2202.621740174363
934.3549116277118 -1196.3919097517444
-896.4622084159637 -1025.811826004967
853.3425194510735 -2282.7565775239573
441.47568417891586 -1334.846711954893
2515.0802886831357 -2193.3558122540057
-445.8365607053076 1987.7825861445262
2573.793748262575 -1559.7588713476796
1397.2374721174795 -3528.327264122181
1601.5307120757593 -2583.2647766786145
1662.1143528223993 -525.6955949524853
-76.91596440547664 -2268.592277657401
1291.2889841067133 -3728.3100525596446
-383.46414154803733 -1389.421059006841
1746.2816963067185 -3867.6102294018356
1476.8068137995378 464.31646521073844
1134.413208353677 -364.81336776746053
1096.4921099131027 -436.62644908853457
2422.0461493818657 -2230.264270883822
400.1384909051658 310.2063381839039
-64.65660455995895 -2168.2994388329084
-865.2078646921616 -1993.6576750474699
2374.057463896106 -1447.5412201398203
840.5585643833856 -1679.3254943686427
1271.7360803723268 -3546.7121375214588
-114.86574044321706 -2134.464613664177
-622.1184356331216 1294.027247120101
2227.1270508023235 -4269.968141444247
-613.1725122533772 -1568.1258525262801
1355.7998216324204 324.82269359634205
1683.3702381859323 -49.81877747473111
-410.38365059651375 1339.363351330189
830.37887628697 -1002.097261574708
1601.545812066251 -581.1272857549952
-2487.641239190457 -2091.6323778873634
888.2883523765627 -2404.7881131232457
-545.4241103697093 2089.5934331199282
1736.5883227688723 -301.6853196486882
-2419.97839170977 -2083.511560569351
258.5436533872087 2022.8939899133002
1500.1847622614462 -3316.2489511874933
1565.243361264917 -2586.7894324995814
1145.1620285810754 -2363.57872402312
2171.9943098939707 -1260.4507246040964
334.51183206607317 490.4146103728574
-401.1073372644903 1245.8132582914468
157.86694737350697 2147.824053156886
-103.05788783417977 -741.262249011916
1430.952665721274 -3009.405401898398
-1610.2563281359478 1503.8709662897493
-233.4125675035717 2095.892762810105
406.4466783887563 -2391.199925580502
-216.36315426958052 2017.8081671755897
-1404.1502330087949 -1544.3030065677306
-980.369376461129 1726.8453378558365
1411.3518023431914 -3211.0638813502937
2458.3652760084215 -1431.6107092870313
153.0902562144064 2120.2640848053125
1436.862300140395 -3210.9086374516173
2205.2800329172746 -1244.8304570102896
403.2882206004776 1916.952448610474
-842.8528885232954 873.1078357765031
-2249.639457669211 -1010.9132972407959
1256.8586680889175 -3514.8646023034626
48.727111471491796 2194.5147273818693
-190.30236683850268 -2158.050789951723
