12.5 1.6333757291303193 0.3620984317899575
37.5 0.2529163085133379 0.145840150369517
62.5 0.39200372021859353 0.1205814260894668
87.5 0.15182699792510912 0.09253541931825199
112.5 0.11543161982892586 0.08092370208061045
137.5 0.16405444426050564 0.07457492025261336
162.5 0.03849642275365697 0.06430466702816183
187.5 -0.013172927607499135 0.05883860079045862
212.5 0.15282603860757882 0.05915393490211488
237.5 0.05406014968555345 0.05347544607619244
262.5 -0.004731238765535509 0.05050645879424587
287.5 -0.008139591984561906 0.04727403792920516
312.5 0.02184395428808035 0.046646105072718796
337.5 0.04035262427785968 0.04535507257128914
362.5 -0.02393933061939997 0.042319220285888096
387.5 0.03147217236634778 0.04219443641636687
412.5 0.05548069697116556 0.04156098953432403
437.5 0.03160467013440843 0.0399409756676316
462.5 -0.007940393652875688 0.03819203765924792
487.5 0.04812976118350913 0.038003117952213124
